$SPEC_ID:
No sample description was entered.
$SPEC_REM:
DET# 1
DETDESC# DESKTOP-PNQJTCJ Easy-MCA-8k SN 09161357
AP# Maestro Version 7.01
$DATE_MEA:
03/09/2017 11:20:29
$MEAS_TIM:
1983 2027
$DATA:
0 8191
       0
       0
       0
       0
       0
       0
       0
       0
       0
       0
       0
       0
       0
       0
       0
       0
       0
       0
       0
       0
       0
       0
       0
       0
       0
       0
       0
       0
       0
       0
       0
       0
       8
     103
     828
    1781
    3752
    3586
    3626
    4404
    4851
    5262
    6872
    9326
    7092
    7045
    6389
    3962
    1916
    1335
    1520
    1822
    2424
    3377
    4236
    5951
    8496
   10719
   10548
    8528
    6285
    4290
    3341
    3600
    4404
    4951
    4629
    3704
    2560
    1672
     833
     385
     364
     299
     321
     307
     340
     384
     417
     447
     516
     526
     492
     400
     428
     326
     344
     363
     406
     363
     387
     378
     366
     376
     368
     388
     382
     416
     432
     433
     456
     472
     548
     523
     585
     645
     713
     853
     837
     905
     943
     982
     966
    1083
    1106
    1315
    1413
    1630
    1812
    2401
    2907
    3516
    4376
    4994
    5219
    5389
    5194
    4470
    3975
    3737
    3804
    3679
    3729
    3734
    3729
    3854
    4086
    4322
    4402
    4742
    4991
    5099
    5520
    5607
    5907
    6999
   15104
   47819
   97410
  126800
  189605
  237453
  142316
   35121
    4076
     649
     493
     485
     462
     498
     496
     511
     490
     512
     500
     473
     505
     525
     501
     515
     525
     569
     550
     541
     601
     563
     533
     548
     585
     596
     539
     562
     665
     647
     720
     750
     769
     624
     714
     851
     969
     911
     739
     715
     674
     743
     765
     700
     702
     658
     613
     674
     633
     673
     659
     630
     677
     640
     682
     691
     678
     658
     669
     659
     737
     775
     760
     746
     676
     696
     665
     751
     710
     721
     667
     615
     695
     645
     688
     670
     677
     649
     671
     670
     620
     655
     681
     695
     642
     674
     656
     693
     672
     625
     652
     653
     705
     711
     764
     667
     756
     951
    1321
    1086
     826
     740
     687
     700
     737
     711
     725
     907
    1201
    1172
     846
     734
     691
     629
     623
     617
     656
     675
     639
     655
     663
     638
     693
     618
     650
     661
     642
     658
     618
     640
     616
     637
     653
     666
     623
     631
     642
     689
     635
     649
     616
     637
     651
     651
     648
     634
     689
     664
     683
     693
     649
     605
     529
     529
     504
     567
     578
     524
     550
     590
     574
     592
     518
     511
     575
     602
     703
     580
     532
     516
     544
     513
     466
     522
     480
     536
     525
     530
     542
     511
     538
     488
     525
     498
     511
     502
     522
     487
     471
     504
     491
     484
     496
     473
     472
     436
     462
     456
     477
     475
     497
     490
     520
     447
     473
     480
     433
     458
     421
     462
     448
     452
     448
     455
     476
     447
     414
     442
     455
     457
     488
     436
     396
     414
     437
     441
     404
     436
     418
     454
     428
     420
     395
     404
     397
     402
     424
     406
     373
     436
     453
     400
     410
     375
     372
     408
     371
     398
     393
     370
     361
     349
     400
     376
     371
     386
     410
     356
     353
     391
     371
     398
     386
     360
     351
     360
     368
     360
     341
     325
     383
     375
     348
     361
     365
     352
     316
     391
     334
     343
     357
     332
     320
     344
     337
     326
     353
     339
     304
     302
     306
     338
     340
     385
     319
     336
     345
     316
     303
     302
     328
     327
     289
     323
     322
     300
     323
     269
     332
     288
     326
     302
     306
     309
     290
     290
     311
     276
     280
     297
     324
     327
     317
     304
     299
     271
     277
     289
     286
     281
     275
     290
     272
     265
     290
     279
     294
     253
     294
     287
     260
     265
     260
     239
     277
     258
     273
     281
     280
     254
     249
     280
     258
     252
     288
     260
     268
     234
     260
     264
     264
     251
     260
     261
     230
     245
     249
     237
     244
     262
     241
     246
     255
     243
     230
     242
     254
     254
     262
     245
     262
     254
     257
     243
     222
     235
     254
     241
     229
     242
     214
     209
     215
     230
     221
     223
     236
     192
     230
     219
     220
     223
     232
     236
     229
     203
     238
     172
     224
     212
     211
     216
     235
     192
     212
     208
     220
     218
     190
     238
     201
     224
     215
     228
     192
     221
     224
     211
     185
     203
     215
     207
     203
     206
     185
     204
     213
     216
     188
     214
     213
     181
     187
     210
     190
     205
     203
     210
     197
     202
     188
     191
     177
     200
     217
     286
     446
     548
     390
     235
     203
     161
     203
     198
     229
     223
     216
     204
     150
     171
     147
     162
     178
     182
     178
     165
     164
     159
     180
     165
     153
     169
     156
     155
     161
     164
     150
     156
     175
     138
     170
     150
     153
     168
     155
     153
     141
     142
     159
     152
     149
     157
     156
     170
     146
     139
     155
     140
     148
     156
     163
     142
     157
     136
     138
     155
     133
     158
     161
     124
     135
     136
     123
     133
     138
     143
     135
     124
     138
     145
     143
     125
     121
     133
     156
     150
     160
     146
     184
     164
     135
     132
     145
     137
     139
     124
     124
     128
     129
     130
     127
     122
     124
     126
     137
     124
     131
     155
     135
     121
     133
     129
     127
     133
     138
     127
     112
     132
     125
     128
     144
     120
     123
     128
     106
     117
     113
     106
     124
     104
     104
     119
     116
     148
     110
     115
     100
     141
     114
     125
     137
     113
     126
     108
     126
     129
     122
     121
     113
     140
     139
     210
     234
     218
     149
     125
      95
     109
     121
     109
     109
      97
     120
     133
     140
     150
     140
     117
     107
     105
     126
     110
     114
     109
     114
     106
      96
     118
     116
     104
      98
      99
     124
     108
      96
      93
     100
     106
      84
      86
      88
     110
      92
     104
     110
     107
     106
      96
     100
      94
      83
      71
      84
     101
      90
      77
      96
      87
      88
      95
     100
     105
      85
      94
     105
      90
      95
      76
      84
     103
      88
      70
      83
      81
      96
      97
      89
      95
      96
      82
     106
      82
      93
      92
      83
     106
     119
     110
      89
      77
      98
      75
      91
      84
      89
      96
      86
      84
      78
      83
      78
      85
      79
      72
      87
     101
      95
      96
      77
      76
      93
     120
     163
     146
     120
      95
      79
      81
      95
      95
     104
      80
      84
      98
      67
      76
      80
      70
      66
      80
      84
      95
      80
      66
      94
      91
      67
      79
      79
      77
      83
      84
      77
      80
      75
      98
     177
     273
     300
     213
     117
      86
      81
      69
      77
      74
      62
      62
      87
      70
      88
      71
      68
      68
      75
      61
      79
      73
      68
      76
      77
      67
      67
      70
      71
      66
      64
      77
      59
      64
      88
      74
      79
      70
      75
      68
      81
      66
      58
      69
      68
      61
      55
      68
      62
      62
      70
      76
      67
      62
      61
      62
      68
      74
      68
      57
      63
      63
      75
      57
      71
      74
      62
      69
      57
      63
      85
      54
      76
      63
      68
      63
      82
      48
      69
      61
      65
      67
      67
      63
      69
      73
      63
      73
      65
      65
      67
      62
      54
      63
      48
      72
      67
      65
      82
      71
      63
      60
      68
      66
      67
      57
      46
      60
      66
      60
      57
      55
      49
      51
      61
      53
      64
      59
      52
      49
      53
      64
      62
      62
      73
      59
      64
      61
      74
      52
      45
      62
      66
      56
      59
      46
      72
      64
      69
      50
      57
      50
      61
      44
      57
      47
      50
      45
      71
      65
      58
      73
      54
      71
      57
      68
      59
      57
      58
      56
      52
      52
      47
      57
      55
      58
      60
      67
      56
      56
      51
      55
      52
      51
      60
      61
      49
      55
      61
      48
      56
      43
      57
      43
      60
      63
      59
      45
      48
      63
      61
      49
      60
      56
      40
      50
      47
      59
      51
      46
      62
      43
      48
      58
      42
      37
      45
      51
      43
      58
      60
      62
      49
      51
      51
      56
      55
      58
      46
      47
      42
      59
      50
      66
      54
      63
      37
      56
      52
      55
      48
      49
      45
      58
      41
      58
      43
      53
      44
      44
      45
      39
      48
      43
      54
      43
      51
      54
      46
      48
      40
      42
      45
      58
      49
      50
      50
      34
      48
      58
      59
      48
      48
      39
      56
      59
      45
      40
      46
      43
      36
      47
      54
      56
      42
      42
      48
      41
      47
      51
      34
      39
      49
      42
      62
      54
      75
      70
      50
      71
      41
      50
      45
      39
      44
      61
      48
      37
      48
      54
      45
      58
      44
      38
      45
      65
      43
      42
      54
      45
      38
      41
      57
      33
      58
      52
      39
      35
      52
      27
      53
      42
      38
      36
      46
      36
      47
      50
      50
      38
      48
      42
      38
      53
      41
      37
      52
      42
      55
      37
      42
      27
      47
      48
      44
      33
      55
      41
      45
      44
      60
      60
      43
      40
      41
      36
      38
      50
      34
      51
      45
      33
      27
      38
      47
      42
      44
      37
      53
      48
      43
      32
      45
      35
      38
      43
      45
      31
      47
      39
      32
      44
      40
      38
      42
      59
      35
      41
      49
      35
      39
      39
      39
      38
      40
      49
      32
      34
      35
      38
      46
      33
      33
      27
      39
      47
      49
      91
      73
      83
     101
      76
      66
      46
      62
      40
      35
      38
      43
      35
      42
      30
      28
      36
      40
      45
      45
      40
      37
      33
      36
      55
      39
      30
      32
      46
      43
      38
      35
      38
      26
      30
      43
      43
      35
      35
      45
      23
      31
      40
      29
      31
      42
      37
      41
      39
      37
      34
      32
      46
      28
      33
      40
      27
      45
      33
      38
      29
      33
      34
      33
      35
      28
      33
      34
      39
      42
      36
      29
      36
      28
      37
      25
      29
      24
      43
      41
      36
      33
      29
      31
      35
      37
      40
      38
      36
      36
      35
      31
      37
      43
      31
      42
      39
      29
      34
      37
      34
      46
      31
      37
      41
      43
      26
      39
      39
      38
      41
      38
      36
      33
      37
      36
      30
      28
      33
      33
      43
      32
      34
      32
      24
      32
      27
      35
      38
      36
      29
      29
      36
      33
      30
      31
      36
      34
      32
      37
      36
      34
      30
      26
      33
      31
      25
      33
      31
      27
      31
      29
      41
      41
      33
      24
      34
      35
      36
      42
      31
      38
      31
      17
      18
      32
      26
      28
      33
      40
      40
      31
      30
      26
      34
      37
      26
      30
      40
      36
      39
      41
      46
      23
      38
      58
      72
     152
     153
     141
      80
      48
      38
      36
      27
      24
      27
      37
      26
      25
      35
      29
      34
      22
      30
      33
      38
      25
      26
      23
      27
      33
      18
      35
      30
      29
      35
      21
      30
      24
      28
      21
      27
      24
      29
      26
      18
      29
      38
      27
      41
      26
      28
      31
      35
      29
      33
      32
      26
      36
      38
      32
      27
      29
      29
      31
      33
      32
      28
      29
      30
      40
      48
     103
     170
     250
     208
     136
      67
      42
      33
      27
      35
      24
      30
      32
      32
      31
      25
      18
      29
      24
      26
      30
      25
      29
      26
      24
      31
      34
      25
      17
      22
      21
      25
      22
      21
      33
      32
      30
      24
      28
      27
      32
      30
      27
      25
      25
      23
      24
      13
      22
      21
      29
      35
      19
      32
      22
      30
      27
      23
      23
      25
      25
      30
      23
      29
      24
      27
      21
      24
      28
      31
      34
      22
      37
      23
      26
      24
      33
      25
      26
      29
      22
      26
      29
      23
      20
      27
      28
      25
      25
      24
      23
      28
      30
      22
      27
      27
      32
      30
      14
      26
      28
      21
      24
      28
      22
      18
      26
      27
      21
      19
      24
      30
      26
      23
      24
      28
      24
      29
      33
      27
      21
      19
      21
      31
      23
      26
      26
      25
      29
      29
      21
      13
      23
      23
      28
      20
      37
      25
      43
      32
      28
      24
      20
      32
      31
      31
      28
      35
      20
      38
      31
      27
      28
      22
      28
      22
      29
      23
      17
      22
      22
      19
      25
      21
      19
      18
      23
      15
      27
      20
      32
      17
      29
      15
      22
      15
      25
      21
      23
      27
      23
      23
      23
      24
      33
      18
      33
      24
      15
      26
      37
      27
      26
      26
      21
      24
      19
      28
      24
      25
      27
      26
      22
      26
      26
      25
      17
      20
      15
      26
      27
      27
      16
      24
      15
      23
      27
      27
      28
      30
      26
      32
      19
      18
      21
      22
      29
      20
      19
      23
      27
      24
      19
      21
      27
      21
      22
      17
      20
      28
      18
      24
      28
      25
      19
      28
      29
      28
      26
      19
      25
      22
      29
      26
      21
      32
      26
      25
      30
      17
      25
      20
      21
      24
      19
      20
      24
      22
      24
      19
      18
      18
      22
      29
      24
      25
      18
      30
      22
      20
      22
      27
      15
      21
      21
      26
      23
      23
      21
      25
      26
      29
      26
      21
      27
      24
      21
      19
      16
      14
      27
      26
      28
      31
      52
      48
      34
      37
      25
      25
      22
      18
      28
      20
      22
      20
      22
      16
      24
      21
      22
      15
      13
      26
      22
      19
      25
      19
      14
      29
      24
      19
      30
      22
      21
      25
      18
      27
      24
      21
      21
      15
      28
      16
      32
      20
      27
      27
      21
      16
      18
      23
      18
      18
      27
      19
      22
      31
      33
      12
      27
      19
      25
      14
      22
      12
      12
      23
      11
      20
      18
      21
      27
      22
      19
      12
      31
      28
      24
      11
      21
      18
      22
      22
      26
      21
      20
      25
      21
      17
      15
      19
      15
      17
      21
      15
      26
      15
      19
      27
      27
      25
      17
       8
      21
      27
      32
      21
      24
      33
      29
      43
      25
      33
      29
      19
      27
      13
      25
      23
      20
      22
      29
      13
      17
      22
      19
      17
      24
      29
      14
      25
      21
      23
      30
      19
      22
      14
      18
      23
      16
      30
      27
      17
      18
      21
      20
      28
      17
      13
      23
      17
      15
      20
      28
      30
      30
      32
      25
      14
      19
      24
      19
      14
      19
      23
      24
      12
      14
      22
      15
      18
      23
      21
      21
      17
      30
      32
      42
      35
      24
      18
      19
      17
      17
      19
      22
      19
      21
      17
      13
      21
      19
      10
      15
      17
      17
      19
      15
      17
      23
      18
      15
      16
      13
      17
      14
      18
      28
      25
      11
      16
       9
      18
      14
      11
      23
      10
      17
      11
      16
      22
      20
      22
       9
      17
      12
      17
      13
      19
      29
      15
      15
      21
      16
      16
      17
      16
      11
      12
      18
      19
      13
      24
      19
      17
      22
      16
      20
      18
      16
      14
      16
      22
      15
      17
      21
      14
      13
      17
      15
      16
      19
      16
      20
      24
      17
      25
      15
      25
      12
      20
      17
      19
      21
      14
      19
      12
      13
      22
      14
      21
      30
      28
      21
      25
      21
      19
      11
       9
      20
      20
      21
      24
      24
      19
      20
      15
      13
      16
      12
      19
      16
      12
      14
      16
      26
      12
      18
      14
      19
      21
      20
      19
      10
      19
      24
      15
      11
      19
      21
      22
      13
      18
      15
      15
      15
      24
      22
      18
      16
      21
      15
      18
      11
       9
      23
      19
      17
      15
      18
      20
      23
      13
      22
      30
      28
      35
      28
      16
      18
      18
      22
       9
      12
      21
      13
      12
      16
      20
      20
      18
      20
      12
      11
      27
       9
      17
      22
      14
      26
      16
      16
      14
      10
      15
      15
      12
      16
      14
      17
      25
      10
      18
      22
      16
      13
      13
      13
      13
      12
      16
      20
      12
      21
      12
      14
      12
      17
      16
      19
      10
      23
      11
      14
      21
       9
      19
      20
      14
      19
      17
      13
      18
      15
      13
      17
      10
      19
      22
      11
      11
      13
      14
      18
      20
      10
      15
      14
      17
      21
       8
      15
      15
      15
      19
      14
      22
      21
      11
      20
      18
      16
      11
       9
      20
      19
      13
      22
      14
      13
      16
      18
      16
      17
      19
      17
      17
      20
      20
      25
      17
      14
      18
      18
      12
      22
      20
      18
      11
       8
      19
      18
      25
      44
      70
      88
      88
      86
      58
      30
      19
      14
      14
      14
      19
      19
       9
      19
      12
       9
      14
       8
      14
      11
      14
      13
      15
      12
      14
      21
      14
      16
      18
      16
      21
      12
      14
      12
      18
      18
      14
      22
      20
      14
      21
      15
      19
      14
      13
      16
      14
      13
      16
      18
      13
      14
       8
      15
      12
      19
      17
      19
      27
      22
      26
      18
      22
      20
      15
      15
      15
      15
      20
      17
      16
      17
      24
      13
      15
      10
      21
      15
      19
      16
      10
      15
      10
      19
       7
      24
      16
      15
      24
      22
      11
      10
      18
      20
      20
      10
      15
      23
      10
      24
      22
      18
      20
      18
      24
      14
      14
      18
      18
      20
      16
      21
      14
      16
      21
       7
      12
      18
      11
      12
      17
      15
      13
      16
      11
      13
      14
      17
      11
      20
      10
      24
      16
      12
      24
      20
      21
      25
      35
      33
      29
      26
      20
      22
       9
      17
      24
      30
      41
      60
      49
      63
      38
      36
      22
      13
      15
      14
      20
      20
      14
      15
       9
      19
      13
      14
      15
      12
       8
      18
      24
      14
      14
      14
      14
      14
       8
      22
      20
      12
      16
       8
      22
      14
      16
      18
      10
      11
      16
      21
       8
      21
      19
      28
      20
      12
      18
      11
      13
      15
      14
      10
      16
      12
      16
       9
      11
       8
      11
      15
      12
      15
      20
      20
      17
      23
      19
      16
      12
      22
       8
      22
      15
      16
      11
      11
      19
      20
      16
      22
       7
      12
      14
      16
      14
      13
      11
      15
      13
      12
      18
      13
      11
       7
      17
      22
      20
      13
      12
      14
       9
      10
      12
      17
      19
      13
      14
      17
      15
      14
      18
      12
       7
      20
      16
      16
      17
      13
      11
      16
      19
      23
      25
      16
      16
      12
      17
      10
      18
      11
      19
      15
      15
      12
      16
      19
      10
      13
       9
      15
      15
      17
      17
      21
      17
      12
      18
      12
      12
      16
      17
      14
      10
      13
      13
      15
      10
      14
      16
      14
      14
       8
      12
      13
      12
      15
      19
      19
      10
       8
      14
      15
      12
       9
      12
      18
      12
      13
      12
      11
      15
      15
      10
       8
      12
      10
      14
      11
       7
      10
      12
      14
      10
      13
      10
       6
      17
      21
      13
      12
      13
      15
      17
      10
      12
      18
       9
      16
      17
      16
      17
      13
      14
      15
      11
      11
      14
      15
      15
      11
       9
      19
      14
      15
      20
      20
       9
       8
      11
      16
      10
      17
      17
      10
      12
      22
      17
       7
      15
      12
      12
      20
      12
      13
      14
      24
      17
      14
      10
      13
      15
      14
      15
      15
      17
      11
      14
      14
       9
      14
      18
       8
      12
      13
      16
       7
      12
      15
      12
      12
       9
      10
      13
      17
      11
      16
      11
      12
      16
      10
       7
      12
      16
      12
      11
       9
      13
      14
      22
      10
      16
      11
      21
      14
      13
      17
      19
      12
      20
      18
      13
      12
      14
      15
      13
      16
      15
      16
      14
       9
      19
      13
      13
      22
      11
      13
      12
      17
      19
      11
      20
      14
      15
      12
      11
      11
      12
       6
      17
      15
      15
      10
      17
       8
      17
      14
      12
      15
      19
       7
      19
      16
      10
      13
      20
      13
      13
      12
      12
      17
      18
      11
      19
      18
      14
       8
      11
      14
       7
      18
      15
       6
      16
      11
      17
      14
       6
      16
      18
      18
      12
      10
      16
      12
      17
      10
       9
      11
      19
      18
      14
      22
      11
      20
      17
      22
      30
      42
      63
      66
      54
      33
      18
      16
      18
       8
      12
      22
      11
      14
      18
      17
      15
      17
      12
      21
      11
      15
      17
      15
      14
       7
      18
      14
      15
      15
      18
      13
      17
      14
      15
      23
      19
      17
      20
      16
      14
      20
      20
      10
      13
      12
      17
      15
      10
      16
      13
      16
      15
      16
      16
      14
      19
      12
      15
      18
      16
       8
       9
      13
      15
      14
      13
      13
      15
      11
      12
      14
      17
      14
      17
      13
      15
      21
      23
       6
      10
      18
      14
      16
      13
      16
      11
      17
      29
      14
      18
      10
      25
      17
      13
      18
      14
      18
      15
      12
      19
      14
       8
      17
      16
      14
      16
      14
      11
      14
      17
      22
      17
      20
      14
      14
      11
      23
      13
      13
      18
       9
      12
      20
       6
      17
      12
      18
      18
      14
      10
      16
      10
      16
      13
      10
      18
      11
      20
      13
      21
      15
       9
      17
      12
      19
      15
       9
      20
      17
      27
      16
      13
       8
      19
      20
      14
      14
      10
      15
      15
      19
      18
      17
      10
      16
      12
      25
      18
       8
      19
      19
      11
      18
      10
      20
      19
      13
      16
      17
       9
      20
      10
      15
      10
      23
      18
      20
      15
      15
       9
      12
      14
      16
      18
      13
      20
      15
      15
      16
      11
      17
      23
      14
       5
      12
      14
      17
       8
      20
      16
      21
      13
      22
      11
      16
      13
      19
      14
      13
      15
      18
      21
      16
      10
      20
      21
      23
      23
      12
      17
      28
      17
      14
      12
      17
      19
      13
      22
      20
      15
      20
      14
      18
      15
      25
      14
      11
      13
      23
      11
      12
      13
      23
      16
      17
      22
      16
      17
      17
      17
      17
      21
      12
      21
      20
      14
      20
      16
      13
      21
      13
      17
      15
      15
      20
      25
      12
      18
      18
      16
      14
      19
      11
      12
      17
      10
      25
      13
      17
      18
      14
      13
      19
      13
      17
      17
      11
      17
      23
      21
      20
      21
      32
      32
      49
      25
      24
      16
      20
      13
      17
      16
      21
      16
      15
      14
      13
      17
       8
      19
      14
      11
       9
      11
       9
      20
      14
      18
      14
       9
      14
      15
      17
      13
      12
       9
      10
       9
      19
      15
      10
      11
      12
      15
       9
       9
       7
      12
       9
       5
      11
       9
      10
      10
       9
      11
      12
      11
      13
      17
      14
       7
       8
       8
       8
      11
      16
       6
       8
      10
      10
       9
       9
      10
      13
      12
      16
       9
       8
      11
      12
       9
       8
      10
      12
       7
       9
      15
      10
       9
      13
       5
      11
      10
      12
      10
       4
      15
      14
       9
      14
      16
      11
      12
      11
       9
      14
       8
      12
      12
      12
      16
      11
      13
       8
      15
      19
      16
       9
      11
       6
      15
       9
      13
      14
      13
       8
       8
      12
       6
      10
       9
       9
       9
       9
      11
       6
      10
       8
      10
      10
      13
       6
      13
       5
      12
      11
       9
      10
       4
       5
       6
       7
      10
       7
       7
       9
       7
      10
       3
       9
       8
       6
      14
       9
       6
      13
       6
      11
      12
       9
       8
      11
      14
       8
       7
       7
       9
       7
       8
       6
       6
      13
      10
       6
      14
      14
       5
       7
       8
       9
      11
       6
       5
       7
       6
       6
      13
      14
       7
       6
      13
       7
       6
       6
      10
       3
       7
       7
       9
       6
       9
       8
       8
       8
      10
       7
       5
      10
      11
       9
       7
       9
       7
       9
       6
       5
       7
       7
       5
       4
      15
       5
      13
      10
       7
       7
       8
       8
       7
       9
       6
       9
      10
      10
       5
       8
      10
       5
      10
       9
       6
      10
       7
       6
       8
       5
      10
       5
       2
       3
       8
       5
       7
       3
       6
       5
       7
       9
       8
       5
       2
       2
       9
       7
       5
       6
       4
      10
       5
       3
       7
       7
       8
       4
       5
       9
       7
       5
       9
       7
       7
       5
       4
       3
       4
       5
       6
       6
      10
       6
       8
       3
       5
       4
      10
      11
       5
       5
       9
       4
       5
       5
       5
       7
       4
       7
       2
       3
       2
       3
       2
       6
       4
       6
       8
       3
       6
       6
       5
       2
       4
       5
       2
       7
       9
       6
       5
       3
       5
       9
       5
       8
       7
      12
       4
       6
       1
       7
       4
       9
       6
       4
       2
       3
       6
       5
       5
      12
      12
      11
      11
      15
      13
       5
      10
       6
       2
       2
       4
       4
       6
       3
       2
       4
       2
       2
       1
       6
       6
       5
       3
       4
       2
       8
       4
       3
       5
       6
       6
       6
      10
       5
       6
       3
       5
       3
       7
       4
       3
       6
       3
       0
       6
       4
       6
       3
       4
       4
       6
       2
       2
       3
       2
       8
       6
       1
       4
       5
       6
       9
       6
       4
       8
       5
       5
       4
       9
       6
       6
       6
       2
       1
       4
       3
      10
       7
       8
      11
       7
      12
      10
      10
       8
       4
       8
       4
       3
       2
       4
       4
       3
       5
       2
       4
       4
       7
       4
       4
       4
       4
       3
       3
       5
       1
       5
       5
       6
       7
       7
       6
       5
       3
       2
       5
       7
       3
       8
       2
       3
       2
       3
       7
       2
       4
       6
       3
       2
       2
       8
       6
       6
       7
       7
       2
       2
       5
       6
       5
       2
       2
       4
       1
       3
       4
       5
       4
       3
       3
       6
       2
       5
       5
       4
       1
       7
       5
       8
       4
       6
       6
       5
       6
       7
       3
       4
       2
       4
       7
       4
       5
       2
       6
       5
       3
       7
       5
       5
       8
       7
       5
       2
       3
       4
       1
       3
       7
       5
       0
       2
       2
       1
       4
       2
       5
       5
      10
       6
       3
       5
       3
       5
       4
       5
       3
       8
       2
      11
      25
      36
      86
     177
     259
     440
     561
     616
     505
     362
     164
      77
      34
      19
       4
       1
       3
       2
       1
       4
       1
       1
       3
       4
       1
       0
       2
       1
       4
       4
       5
       4
       0
       6
       5
       4
       3
       6
       7
       1
       3
       2
       0
       3
       4
       9
       2
       1
       3
       4
       4
       3
       3
       3
       1
       3
       3
       3
       4
       5
       4
       2
       5
       2
       2
       3
       1
       3
       2
       8
       1
       4
       3
       3
       0
       3
       4
       4
       2
       3
       2
       3
       3
       5
       2
       2
       3
       1
       3
       2
       1
       1
       6
       4
       5
       6
       5
       3
       6
       1
       3
       6
       1
       1
       4
       2
       2
       7
       9
       6
       7
       4
       5
       3
       3
       1
       7
       1
       8
       8
       5
       3
       3
       1
       2
       0
       0
       3
       9
       4
       6
       8
       9
       9
       6
       2
       5
       5
       3
       3
       8
       4
       0
       7
       3
       2
       5
       2
       4
       5
       3
       3
       5
       2
       6
       3
       3
       2
       5
       1
       3
       1
       1
       2
       1
       0
       1
       5
       1
       3
       0
       1
       0
       3
       6
       4
       1
       6
       1
       2
       2
       5
       4
       1
       0
       3
       5
       0
       2
       5
       2
       1
       2
       2
       3
       1
       1
       2
       0
       3
       3
       2
       0
       2
       3
       5
       7
       1
       3
       1
       2
       0
       3
       0
       1
       3
       4
       0
       2
       2
       3
       2
       2
       0
       3
       1
       1
       0
       1
       3
       2
       2
       1
       2
       2
       0
       2
       1
       3
       2
       5
       0
       5
       1
       1
       7
       4
       3
       1
       1
       3
       0
       3
       2
       4
       3
       1
       3
       0
       1
       0
       2
       3
       3
       3
       3
       5
       0
       1
       2
       3
       3
       0
       1
       1
       2
       3
       1
       0
       3
       0
       2
       0
       1
       4
       1
       2
       2
       1
       0
       0
       4
       3
       1
       2
       2
       1
       2
       0
       3
       3
       0
       2
       6
       2
       3
       2
       0
       0
       3
       3
       1
       1
       7
       3
       4
       6
       4
       2
       2
       3
       7
       3
       0
       3
       2
       1
       2
       3
       2
       1
       3
       5
       9
      15
       9
       5
       5
       3
       6
       5
       3
       6
      11
      12
      10
      12
       8
       6
       5
       1
       2
       2
       0
       3
       1
       3
       0
       3
       5
       0
       1
       3
       2
       4
       2
       1
       1
       4
       2
       2
       1
       2
       4
       2
       3
       1
       1
       0
       4
       3
       1
       3
       1
       5
       2
       1
       2
       1
       1
       1
       0
       3
       2
       3
       1
       3
       2
       2
       1
       2
       2
       0
       0
       2
       0
       1
       0
       3
       2
       3
       1
       3
       3
       3
       3
       6
       3
       3
       5
       2
       2
       2
       2
       3
       3
       3
       2
       3
       0
       1
       1
       4
       2
       1
       3
       3
       2
       1
       3
       4
       3
       2
      12
       4
       4
       3
       1
       1
       4
       1
       0
       3
       1
       3
       0
       2
       4
       2
       2
       0
       1
       1
       2
       6
       2
       0
       0
       2
       2
       2
       2
       3
       2
       0
       2
       2
       1
       1
       0
       1
       0
       2
       2
       1
       4
       0
       3
       2
       2
       3
       2
       0
       3
       1
       0
       4
       1
       2
       3
       1
       0
       1
       1
       2
       2
       1
       1
       0
       0
       1
       2
       0
       1
       4
       4
       4
       4
       5
       5
       3
       4
       2
       2
       4
       1
       2
       0
       4
       2
       0
       0
       2
       0
       1
       1
       0
       2
       0
       3
       1
       1
       2
       1
       1
       2
       1
       5
       0
       2
       1
       0
       1
       2
       2
       3
       2
       1
       1
       0
       0
       3
       3
       0
       2
       1
       0
       1
       2
       4
       3
       6
       0
       1
       1
       1
       1
       1
       6
       0
       1
       0
       1
       0
       1
       0
       4
       4
       1
       1
       0
       0
       0
       1
       1
       2
       1
       1
       2
       1
       4
       2
       1
       1
       2
       4
       0
       2
       0
       2
       1
       0
       1
       0
       1
       1
       0
       2
       0
       1
       1
       6
       2
       2
       0
       1
       0
       1
       0
       0
       2
       3
       2
       3
       3
       1
       2
       1
       0
       0
       1
       1
       1
       3
       1
       2
       3
       1
       2
       2
       1
       2
       0
       0
       1
       0
       3
       2
       1
       2
       1
       0
       1
       0
       2
       2
       5
       4
       1
       2
       2
       3
       1
       2
       2
       0
       0
       1
       1
       1
       3
       4
       1
       2
       1
       1
       1
       1
       2
       0
       1
       1
       6
       5
       4
       5
       6
      12
       5
       4
       4
       0
       5
       2
       0
       0
       0
       1
       0
       0
       2
       1
       3
       1
       3
       0
       2
       0
       2
       2
       1
       0
       0
       2
       4
       1
       3
       0
       2
       1
       2
       3
       3
       1
       1
       2
       1
       2
       4
       1
       2
       0
       6
       2
       1
       0
       0
       2
       1
       4
       1
       2
       4
       1
       0
       1
       3
       2
       1
       0
       0
       2
       2
       1
       0
       3
       1
       1
       1
       1
       0
       1
       2
       0
       3
       0
       2
       2
       2
       5
       3
       4
       7
      18
      20
      32
      43
      23
      37
      21
      11
       7
       2
       1
       1
       0
       5
       1
       5
       1
       3
       2
       2
       0
       0
       0
       3
       2
       1
       1
       4
       3
       1
       2
       2
       1
       1
       1
       0
       2
       2
       1
       2
       0
       2
       2
       1
       1
       3
       0
       0
       1
       1
       2
       2
       1
       1
       0
       0
       1
       3
       0
       2
       1
       1
       1
       0
       2
       4
       2
       2
       5
       2
       2
       0
       1
       0
       1
       2
       0
       1
       0
       1
       0
       0
       1
       0
       0
       1
       1
       0
       1
       2
       0
       3
       1
       2
       1
       0
       1
       1
       2
       0
       0
       4
       1
       2
       1
       1
       3
       1
       2
       3
       1
       1
       0
       3
       4
       3
       0
       2
       3
       2
       1
       1
       0
       1
       1
       2
       1
       4
       0
       2
       1
       2
       1
       0
       0
       1
       1
       3
       2
       0
       1
       0
       2
       1
       2
       2
       1
       0
       2
       2
       2
       0
       1
       0
       3
       0
       0
       2
       2
       1
       3
       2
       3
       3
       1
       2
       2
       0
       2
       2
       1
       0
       1
       0
       1
       0
       1
       1
       0
       1
       1
       1
       2
       1
       1
       2
       2
       2
       0
       3
       1
       2
       2
       0
       0
       1
       2
       0
       1
       0
       1
       1
       0
       2
       0
       0
       3
       0
       0
       1
       1
       2
       1
       4
       7
       4
       7
       3
       7
       2
       2
       0
       1
       0
       2
       1
       2
       0
       1
       2
       2
       1
       1
       1
       2
       2
       1
       1
       0
       1
       0
       0
       0
       0
       3
       1
       0
       0
       2
       2
       0
       1
       4
       0
       0
       1
       4
       0
       0
       3
       3
       4
       1
       1
       1
       2
       1
       1
       3
       2
       1
       2
       0
       2
       1
       2
       3
       0
       6
       1
       2
       1
       2
       1
       0
       1
       2
       3
       4
       1
       0
       1
       1
       2
       1
       1
       2
       1
       1
       1
       0
       4
       2
       1
       3
       3
       2
       0
       2
       2
       1
       1
       2
       1
       1
       1
       2
       3
       4
       1
       1
       2
       1
       1
       2
       1
       2
       1
       2
       1
       1
       3
       5
       1
       2
       0
       3
       1
       3
       3
       3
       4
       2
       2
       0
       2
       2
       0
       0
       1
       1
       2
       2
       1
       1
       0
       1
       1
       1
       1
       2
       3
       3
       0
       1
       1
       0
       1
       0
       1
       2
       2
       0
       3
       1
       2
       1
       0
       1
       4
       0
       0
       0
       0
       1
       1
       0
       3
       1
       1
       2
       1
       1
       1
       2
       1
       1
       5
       3
       1
       2
       0
       0
       1
       4
       2
       1
       3
       0
       1
       1
       1
       1
       0
       3
       0
       3
       5
       0
       3
       2
       0
       0
       1
       0
       3
       2
       2
       2
       0
       1
       2
       0
       1
       3
       2
       2
       1
       2
       1
       1
       1
       1
       1
       3
       3
       1
       2
       1
       2
       1
       2
       0
       1
       4
       0
       0
       0
       1
       0
       3
       2
       1
       0
       1
       0
       1
       0
       2
       1
       1
       2
       1
       1
       3
       3
       0
       0
       1
       0
       1
       3
       1
       1
       2
       1
       0
       2
       3
       1
       0
       4
       1
       3
       1
       2
       2
       2
       1
       1
       2
       2
       0
       1
       3
       2
       0
       4
       1
       3
       2
       2
       1
       1
       1
       2
       0
       2
       4
       0
       0
       0
       4
       2
       2
       0
       0
       2
       1
       3
       1
       1
       2
       2
       1
       0
       0
       3
       1
       1
       0
       1
       1
       0
       0
       2
       1
       1
       2
       3
       3
       0
       3
       2
       1
       1
       0
       3
       0
       3
       1
       1
       0
       0
       1
       1
       3
       0
       2
       1
       0
       1
       3
       0
       1
       1
       1
       1
       1
       0
       0
       0
       1
       1
       1
       1
       1
       0
       0
       1
       0
       1
       2
       1
       1
       1
       2
       0
       8
       1
       1
       0
       1
       0
       2
       1
       1
       4
       0
       1
       1
       1
       1
       1
       0
       1
       0
       0
       0
       1
       2
       1
       5
       1
       3
       3
       0
       1
       1
       1
       1
       0
       0
       1
       2
       0
       0
       3
       0
       1
       0
       1
       1
       2
       0
       0
       1
       5
       0
       2
       1
       1
       0
       0
       2
       1
       0
       1
       0
       1
       0
       3
       1
       2
       0
       1
       0
       0
       0
       3
       1
       2
       2
       1
       1
       1
       1
       3
       0
       1
       1
       2
       0
       0
       2
       0
       0
       2
       0
       0
       2
       1
       4
       0
       0
       0
       1
       0
       0
       2
       1
       1
       1
       1
       0
       1
       0
       0
       2
       1
       1
       1
       2
       2
       1
       0
       1
       2
       0
       2
       0
       1
       1
       1
       2
       3
       0
       2
       0
       0
       2
       1
       1
       3
       1
       1
       1
       1
       2
       1
       2
       1
       1
       0
       0
       0
       1
       0
       1
       1
       0
       3
       0
       4
       1
       1
       0
       0
       1
       1
       2
       2
       0
       2
       1
       0
       1
       3
       0
       2
       1
       2
       0
       1
       2
       1
       0
       1
       1
       2
       2
       1
       0
       3
       1
       0
       1
       2
       1
       1
       1
       0
       3
       1
       1
       1
       1
       1
       0
       1
       1
       1
       0
       4
       4
       0
       2
       1
       1
       0
       0
       1
       4
       1
       1
       1
       1
       1
       0
       1
       0
       2
       2
       2
       1
       1
       0
       0
       1
       1
       2
       1
       0
       1
       2
       1
       1
       0
       2
       2
       2
       3
       3
       0
       1
       0
       0
       2
       2
       0
       1
       0
       0
       1
       0
       2
       1
       0
       0
       0
       2
       1
       4
       3
       3
       0
       3
       2
       3
       5
      10
       7
       8
       6
       9
       3
       8
       6
       3
       1
       2
       0
       4
       2
       2
       1
       4
       0
       1
       1
       0
       1
       0
       1
       0
       0
       3
       0
       0
       0
       1
       0
       3
       2
       3
       6
       0
       2
       0
       3
       3
       3
       4
       4
       2
       1
       4
       3
       1
       1
       0
       2
       0
       0
       0
       1
       1
       3
       1
       0
       2
       5
       1
       3
       0
       2
       0
       1
       0
       1
       1
       1
       2
       0
       0
       1
       1
       0
       3
       3
       2
       0
       0
       0
       0
       0
       1
       1
       2
       1
       3
       0
       0
       0
       1
       0
       1
       2
       2
       1
       1
       2
       0
       1
       1
       0
       4
       0
       1
       0
       1
       1
       0
       1
       0
       0
       0
       0
       1
       5
       0
       0
       4
       3
       1
       2
       3
       2
       1
       3
       2
       0
       2
       1
       1
       2
       1
       0
       2
       3
       1
       3
       0
       1
       0
       1
       0
       2
       4
       2
       1
       1
       0
       0
       3
       2
       2
       1
       0
       2
       0
       2
       1
       1
       1
       0
       0
       1
       0
       0
       0
       1
       1
       1
       1
       3
       1
       0
       3
       0
       1
       1
       2
       1
       2
       1
       1
       0
       1
       1
       2
       0
       2
       1
       1
       0
       2
       2
       1
       2
       1
       1
       1
       3
       3
       1
       0
       1
       0
       1
       2
       3
       2
       0
       1
       1
       0
       4
       1
       3
       2
       0
       1
       1
       2
       2
       1
       2
       3
       2
       2
       3
       1
       0
       0
       0
       1
       0
       3
       2
       0
       2
       1
       1
       3
       1
       0
       2
       1
       0
       1
       3
       2
       3
       0
       3
       1
       6
      10
      12
       6
      13
       7
       9
       7
       3
       1
       2
       4
       1
       1
       0
       1
       2
       0
       1
       1
       0
       1
       2
       2
       2
       1
       1
       0
       2
       3
       0
       3
       2
       2
       0
       0
       1
       2
       3
       0
       0
       1
       1
       1
       1
       4
       0
       1
       1
       1
       2
       1
       0
       2
       1
       0
       1
       2
       0
       1
       2
       6
       1
       1
       1
       2
       3
       1
       0
       0
       0
       0
       3
       2
       2
       1
       1
       1
       1
       0
       0
       1
       0
       3
       0
       2
       3
       2
       3
       2
       1
       1
       0
       0
       1
       1
       0
       1
       2
       1
       2
       2
       1
       0
       3
       0
       1
       0
       0
       0
       2
       4
       1
       1
       3
       0
       2
       1
       0
       1
       1
       2
       3
       0
       4
       1
       1
       1
       2
       1
       4
       2
       3
       2
       1
       1
       1
       3
       2
       1
       2
       2
       3
       1
       1
       0
       2
       1
       2
       2
       2
       1
       1
       2
       1
       0
       1
       1
       1
       4
       2
       3
       3
       1
       0
       1
       2
       1
       2
       2
       0
       1
       0
       4
       0
       1
       2
       1
       1
       0
       1
       2
       0
       0
       0
       0
       2
       1
       2
       2
       1
       1
       2
       0
       1
       1
       2
       2
       1
       3
       3
       1
       0
       1
       0
       3
       0
       2
       4
       0
       2
       2
       4
       1
       2
       1
       0
       0
       1
       4
       0
       2
       1
       2
       1
       2
       1
       3
       4
       3
       1
       1
       4
       1
       2
       1
       1
       0
       1
       2
       1
       0
       3
       2
       4
       1
       1
       2
       1
       3
       0
       1
       3
       1
       0
       0
       0
       0
       0
       1
       2
       3
       3
       2
       2
       3
       2
       1
       1
       2
       1
       3
       1
       0
       2
       1
       2
       1
       1
       2
       0
       3
       0
       3
       3
       3
       3
       4
       1
       0
       1
       1
       1
       0
       0
       3
       1
       0
       1
       3
       1
       3
       2
       1
       2
       2
       1
       0
       0
       2
       2
       0
       2
       4
       2
       2
       1
       0
       1
       2
       3
       2
       0
       2
       3
       4
       2
       1
       0
       0
       2
       1
       1
       1
       1
       1
       3
       3
       1
       1
       2
       2
       2
       2
       0
       0
       0
       1
       1
       0
       3
       0
       2
       0
       1
       0
       1
       1
       1
       1
       0
       2
       0
       1
       1
       3
       2
       2
       1
       2
       1
       0
       1
       0
       5
       2
       2
       2
       2
       0
       1
       0
       1
       3
       0
       1
       0
       3
       1
       0
       0
       2
       3
       2
       2
       0
       2
       0
       1
       1
       2
       2
       2
       1
       0
       4
       2
       3
       1
       0
       1
       4
       0
       3
       1
       0
       2
       3
       1
       1
       1
       2
       5
       1
       3
       3
       3
       1
       1
       1
       1
       0
       0
       1
       0
       0
       2
       1
       1
       2
       1
       2
       1
       0
       3
       1
       3
       2
       2
       0
       1
       2
       3
       2
       1
       2
       1
       2
       4
       0
       4
       4
       0
       1
       0
       0
       5
       3
       2
       2
       2
       2
       2
       0
       4
       1
       0
       3
       0
       0
       2
       1
       3
       2
       1
       4
       0
       1
       1
       0
       2
       1
       0
       2
       0
       0
       1
       3
       3
       0
       2
       3
       2
       2
       2
       2
       0
       2
       0
       0
       1
       0
       1
       1
       2
       1
       0
       1
       0
       1
       0
       0
       2
       2
       0
       1
       0
       0
       0
       1
       0
       1
       1
       1
       1
       3
       1
       0
       1
       3
       2
       0
       2
       2
       0
       1
       1
       0
       0
       1
       2
       1
       1
       1
       1
       1
       1
       2
       1
       0
       2
       0
       0
       2
       2
       2
       0
       1
       3
       0
       2
       2
       0
       1
       1
       3
       2
       0
       1
       1
       0
       0
       2
       0
       0
       0
       0
       1
       3
       3
       1
       2
       2
       1
       0
       0
       0
       3
       2
       0
       0
       0
       1
       0
       2
       0
       0
       1
       0
       1
       1
       1
       0
       0
       0
       1
       0
       3
       1
       0
       1
       2
       1
       2
       2
       0
       0
       0
       2
       1
       3
       1
       2
       1
       0
       0
       0
       3
       0
       1
       1
       5
       0
       2
       1
       0
       2
       1
       1
       2
       1
       1
       0
       0
       0
       1
       1
       1
       0
       0
       0
       0
       3
       0
       2
       0
       1
       0
       1
       0
       1
       0
       0
       0
       1
       2
       1
       1
       0
       0
       0
       2
       1
       0
       0
       1
       1
       0
       0
       2
       2
       1
       1
       1
       0
       2
       1
       2
       0
       0
       0
       0
       0
       0
       0
       0
       0
       0
       1
       0
       0
       0
       1
       1
       1
       0
       0
       0
       1
       0
       0
       2
       0
       0
       0
       1
       2
       0
       0
       0
       0
       0
       0
       2
       1
       2
       0
       0
       1
       0
       0
       0
       0
       2
       0
       1
       0
       0
       1
       1
       2
       1
       0
       0
       0
       1
       1
       0
       0
       1
       1
       3
       0
       0
       0
       0
       0
       0
       0
       0
       0
       0
       1
       0
       0
       0
       0
       0
       0
       0
       1
       0
       0
       0
       0
       0
       0
       1
       0
       1
       1
       0
       1
       0
       0
       0
       0
       0
       1
       1
       0
       0
       1
       2
       1
       0
       0
       0
       1
       0
       1
       1
       0
       0
       0
       0
       1
       0
       0
       1
       0
       0
       1
       0
       0
       0
       0
       1
       0
       0
       0
       0
       0
       0
       0
       0
       0
       0
       0
       0
       0
       0
       0
       0
       1
       0
       2
       0
       0
       0
       0
       0
       2
       1
       2
       0
       0
       0
       0
       0
       2
       0
       0
       1
       0
       0
       0
       0
       0
       0
       0
       0
       0
       0
       1
       0
       0
       0
       0
       0
       1
       0
       2
       0
       1
       0
       0
       0
       0
       0
       1
       0
       0
       0
       0
       0
       0
       0
       0
       0
       0
       0
       0
       0
       0
       0
       0
       0
       0
       0
       0
       0
       0
       0
       0
       0
       0
       1
       0
       0
       0
       0
       0
       0
       0
       0
       0
       1
       0
       0
       0
       0
       1
       0
       0
       0
       0
       0
       1
       0
       0
       0
       0
       0
       0
       0
       0
       0
       2
       0
       0
       1
       0
       0
       2
       1
       0
       0
       0
       0
       0
       0
       0
       0
       0
       0
       0
       0
       0
       0
       0
       0
       0
       0
       0
       0
       0
       0
       0
       0
       0
       0
       0
       0
       0
       0
       0
       0
       0
       0
       0
       0
       0
       1
       0
       0
       0
       0
       0
       0
       0
       0
       0
       0
       0
       0
       1
       0
       0
       0
       1
       0
       0
       0
       0
       0
       0
       0
       0
       0
       0
       0
       0
       0
       0
       0
       0
       0
       0
       1
       0
       0
       0
       1
       0
       0
       0
       0
       0
       0
       0
       0
       0
       0
       2
       1
       1
       1
       2
       2
       9
       5
      19
      22
      37
      50
      50
      46
      59
      44
      36
      32
      11
       3
       2
       1
       1
       0
       0
       0
       0
       0
       0
       0
       0
       0
       0
       0
       0
       0
       0
       0
       0
       0
       0
       0
       0
       0
       0
       0
       0
       1
       0
       0
       0
       0
       0
       0
       0
       0
       0
       0
       0
       0
       0
       0
       0
       0
       0
       0
       0
       0
       0
       0
       0
       0
       0
       1
       0
       0
       0
       0
       0
       0
       0
       1
       0
       0
       0
       0
       0
       0
       0
       0
       0
       0
       0
       0
       0
       0
       0
       1
       0
       0
       0
       0
       0
       0
       0
       0
       0
       0
       0
       0
       0
       0
       0
       0
       1
       0
       0
       0
       0
       0
       1
       0
       0
       0
       0
       0
       0
       0
       0
       0
       0
       0
       0
       0
       0
       0
       0
       0
       1
       0
       0
       0
       0
       0
       0
       0
       0
       0
       0
       0
       0
       0
       0
       1
       1
       0
       0
       0
       0
       0
       0
       0
       0
       0
       0
       0
       0
       0
       0
       0
       0
       0
       0
       0
       0
       0
       0
       0
       1
       0
       0
       0
       0
       0
       0
       0
       0
       0
       0
       0
       0
       0
       0
       0
       0
       0
       0
       0
       0
       0
       0
       1
       1
       0
       0
       0
       0
       0
       0
       0
       0
       1
       0
       0
       0
       0
       0
       1
       0
       0
       0
       0
       0
       0
       0
       0
       0
       1
       0
       0
       0
       0
       0
       0
       0
       1
       0
       0
       0
       0
       0
       0
       0
       0
       0
       0
       0
       0
       0
       0
       0
       0
       0
       0
       0
       0
       0
       0
       0
       0
       0
       0
       0
       0
       0
       0
       0
       0
       0
       0
       0
       0
       0
       0
       0
       0
       0
       0
       0
       0
       0
       0
       0
       0
       0
       0
       0
       0
       0
       0
       1
       0
       0
       0
       0
       0
       0
       0
       0
       0
       0
       0
       0
       0
       0
       0
       0
       0
       0
       0
       0
       0
       0
       0
       0
       0
       0
       0
       0
       0
       0
       0
       0
       0
       1
       0
       0
       0
       0
       0
       0
       0
       0
       0
       0
       0
       0
       0
       0
       0
       0
       0
       0
       1
       0
       0
       0
       0
       0
       0
       0
       0
       0
       0
       0
       0
       0
       0
       0
       0
       0
       0
       0
       0
       0
       0
       0
       0
       0
       0
       0
       0
       0
       0
       0
       0
       0
       0
       0
       0
       0
       0
       0
       0
       0
       0
       0
       0
       0
       0
       0
       0
       0
       0
       0
       0
       0
       0
       0
       0
       0
       0
       0
       0
       0
       0
       0
       0
       0
       0
       0
       0
       0
       0
       0
       0
       0
       0
       0
       0
       0
       1
       0
       0
       0
       1
       0
       0
       0
       0
       0
       0
       0
       0
       0
       0
       0
       0
       0
       0
       0
       0
       0
       1
       0
       0
       0
       0
       0
       0
       0
       0
       0
       1
       0
       0
       1
       0
       0
       0
       1
       0
       0
       0
       0
       0
       0
       0
       1
       0
       0
       0
       0
       0
       0
       0
       0
       0
       0
       0
       0
       0
       0
       0
       0
       0
       0
       0
       0
       0
       0
       0
       0
       0
       0
       0
       0
       0
       0
       0
       0
       0
       0
       0
       0
       0
       0
       0
       0
       0
       0
       0
       0
       0
       1
       0
       0
       0
       0
       0
       0
       0
       0
       0
       0
       0
       0
       0
       1
       0
       0
       1
       0
       0
       0
       0
       0
       0
       0
       0
       0
       0
       0
       0
       0
       0
       0
       0
       0
       0
       0
       0
       0
       0
       0
       0
       0
       0
       1
       0
       0
       0
       0
       0
       0
       0
       0
       0
       0
       0
       0
       0
       0
       0
       0
       0
       0
       0
       0
       0
       0
       0
       1
       0
       1
       0
       1
       0
       0
       0
       0
       0
       0
       0
       0
       0
       0
       0
       0
       0
       0
       0
       0
       0
       0
       0
       0
       0
       0
       0
       0
       0
       0
       0
       0
       0
       0
       0
       0
       0
       0
       0
       0
       0
       0
       0
       0
       0
       0
       0
       0
       0
       0
       0
       0
       0
       0
       0
       0
       0
       0
       0
       0
       0
       0
       0
       0
       0
       0
       0
       0
       1
       0
       0
       0
       0
       0
       0
       0
       0
       0
       0
       0
       0
       0
       0
       0
       0
       0
       0
       0
       0
       0
       0
       0
       0
       0
       0
       0
       0
       0
       0
       0
       0
       0
       0
       0
       0
       0
       0
       0
       0
       0
       0
       0
       0
       0
       0
       0
       0
       0
       0
       0
       0
       0
       0
       0
       0
       0
       0
       0
       0
       0
       0
       0
       0
       0
       0
       0
       0
       0
       0
       0
       0
       0
       0
       0
       0
       0
       0
       0
       0
       0
       0
       0
       0
       0
       0
       0
       0
       0
       0
       0
       0
       0
       0
       0
       0
       0
       0
       0
       0
       0
       0
       0
       0
       0
       0
       0
       0
       0
       0
       0
       1
       0
       0
       0
       0
       0
       0
       0
       0
       0
       0
       0
       0
       0
       0
       0
       0
       1
       0
       0
       0
       0
       0
       0
       0
       0
       0
       0
       0
       0
       0
       0
       0
       1
       0
       0
       0
       0
       0
       0
       0
       0
       0
       1
       0
       0
       1
       0
       0
       0
       0
       0
       0
       0
       0
       0
       0
       0
       0
       0
       0
       0
       0
       0
       0
       0
       0
       0
       0
       0
       0
       0
       0
       0
       0
       0
       0
       0
       0
       0
       0
       0
       0
       0
       0
       0
       0
       1
       0
       0
       0
       0
       0
       0
       0
       0
       0
       0
       0
       0
       0
       0
       0
       0
       0
       0
       0
       0
       0
       0
       0
       1
       0
       0
       0
       0
       0
       0
       0
       0
       0
       0
       0
       0
       0
       0
       0
       0
       0
       0
       0
       0
       0
       0
       0
       0
       0
       1
       0
       0
       0
       0
       0
       0
       0
       1
       0
       0
       0
       1
       0
       0
       0
       0
       0
       0
       0
       0
       0
       0
       0
       0
       0
       0
       0
       0
       0
       0
       0
       1
       0
       0
       0
       0
       0
       0
       0
       0
       0
       0
       0
       1
       0
       0
       0
       0
       0
       0
       0
       0
       0
       0
       0
       0
       0
       0
       0
       0
       0
       0
       0
       0
       0
       0
       0
       0
       0
       0
       0
       0
       0
       0
       0
       0
       0
       0
       0
       0
       0
       0
       0
       0
       0
       0
       0
       0
       0
       0
       0
       0
       0
       0
       0
       0
       0
       0
       0
       0
       0
       0
       0
       0
       0
       0
       0
       0
       0
       0
       0
       0
       0
       0
       0
       0
       0
       0
       0
       1
       0
       0
       0
       0
       0
       0
       0
       0
       0
       0
       0
       0
       0
       0
       0
       0
       0
       0
       0
       0
       0
       0
       0
       0
       0
       0
       1
       0
       0
       0
       0
       0
       1
       0
       0
       0
       0
       0
       0
       1
       1
       0
       0
       0
       0
       0
       0
       0
       0
       0
       0
       0
       0
       0
       0
       0
       0
       0
       0
       0
       0
       0
       0
       0
       0
       0
       0
       0
       0
       0
       0
       0
       0
       0
       0
       0
       0
       0
       0
       0
       0
       0
       0
       0
       0
       0
       0
       0
       0
       0
       0
       0
       0
       0
       0
       0
       0
       0
       0
       0
       0
       0
       0
       0
       0
       0
       0
       0
       0
       0
       0
       0
       0
       0
       0
       0
       0
       0
       0
       0
       0
       0
       0
       0
       0
       0
       0
       0
       0
       0
       0
       0
       0
       0
       0
       0
       0
       0
       0
       0
       0
       0
       0
       0
       0
       0
       0
       0
       0
       0
       0
       0
       0
       0
       0
       0
       0
       0
       0
       0
       0
       0
       0
       0
       0
       0
       0
       0
       0
       0
       0
       0
       0
       0
       0
       0
       0
       0
       0
       0
       0
       0
       0
       0
       0
       0
       0
       0
       0
       0
       0
       0
       0
       0
       0
       0
       0
       0
       0
       0
       0
       0
       0
       0
       0
       0
       0
       0
       0
       0
       0
       0
       0
       0
       0
       0
       0
       0
       0
       0
       0
       0
       0
       0
       0
       0
       0
       0
       0
       0
       0
       0
       0
       0
       0
       0
       0
       0
       0
       0
       0
       0
       0
       0
       0
       0
       0
       0
       1
       0
       0
       0
       0
       0
       0
       0
       0
       0
       0
       0
       0
       0
       0
       0
       0
       0
       0
       0
       0
       0
       0
       0
       0
       0
       0
       0
       0
       0
       0
       0
       0
       0
       0
       0
       0
       0
       0
       1
       1
       0
       0
       0
       0
       0
       0
       0
       0
       0
       0
       0
       0
       0
       0
       0
       0
       0
       0
       0
       0
       0
       0
       0
       0
       0
       0
       0
       0
       0
       0
       0
       0
       0
       0
       0
       0
       0
       0
       0
       0
       0
       0
       0
       0
       0
       0
       0
       0
       0
       0
       0
       0
       0
       0
       0
       0
       0
       0
       0
       0
       0
       0
       0
       0
       0
       0
       0
       0
       0
       0
       0
       0
       0
       0
       0
       0
       0
       0
       0
       0
       0
       0
       0
       0
       0
       0
       0
       0
       0
       0
       0
       0
       0
       0
       0
       0
       0
       0
       0
       0
       0
       0
       0
       0
       0
       0
       0
       0
       0
       0
       0
       0
       0
       0
       0
       0
       0
       0
       0
       0
       0
       0
       0
       0
       0
       0
       0
       0
       0
       0
       0
       0
       0
       0
       0
       0
       0
       0
       0
       0
       0
       0
       0
       0
       0
       0
       0
       0
       0
       0
       0
       0
       0
       0
       0
       0
       0
       0
       0
       0
       0
       0
       0
       0
       0
       0
       0
       0
       0
       0
       0
       0
       0
       0
       0
       0
       0
       0
       0
       0
       0
       0
       0
       0
       0
       0
       0
       0
$ROI:
9
146 157
1414 1476
1553 1575
1682 1717
2991 3027
3386 3449
3571 3617
3731 3753
6671 6744
$PRESETS:
None
0
0
$ENER_FIT:
2.018625 0.389176
$MCA_CAL:
3
2.018625E+000 3.891756E-001 0.000000E+000 keV
$SHAPE_CAL:
3
1.996070E+000 8.735535E-004 0.000000E+000
