$SPEC_ID:
No sample description was entered.
$SPEC_REM:
DET# 1
DETDESC# DESKTOP-PNQJTCJ Easy-MCA-8k SN 09161357
AP# Maestro Version 7.01
$DATE_MEA:
03/09/2017 11:55:55
$MEAS_TIM:
5427 5516
$DATA:
0 8191
       0
       0
       0
       0
       0
       0
       0
       0
       0
       0
       1
       0
       0
       0
       0
       1
       0
       1
       0
       0
       0
       0
       0
       0
       0
       0
       0
       0
       0
       0
       0
       0
       9
     168
    1439
    3439
    7146
    6471
    6701
    8527
    9117
    9832
   13704
   18597
   13628
   13570
   12370
    8067
    3931
    2792
    3069
    3604
    4433
    5754
    6714
    9106
   13040
   16280
   15939
   12347
    8555
    6148
    5402
    6007
    6988
    7848
    7037
    5320
    3769
    2423
    1317
     893
     834
     811
     882
     906
     931
    1001
    1085
    1141
    1217
    1183
    1171
     999
    1026
     897
     924
     937
    1006
    1019
     993
    1061
    1126
    1167
    1200
    1193
    1353
    1342
    1440
    1547
    1641
    1708
    1786
    1938
    2142
    2302
    2594
    2717
    2783
    3003
    3172
    3226
    3521
    3790
    4078
    4415
    4923
    5698
    6747
    8227
   10086
   12139
   14450
   15838
   16767
   17161
   16571
   15461
   14739
   14275
   13921
   13528
   13589
   13705
   13556
   13803
   14229
   14566
   15147
   15412
   16096
   16782
   17135
   17716
   17861
   19959
   34994
   91304
  169273
  209245
  293595
  344336
  192693
   45430
    5474
    1369
    1196
    1165
    1225
    1193
    1332
    1329
    1232
    1328
    1298
    1257
    1352
    1382
    1368
    1378
    1385
    1359
    1406
    1392
    1452
    1407
    1511
    1560
    1529
    1562
    1542
    1587
    1614
    1721
    1928
    1973
    1913
    1799
    1932
    2118
    2439
    2374
    2043
    1740
    1773
    1801
    1957
    1888
    1734
    1686
    1626
    1602
    1691
    1710
    1625
    1667
    1697
    1753
    1690
    1612
    1727
    1849
    1775
    1888
    1868
    2081
    2018
    1987
    1853
    1743
    1841
    1921
    1945
    1850
    1798
    1736
    1669
    1756
    1754
    1846
    1724
    1793
    1735
    1694
    1759
    1792
    1818
    1850
    1777
    1786
    1746
    1658
    1740
    1723
    1828
    1741
    1706
    1786
    1738
    1755
    1886
    2284
    2583
    2362
    1949
    1707
    1758
    1719
    1739
    1762
    1909
    2054
    2556
    2352
    2031
    1748
    1679
    1706
    1780
    1715
    1609
    1716
    1685
    1668
    1672
    1625
    1718
    1671
    1736
    1693
    1605
    1647
    1618
    1748
    1615
    1620
    1668
    1649
    1658
    1693
    1712
    1629
    1610
    1646
    1592
    1573
    1603
    1692
    1735
    1643
    1563
    1640
    1597
    1651
    1594
    1526
    1473
    1471
    1521
    1512
    1514
    1514
    1480
    1523
    1502
    1511
    1464
    1486
    1516
    1652
    1737
    1484
    1476
    1471
    1433
    1420
    1424
    1486
    1359
    1469
    1454
    1447
    1430
    1383
    1402
    1403
    1355
    1374
    1293
    1410
    1321
    1365
    1316
    1298
    1298
    1261
    1299
    1315
    1291
    1274
    1318
    1278
    1272
    1255
    1246
    1261
    1305
    1262
    1274
    1256
    1286
    1239
    1218
    1224
    1194
    1265
    1237
    1179
    1190
    1163
    1201
    1217
    1275
    1175
    1189
    1132
    1117
    1134
    1188
    1144
    1148
    1166
    1168
    1189
    1136
    1157
    1136
    1163
    1119
    1131
    1095
    1101
    1144
    1093
    1045
    1100
    1106
    1082
    1063
    1065
    1031
    1082
    1097
    1061
    1005
    1089
    1039
    1043
    1033
    1033
     987
     917
     980
     986
     978
     990
     984
     946
     936
     987
     967
     965
    1004
     935
     949
     946
     946
     976
     945
     890
     927
     950
     919
     912
     951
     944
     851
     910
     965
     871
     918
     898
     957
     875
     917
     911
     888
     858
     870
     829
     852
     807
     834
     859
     910
     852
     832
     853
     885
     805
     811
     802
     875
     888
     851
     856
     734
     835
     816
     804
     839
     799
     832
     829
     874
     939
     954
     851
     799
     784
     842
     811
     757
     771
     820
     743
     794
     719
     775
     747
     801
     727
     751
     790
     742
     720
     722
     736
     739
     703
     693
     719
     764
     654
     676
     703
     703
     777
     741
     707
     712
     698
     719
     658
     714
     671
     689
     664
     674
     670
     661
     625
     660
     691
     651
     692
     670
     642
     622
     667
     659
     645
     654
     670
     659
     735
     673
     689
     622
     644
     621
     640
     664
     640
     608
     581
     649
     623
     570
     628
     599
     637
     595
     662
     597
     606
     591
     625
     576
     573
     610
     584
     594
     614
     638
     603
     620
     603
     590
     601
     568
     577
     591
     577
     585
     554
     584
     535
     544
     536
     526
     587
     529
     561
     571
     518
     520
     551
     528
     553
     538
     528
     551
     516
     536
     513
     556
     529
     517
     542
     532
     534
     532
     554
     522
     499
     506
     510
     580
     760
    1263
    1369
    1089
     632
     507
     494
     537
     578
     592
     626
     627
     553
     491
     472
     439
     407
     436
     459
     438
     453
     441
     437
     423
     429
     419
     419
     472
     431
     431
     459
     466
     423
     416
     419
     445
     441
     429
     460
     426
     411
     429
     395
     400
     403
     441
     441
     441
     423
     400
     435
     399
     440
     408
     394
     404
     413
     386
     365
     373
     386
     391
     393
     397
     416
     387
     399
     364
     396
     401
     384
     389
     385
     395
     381
     377
     391
     355
     397
     363
     403
     392
     440
     435
     436
     389
     411
     344
     362
     334
     384
     329
     338
     378
     379
     398
     344
     358
     357
     416
     332
     384
     342
     352
     347
     331
     350
     344
     364
     357
     344
     357
     305
     339
     328
     332
     352
     368
     354
     362
     289
     313
     340
     337
     294
     305
     309
     311
     301
     355
     304
     325
     311
     336
     325
     299
     306
     298
     313
     306
     307
     321
     283
     305
     313
     393
     554
     651
     577
     432
     367
     313
     315
     310
     311
     309
     310
     294
     308
     355
     361
     316
     299
     266
     280
     289
     311
     284
     292
     283
     267
     278
     295
     275
     279
     240
     281
     287
     270
     272
     284
     280
     260
     279
     252
     290
     279
     309
     262
     286
     261
     261
     242
     249
     254
     279
     258
     302
     260
     275
     286
     290
     251
     257
     254
     255
     251
     230
     252
     246
     275
     267
     236
     266
     237
     233
     266
     250
     239
     256
     222
     260
     247
     263
     240
     244
     243
     263
     274
     244
     268
     334
     282
     253
     239
     262
     261
     244
     226
     228
     268
     239
     231
     224
     225
     261
     249
     242
     256
     264
     268
     243
     233
     255
     243
     247
     325
     361
     425
     341
     245
     231
     213
     242
     257
     214
     216
     230
     224
     248
     233
     221
     205
     197
     196
     207
     213
     217
     220
     210
     225
     205
     219
     185
     238
     204
     214
     212
     216
     210
     320
     509
     803
     780
     549
     348
     228
     201
     214
     216
     198
     202
     192
     181
     200
     198
     208
     187
     216
     180
     165
     193
     191
     164
     198
     199
     195
     208
     179
     193
     192
     193
     172
     170
     189
     173
     190
     190
     171
     196
     188
     171
     192
     197
     186
     192
     163
     153
     197
     168
     203
     159
     164
     172
     155
     172
     178
     187
     206
     170
     182
     160
     184
     195
     171
     188
     201
     192
     181
     186
     162
     174
     174
     190
     158
     176
     178
     164
     188
     174
     167
     175
     157
     166
     151
     199
     185
     189
     180
     163
     156
     175
     166
     172
     164
     177
     184
     184
     188
     172
     165
     170
     136
     173
     166
     144
     159
     178
     167
     164
     138
     165
     177
     142
     163
     182
     177
     141
     159
     152
     164
     153
     170
     169
     148
     176
     159
     147
     169
     159
     175
     176
     182
     171
     144
     161
     166
     171
     148
     151
     161
     151
     192
     140
     149
     153
     166
     164
     173
     151
     185
     197
     175
     165
     152
     149
     159
     144
     145
     168
     153
     134
     170
     162
     158
     152
     161
     168
     149
     143
     165
     143
     146
     174
     164
     135
     154
     142
     148
     161
     143
     169
     159
     162
     139
     155
     150
     138
     147
     132
     136
     146
     139
     143
     144
     136
     153
     163
     141
     142
     127
     142
     143
     137
     132
     141
     150
     140
     116
     152
     152
     120
     117
     137
     139
     126
     149
     135
     150
     159
     131
     142
     138
     134
     153
     155
     151
     170
     136
     157
     114
     124
     138
     132
     103
     132
     144
     125
     136
     115
     134
     124
     138
     137
     151
     147
     134
     139
     150
     113
     145
     117
     128
     145
     122
     132
     112
     115
     131
     129
     111
     123
     134
     111
     142
     123
     141
     132
     134
     151
     116
     123
     139
     121
      98
     131
     128
     118
     116
     100
     129
     140
     127
     128
     126
     118
     145
     171
     205
     166
     136
     122
     117
     109
     101
     115
     114
     114
     125
     121
     114
     116
     118
     124
     125
     130
     129
     141
     150
     111
     143
     111
     108
     124
     125
     118
     115
     107
     115
     107
     134
     114
     116
     123
     122
     142
     112
     118
     125
     101
     124
     111
     114
     111
     121
     130
     106
     103
     115
     108
     115
     115
     123
      96
     112
     115
     105
      93
     136
     133
     125
     111
     106
     120
     130
     113
     114
     109
     114
      99
     117
     102
     109
      98
     102
     128
     125
      97
      94
     119
     115
     105
     121
     114
     109
     109
      91
     115
     105
     105
      93
      97
     101
      94
     121
     108
     116
     101
     106
      95
      97
     116
     136
     104
     116
      94
     112
     116
     114
      91
     111
     111
     124
     112
     121
     127
     142
     178
     161
     242
     292
     290
     221
     189
     161
     111
     115
     121
     111
     100
      91
     112
     108
     102
      93
      99
     109
      87
      88
     102
     100
      94
     117
      85
      98
     107
     108
      92
      92
     108
      97
     108
     110
     100
      89
     110
     103
     122
      93
      98
     102
     108
     109
     101
     100
      91
      92
      92
     104
      69
      99
     102
      88
      79
      75
     108
     100
     118
     118
     120
     109
     111
     101
     102
      87
     106
     115
     102
     104
      95
     102
     110
      90
      99
      85
      86
      94
      84
     101
      81
      96
      88
      88
      89
     104
     111
      89
      93
     101
      87
      97
     112
      83
      99
      79
      87
      87
      97
      92
      82
      92
      87
      84
      95
      95
      78
      93
      98
      95
     101
      76
     101
      91
      94
     113
      77
      89
      99
     100
      91
      94
      87
      78
     100
      91
      92
      71
      92
      77
      86
      85
      89
      87
     105
      99
     100
      97
      92
      86
      76
      82
      83
     111
      76
      83
      73
      87
     115
      78
      84
      81
      89
      78
      93
      77
      89
      91
      91
     113
      82
      89
      98
      88
      81
      85
      70
      79
      93
      84
      89
      76
      80
      76
      84
      87
      88
      83
      71
      97
      80
      88
      90
      83
     115
     202
     355
     419
     358
     237
     135
     116
     104
      85
      78
      70
      79
      76
      78
      84
      72
      84
      74
      78
      79
      59
      82
      70
      88
      78
      71
      78
      72
      85
      76
      61
      73
      86
      75
      81
      85
      71
      78
      79
      75
      73
      86
      77
      73
      72
      81
      79
      69
      82
      87
      74
      65
      73
      86
      66
      85
      88
      94
     100
      92
      88
      85
      68
      86
      73
      67
     156
     325
     529
     627
     606
     355
     169
      79
      77
      69
      61
     101
      60
      65
      81
      49
      73
      65
      71
      76
      72
      77
      74
      85
      53
      69
      76
      79
      74
      68
      59
      83
      86
      65
      90
      63
      76
      78
      81
      74
      71
      64
      70
      80
      60
      72
      95
      73
      63
      86
      77
      67
      80
      83
      78
      84
      67
      58
      70
      67
      74
      69
      78
      90
      77
      73
      79
      67
      61
      73
      76
      77
      53
      56
      76
      71
      60
      76
      62
      71
      65
      80
      64
      64
      78
      70
      79
      75
      68
      70
      60
      72
      60
      65
      63
      60
      63
      72
      43
      74
      73
      73
      59
      82
      73
      69
      80
      66
      57
      68
      69
      85
      63
      74
      77
      71
      69
      70
      55
      69
      62
      66
      62
      79
      73
      54
      61
      75
      61
      69
      68
      72
      70
      60
      60
      83
      82
     100
     104
      79
      92
      65
      86
      62
      49
      74
      70
      88
      82
      75
      67
      74
      68
      62
      80
      61
      69
      43
      74
      65
      81
      69
      55
      69
      74
      56
      48
      67
      68
      77
      74
      69
      64
      66
      65
      69
      72
      65
      64
      54
      67
      74
      63
      56
      68
      72
      77
      69
      57
      67
      70
      65
      83
      67
      66
      78
      77
      73
      65
      58
      74
      74
      65
      65
      57
      64
      74
      66
      65
      58
      62
      62
      64
      68
      70
      65
      61
      63
      52
      66
      64
      56
      52
      69
      55
      57
      65
      66
      64
      67
      55
      66
      75
      60
      64
      76
      73
      66
      59
      62
      74
      68
      78
      75
      60
      65
      57
      60
      69
      63
      69
      57
      70
      63
      68
      60
      54
      69
      56
      57
      49
      61
      64
      70
      59
      56
      66
      77
      43
      51
      57
      66
      79
      77
      62
      72
      64
      53
      64
      56
      65
      57
      61
      63
      65
      52
      60
      67
      79
      62
      59
      68
      66
      50
      53
      64
      52
      64
      66
      81
      47
      64
      62
      67
     105
     139
     111
     104
      80
      69
      58
      49
      57
      57
      59
      44
      48
      52
      59
      59
      50
      53
      81
      61
      74
      54
      58
      55
      47
      79
      61
      81
      52
      52
      60
      61
      56
      50
      63
      78
      56
      55
      55
      55
      72
      59
      56
      55
      57
      60
      56
      70
      68
      57
      57
      57
      51
      53
      50
      62
      72
      64
      66
      63
      64
      53
      63
      47
      53
      69
      61
      52
      59
      59
      59
      62
      59
      78
      81
      61
      57
      70
      41
      51
      69
      68
      58
      62
      49
      64
      62
      57
      64
      49
      53
      60
      54
      61
      50
      55
      52
      39
      48
      49
      49
      53
      58
      70
      71
      84
      98
     105
      85
      93
      62
      59
      46
      54
      64
      64
      72
      70
      62
      72
      47
      46
      63
      47
      49
      41
      43
      49
      44
      58
      59
      46
      51
      56
      52
      54
      40
      51
      56
      51
      56
      71
      62
      54
      59
      48
      48
      42
      53
      52
      78
      62
      53
      71
      62
      52
      55
      48
      49
      47
      49
      44
      54
      48
      39
      36
      47
      50
      63
      46
      63
      40
      55
      64
      83
      74
      85
      79
      65
      54
      53
      57
      51
      49
      61
      54
      37
      48
      41
      46
      53
      49
      39
      48
      51
      42
      42
      47
      54
      54
      56
      56
      57
      68
      57
      54
      57
      52
      50
      52
      52
      46
      39
      57
      57
      38
      58
      63
      47
      46
      54
      46
      54
      52
      42
      43
      48
      44
      56
      47
      52
      38
      36
      57
      40
      51
      46
      41
      42
      40
      48
      45
      51
      52
      50
      48
      49
      42
      54
      47
      49
      44
      61
      52
      50
      44
      51
      48
      49
      40
      41
      32
      49
      33
      40
      48
      48
      59
      56
      41
      42
      53
      53
      45
      42
      47
      56
      44
      66
      71
      74
      59
      56
      44
      55
      48
      50
      61
      53
      46
      38
      64
      63
      47
      58
      42
      51
      48
      49
      45
      50
      48
      42
      42
      48
      35
      39
      42
      40
      52
      44
      36
      48
      52
      45
      44
      54
      55
      49
      45
      43
      48
      52
      33
      49
      38
      40
      42
      47
      38
      46
      43
      41
      53
      38
      46
      48
      50
      43
      53
      52
      54
      79
      69
      97
      79
      59
      56
      41
      51
      48
      42
      50
      56
      38
      40
      35
      43
      46
      46
      41
      51
      43
      34
      34
      40
      30
      49
      43
      42
      38
      41
      45
      45
      44
      40
      44
      58
      32
      41
      47
      39
      47
      44
      37
      45
      46
      33
      52
      41
      32
      45
      49
      52
      39
      39
      45
      35
      46
      40
      37
      34
      43
      60
      37
      43
      31
      34
      55
      50
      45
      47
      47
      43
      50
      56
      44
      57
      45
      40
      42
      34
      44
      46
      54
      57
      54
      41
      34
      29
      45
      62
      53
      52
      39
      39
      34
      39
      54
      37
      39
      39
      28
      42
      47
      40
      46
      43
      44
      55
      43
      61
      44
      58
      36
      51
      67
      39
      34
      42
      48
      50
      54
      40
      44
      46
      40
      49
      50
      68
      83
     115
     192
     231
     288
     220
     144
      99
      52
      42
      47
      42
      48
      53
      37
      44
      30
      53
      44
      52
      42
      40
      37
      46
      40
      47
      37
      32
      51
      42
      41
      58
      42
      35
      40
      53
      36
      30
      41
      41
      50
      34
      34
      58
      45
      37
      38
      35
      35
      38
      38
      53
      38
      40
      40
      45
      31
      51
      67
      51
      79
      58
      79
      68
      55
      44
      43
      45
      39
      42
      41
      36
      46
      49
      43
      27
      37
      38
      41
      47
      28
      40
      36
      43
      27
      38
      36
      42
      42
      48
      52
      40
      34
      54
      30
      45
      54
      41
      59
      45
      51
      56
      41
      58
      40
      43
      50
      40
      46
      32
      50
      36
      30
      40
      38
      31
      33
      50
      41
      40
      44
      42
      41
      34
      47
      40
      44
      52
      38
      34
      38
      49
      32
      52
      42
      47
      39
      36
      50
      61
      81
      78
      84
      71
      62
      49
      45
      36
      61
     101
      97
     176
     185
     140
      98
      68
      57
      38
      50
      42
      47
      29
      29
      32
      47
      40
      33
      36
      38
      42
      42
      40
      41
      44
      34
      30
      33
      41
      45
      43
      41
      37
      46
      47
      47
      52
      45
      33
      39
      39
      44
      40
      31
      40
      35
      41
      33
      36
      45
      43
      35
      40
      31
      33
      47
      47
      53
      33
      33
      43
      28
      42
      38
      39
      39
      31
      30
      41
      44
      44
      46
      45
      34
      39
      38
      45
      44
      31
      36
      39
      39
      41
      54
      54
      51
      45
      41
      37
      37
      40
      39
      39
      52
      42
      38
      40
      28
      35
      34
      35
      54
      36
      44
      48
      33
      33
      53
      32
      40
      39
      30
      32
      39
      36
      36
      36
      36
      55
      35
      42
      36
      46
      37
      29
      24
      33
      36
      45
      41
      47
      30
      43
      36
      31
      29
      31
      39
      45
      33
      42
      34
      36
      32
      34
      43
      42
      32
      34
      35
      40
      34
      33
      46
      33
      30
      32
      39
      36
      34
      53
      33
      30
      48
      35
      45
      37
      38
      38
      46
      27
      30
      33
      29
      28
      44
      41
      43
      33
      33
      39
      32
      38
      37
      45
      29
      35
      32
      29
      43
      32
      42
      39
      31
      50
      44
      49
      39
      37
      29
      36
      41
      28
      41
      53
      38
      43
      42
      25
      23
      31
      37
      36
      29
      42
      42
      36
      46
      44
      40
      31
      31
      35
      42
      32
      33
      36
      29
      31
      31
      33
      40
      31
      39
      37
      32
      47
      40
      39
      39
      38
      34
      34
      34
      36
      48
      39
      39
      54
      40
      36
      31
      33
      35
      30
      32
      42
      35
      47
      40
      38
      31
      46
      43
      45
      46
      50
      38
      30
      37
      30
      44
      48
      39
      39
      35
      32
      40
      30
      38
      38
      38
      36
      41
      48
      45
      47
      45
      35
      40
      41
      28
      29
      38
      30
      37
      50
      33
      36
      45
      49
      33
      37
      34
      38
      40
      39
      40
      44
      49
      48
      35
      42
      31
      37
      45
      51
      45
      45
      44
      42
      36
      41
      35
      51
      35
      53
      39
      39
      43
      45
      37
      43
      43
      38
      40
      33
      35
      37
      41
      42
      35
      52
      46
      40
      27
      38
      39
      32
      42
      38
      37
      42
      39
      32
      47
      37
      35
      33
      39
      40
      39
      41
      38
      45
      35
      36
      40
      34
      41
      29
      48
      28
      47
      46
      41
      44
      40
      36
      42
      40
      35
      45
      38
      39
      29
      38
      45
      60
     108
     170
     169
     143
     115
      91
      48
      38
      30
      34
      30
      42
      34
      41
      33
      33
      31
      28
      39
      43
      37
      29
      44
      36
      37
      38
      38
      34
      43
      30
      39
      43
      33
      22
      48
      48
      43
      43
      47
      40
      37
      38
      36
      44
      45
      50
      34
      35
      39
      32
      34
      33
      38
      32
      47
      35
      45
      30
      43
      36
      39
      39
      33
      48
      35
      44
      33
      45
      41
      53
      49
      49
      34
      35
      30
      41
      36
      39
      36
      39
      44
      36
      42
      33
      38
      34
      48
      37
      43
      44
      48
      42
      66
      48
      40
      39
      51
      33
      46
      33
      32
      35
      43
      36
      41
      57
      46
      34
      38
      23
      34
      40
      44
      44
      40
      42
      51
      41
      50
      41
      35
      49
      30
      48
      33
      37
      45
      38
      40
      37
      42
      39
      37
      39
      34
      34
      44
      41
      37
      40
      49
      50
      37
      41
      38
      40
      36
      41
      45
      27
      37
      44
      59
      49
      57
      32
      38
      40
      31
      48
      39
      42
      43
      49
      52
      43
      30
      34
      47
      36
      47
      52
      41
      42
      37
      41
      41
      26
      52
      44
      38
      42
      46
      49
      48
      43
      32
      43
      50
      41
      43
      46
      48
      50
      44
      37
      42
      43
      57
      40
      45
      46
      60
      55
      40
      47
      35
      38
      44
      43
      31
      52
      36
      37
      45
      55
      38
      40
      43
      46
      34
      52
      42
      44
      31
      39
      42
      46
      45
      47
      43
      46
      28
      51
      46
      37
      42
      49
      36
      46
      57
      51
      52
      35
      44
      42
      41
      50
      40
      52
      50
      43
      47
      43
      44
      45
      45
      39
      34
      44
      47
      46
      52
      40
      37
      39
      38
      38
      45
      40
      40
      37
      45
      56
      36
      50
      46
      46
      49
      37
      42
      45
      48
      32
      49
      45
      37
      49
      43
      51
      37
      51
      46
      53
      56
      32
      56
      49
      45
      36
      47
      47
      66
      86
      93
      93
      76
      64
      48
      41
      51
      32
      39
      37
      49
      43
      47
      37
      36
      33
      32
      30
      51
      45
      38
      34
      32
      28
      36
      34
      31
      42
      32
      40
      30
      27
      30
      32
      34
      35
      32
      33
      40
      34
      38
      32
      33
      39
      38
      20
      32
      26
      25
      29
      36
      30
      35
      29
      26
      30
      29
      38
      21
      27
      37
      36
      31
      38
      26
      33
      22
      28
      30
      29
      33
      29
      27
      27
      39
      31
      27
      29
      22
      31
      44
      32
      23
      19
      33
      30
      33
      17
      31
      32
      29
      32
      37
      28
      15
      29
      36
      33
      28
      36
      21
      33
      29
      27
      25
      26
      39
      33
      20
      49
      39
      43
      41
      37
      42
      27
      23
      27
      25
      31
      22
      25
      32
      29
      18
      33
      24
      18
      29
      28
      25
      25
      25
      22
      26
      30
      18
      23
      20
      21
      26
      29
      29
      33
      18
      31
      34
      25
      29
      23
      32
      25
      24
      19
      24
      37
      37
      22
      26
      17
      20
      28
      20
      15
      13
      21
      21
      30
      26
      31
      28
      22
      23
      28
      31
      31
      24
      23
      22
      21
      25
      14
      21
      27
      17
      19
      25
      23
      24
      20
      22
      19
      20
      33
      15
      17
      24
      25
      19
      21
      16
      19
      20
      13
      18
      16
      29
      19
      23
      19
      23
      20
      23
      29
      29
      18
      15
      24
      25
      31
      13
      20
      15
      24
      16
      13
      17
      26
      21
      12
      17
      20
      16
      14
      21
      25
      25
      17
      23
      24
      27
      21
      14
      17
       8
      15
      14
      14
      13
      17
      11
      12
      28
      11
      18
      16
      25
      20
      17
      19
      13
      13
      13
      18
      22
      22
      19
      12
      18
      22
      21
      20
      16
      14
      11
      24
      14
      14
      21
      13
      21
       7
      26
      16
      14
      15
      13
       9
      21
      13
      13
      13
      17
      19
      11
      10
      12
      12
      15
      20
      21
      17
      14
      20
      11
      17
      16
      16
      12
      10
      17
      15
      15
      10
      19
      20
      12
      15
      12
       9
      15
       9
      21
      18
      18
      15
      13
       9
      16
      10
      12
      14
      16
      13
      22
      15
      12
      12
      23
      17
      14
      13
      11
      11
      15
      14
      12
      14
      12
      11
      19
      11
       8
      16
      22
      11
      32
      29
      33
      41
      40
      33
      20
      14
      18
      13
       9
      14
      14
      16
      10
      15
      13
      16
      16
      19
      19
      16
      18
      21
      16
      12
      11
      12
       9
      13
      15
       9
      13
      15
      13
      12
       6
      12
      13
      12
       9
       5
      18
      15
       9
      12
      14
      13
      11
      10
      13
      10
      13
      10
       0
      22
      14
      14
      20
       5
       8
      16
      21
      19
      17
      19
      18
      14
      11
      11
      12
      10
      16
       9
      11
      16
      15
      18
      23
      26
      29
      33
      32
      22
      17
      26
      15
       6
       7
      13
      15
      11
      13
      14
      10
      14
      13
      11
       9
       8
      10
       6
       9
      13
       6
      19
       6
      13
      13
      13
      10
       3
      10
      11
      13
      13
      10
      10
      19
      17
      10
      15
       9
       9
      13
      10
       4
      12
      18
       9
      10
      14
      11
       5
      11
       9
       9
       8
      15
       6
       9
       9
      10
      13
      12
      21
      10
      10
       8
      10
       9
       6
      10
      15
       6
      10
      13
       9
      16
      12
       8
      18
      12
      15
      12
       9
       8
      16
      15
      14
      14
       7
      11
      18
      11
      12
      15
      15
      12
      11
      13
      10
      12
      17
      12
      17
      11
      21
      17
      16
      15
      16
      22
      18
      18
      12
      12
      14
      12
       9
      13
      15
      12
      15
      13
      13
      25
      34
      41
      60
     109
     193
     388
     689
    1057
    1519
    1686
    1471
     972
     542
     264
     104
      23
      12
      10
       8
       7
       6
      11
       3
       8
       5
       5
       2
      10
       7
       2
       9
       9
       9
      10
       9
       7
       8
       8
       5
       5
       6
       5
       5
       7
       7
       5
       8
       8
       5
       7
       7
       5
       2
       9
      12
      11
       8
       9
      10
       8
       9
       3
       5
       7
       4
      10
      11
       5
       5
       9
       8
      11
       8
       6
      10
       9
       5
       8
       7
       6
       7
       7
       4
       3
      11
       8
       9
       6
       6
       5
      10
       4
      10
       4
       6
       7
       4
      14
      11
      16
      16
       6
       6
       5
      13
      12
       5
       6
       5
       6
       6
       8
      12
      10
      13
      12
      10
      11
       8
       3
      10
       5
      10
       7
       7
       8
       9
       9
       5
       7
      10
      19
      20
      22
      14
      13
      20
      11
      13
       6
       5
      10
       7
       7
       9
       6
      13
       3
       9
      10
       6
       7
       7
      14
       5
       7
       4
       3
       7
      10
       8
       3
       5
      12
      10
       6
       6
       7
       7
       5
       6
       3
      10
      10
       7
       8
       3
       8
       5
       7
       9
       8
       6
       5
      14
       9
       5
      11
       6
       7
       8
       3
       9
       5
       9
       6
       6
       5
       9
       6
       3
      12
       5
       3
       8
       4
      13
       4
      10
       6
       7
      10
       7
       4
       5
       3
       8
      12
       9
       6
       9
       8
      10
       8
       3
       5
       3
       5
       4
       5
       6
       6
       3
       7
       6
       6
       6
       4
       8
       3
       4
       4
       6
       4
       6
       9
       6
       5
       4
       9
       6
       7
       4
       8
       7
      10
       7
       9
       5
       7
       6
       8
       6
       8
       4
       5
       6
       8
       5
       9
       7
       5
       3
       6
       8
       2
       4
       8
       8
       5
       5
       9
       4
       7
       9
       2
       2
       5
       9
       3
       5
       7
       7
       2
       7
       7
       3
       5
       7
       5
       2
       4
       5
       4
       6
       4
       4
      11
       6
       6
       2
       4
       4
       8
       6
      12
      14
       6
       6
      12
       7
       8
       9
      16
       9
       7
      10
       3
       6
       4
       4
       5
       9
      14
      21
      21
      22
      29
      20
      12
       9
       7
       9
       4
      25
      31
      33
      24
      20
      21
      17
      14
       9
      11
       6
      10
       4
       3
       7
       9
       8
       8
       8
       3
      14
       9
       8
       3
       7
       5
       8
      11
       8
       3
       3
       4
       5
       8
       7
       6
       3
       5
       4
       6
       6
       4
       6
       4
       7
       6
       7
       7
       3
       8
       3
       7
       4
       5
       7
       3
       5
       1
       4
       8
       3
       2
       2
       7
       2
       3
      10
       4
       4
       4
       2
       7
       7
      11
      13
      21
      11
       8
       6
       6
       1
       8
       2
       3
       9
       9
       3
       6
       5
       3
       6
       7
       2
       6
       5
       4
       8
       5
       4
      17
       9
      10
       8
      13
      10
       4
       5
       5
       9
       7
       5
       4
       3
       2
       4
       6
       6
       2
       7
      11
       6
       4
       8
       9
       7
       4
       5
       2
       2
       7
       5
       6
       3
       2
       2
       6
       5
       8
       8
       5
       0
       3
       4
       7
       6
      10
       8
       1
       6
       7
       5
       3
       2
       5
       9
       4
       3
       3
       3
       7
       4
       3
       3
       5
       4
       5
       3
       3
       2
       9
       4
       7
       2
       3
       7
       2
       2
      10
      10
      11
      15
      12
       7
       6
       2
       4
       5
       4
       3
       3
       4
       4
       3
       7
       2
       7
       3
       2
       5
       3
       3
       3
       4
       8
       5
       0
       4
       2
       5
      10
       5
      11
       6
       4
       0
       5
       1
       8
       6
       5
       1
       2
       3
       8
       3
       6
       3
       5
       5
       6
       1
       3
       3
       3
       3
       8
       4
       2
       8
       2
       5
       2
       2
       8
       0
       4
       6
       7
       1
       6
       2
       5
       5
       1
       6
       3
       5
       2
       3
       3
       4
       9
       4
       6
       8
       6
       7
       4
       3
       2
       2
       7
       3
       5
       7
       6
       2
       6
       5
       2
       5
       3
       5
       7
       4
       7
       7
       4
       6
       5
       4
       6
       3
       5
       3
       1
       6
       4
       1
       7
       5
       9
       5
       5
       0
       8
       4
       7
       1
       5
       4
       4
       4
       2
       5
       7
       6
       2
       6
       2
       5
       2
       6
       5
       7
       2
       3
       5
       1
       7
       3
       6
       5
       3
       5
       2
       6
       6
       4
       6
       4
       2
       2
       4
       2
       6
       4
       2
       8
       5
       8
      13
      16
      16
      17
      16
      23
      11
      17
       5
       6
       5
       6
       6
       4
       6
       6
       2
       6
       6
       2
       4
       3
       5
       5
       4
       4
       4
      10
       0
       6
       3
       2
       6
       4
       3
       3
       2
       2
       5
       2
       4
       0
       2
       5
       9
       4
       4
       4
       5
       5
       4
       5
       5
       6
       5
       3
       3
       5
       6
       4
       3
       2
       4
       5
       1
       3
       4
       6
       2
       3
       2
       4
       3
       3
       3
       4
       9
       6
       3
       1
       4
       5
       1
       5
       3
       6
      10
      14
      25
      30
      47
      61
      81
      91
     117
      66
      43
      20
      14
       3
       6
       8
       1
       4
       2
       4
       5
       5
       3
       6
       1
       5
       2
       4
       3
       7
       5
       4
       2
       3
       2
       5
       3
       4
       5
       6
       3
       6
       2
       9
       6
       2
       7
       3
       3
       0
       0
       4
       5
       1
       3
       4
       2
       3
       5
       6
       2
       1
       3
       2
       6
       3
       2
       4
       5
       3
       2
       2
       1
       6
       2
       3
       4
       4
       3
       4
       4
       3
       3
       1
       3
       3
       3
       4
       3
       3
       3
       2
       1
       7
       2
       4
       5
       4
       4
       7
       3
       3
       3
       3
       6
       6
       4
       4
       4
       8
       2
      10
       8
       4
       3
       2
       1
       6
       1
       1
       1
       3
       2
       7
       3
       3
       4
       5
       2
       5
       1
       2
       3
       5
       4
       7
       8
       2
       4
       2
       3
       5
       5
       2
       3
       2
       4
       3
       4
       2
       1
       3
       0
       1
       4
       1
       3
       3
       2
       1
       5
       4
       3
       6
       3
       3
       4
       1
       4
       5
       2
       2
       4
      10
       4
       4
       5
       4
       5
       4
       5
       2
      10
       2
       6
       4
       4
       4
       1
       2
       3
       3
       3
       5
       6
       3
       9
       7
       2
       7
       8
       4
       5
       5
       5
       2
       5
       8
       1
       4
       3
       6
       3
       1
       5
       6
       9
       9
      16
      16
      11
      14
      14
       6
       5
       2
       1
       2
       6
       5
       3
       5
       5
       5
       6
       2
       5
       5
       4
       5
       5
       2
       2
       1
       1
       4
       3
       8
       1
       2
       4
       3
       3
       4
       2
       2
       3
       5
       2
       6
       5
       1
       5
       2
       6
       3
       7
       2
       1
       4
       4
       5
       6
       5
       6
       5
       3
       4
       2
       4
       3
       3
       1
       6
       6
       4
       5
       5
       9
       1
       6
       1
       0
       3
       0
       1
       3
       2
       1
       1
       2
       4
       4
       2
       4
       6
       7
       3
       7
       5
       5
       1
       3
       3
       5
       3
       3
       2
       3
       4
       7
       4
       3
       6
       5
       3
       3
       2
       3
       5
       4
       2
       5
       5
       4
       2
       3
       4
       1
       4
       5
       6
       6
       8
       7
       4
       3
       6
       7
       4
       3
       6
       1
       6
       5
       5
       5
       3
       5
       4
       2
       2
       5
       5
       1
       7
       3
       3
       4
       5
       2
       6
       3
       2
       0
       5
       1
       3
       5
       4
       6
       2
       2
       4
       2
       6
       3
       5
       7
       8
       9
       6
       5
       3
       0
       3
       3
       6
       2
       4
       0
       3
       5
       3
       1
       3
       3
       5
       3
       2
       6
       5
       4
       2
       2
       4
       3
       6
       4
       3
       1
       5
       8
       3
       6
       1
       5
       1
       4
       2
       4
       2
       4
       1
       3
       6
       3
       4
       4
       4
       4
       4
       3
       5
       1
       4
       3
       1
       2
       5
       2
       7
       0
       6
       5
       2
       5
       1
       5
       4
       3
       2
       3
       6
       2
       3
       4
       4
       2
       4
       4
       4
       4
       4
       5
       1
       3
       5
       4
       2
       1
       6
       2
       5
       2
       1
       4
       5
       4
       6
       2
       3
       2
       5
       5
       4
       2
       5
       4
       3
       3
       7
       1
       5
      11
       4
       2
       4
       4
       1
       5
       4
       2
       7
       5
       4
       4
       3
       5
       5
       6
       5
       2
       3
       4
       3
       4
       2
       2
       5
       1
       4
       2
       4
       5
       4
       2
       4
       2
       8
       4
       4
       4
       5
       4
       5
       3
       4
       6
       2
       2
       0
       2
       5
       3
       2
       0
       1
       3
       3
       3
       2
       6
       2
       2
       6
       2
       1
       2
       5
       2
       3
       3
       5
       5
       3
       2
       3
       1
       3
       2
       2
       6
       8
       2
       2
       3
       4
       4
       4
       5
       3
       3
       4
       1
       3
       5
       6
       3
       5
       4
       2
       0
       2
       4
       5
       1
       4
       2
       1
       2
       3
       2
       0
       1
       6
       3
       4
       1
       3
       3
       3
       6
       4
       5
       2
       2
       2
       2
       6
       2
       3
       5
       3
       1
       1
       3
       5
       3
       2
       3
       4
       5
       1
       4
       2
       7
       2
       3
       4
       2
       1
       3
       6
       5
       9
       3
       9
       2
       5
       1
       2
       3
       3
       4
       3
       3
       3
       1
       3
       2
       4
       2
       4
       4
       3
       3
       4
       2
       1
       2
       7
       2
       4
       5
       5
       4
       3
       4
       1
       1
       4
       3
       3
       2
       2
       7
       4
       4
       7
       1
       5
       5
       3
       6
       4
       3
       3
       1
       2
       4
       3
       1
       4
       5
       3
       3
       2
       2
       3
       0
       1
       2
       1
       3
       4
       4
       5
       4
       2
       2
       5
       2
       1
       0
       0
       0
       5
       1
       0
       2
       2
       3
       1
       3
       2
       1
       1
       6
       1
       3
       6
       3
       3
       2
       2
       1
       1
       3
       3
       4
       5
       2
       0
       1
       2
       3
       3
       5
       5
       2
       1
       6
       2
       2
       5
       2
       1
       3
       2
       5
       1
       4
       4
       4
       4
       3
       2
       2
       3
       2
       3
       4
       4
       2
       0
       4
       4
       0
       1
       2
       5
       4
       2
       1
       6
       4
       2
       4
       4
       7
       1
       4
       3
       2
       4
       1
       5
       3
       4
       5
       2
       4
       2
       1
       5
       1
       5
       2
       4
       1
       4
       3
       2
       2
       1
       6
       1
       1
       3
       3
       3
       3
       2
       3
       4
       4
       3
       3
       5
       0
       2
       5
       4
       4
       4
       2
       2
       4
       4
       1
       2
       2
       4
       4
       6
       3
       4
       3
       4
      13
      14
       8
      14
      16
      16
      20
      18
      21
      22
      16
      15
      15
       6
       2
       4
       8
       2
       8
       5
       7
       2
       2
       4
       5
       1
       2
       1
       0
       3
       3
       6
       5
       2
       2
       6
       5
       1
       5
       2
       7
       2
       7
       9
       8
       6
      10
       5
      11
       2
       2
       3
       3
       1
       1
       5
       3
       2
       4
       1
       1
       7
       4
       4
       2
       5
       2
       2
       4
       2
       1
       5
       2
       5
       3
       6
       6
       0
       0
       5
       3
       7
       5
       7
       2
       3
       2
       6
       3
       0
       4
       5
       2
       4
       5
       1
       4
       2
       4
       3
       2
       6
       2
       3
       3
       4
       3
       5
       5
       5
       2
       3
       2
       4
       3
       2
       2
       0
       4
       2
       2
       3
       3
       1
       2
       2
       4
       3
       2
       1
       4
       1
       4
       2
       4
       5
       4
       6
       3
       2
       2
       3
       2
       2
       4
       1
       2
       6
       4
       4
       0
       5
       3
       4
       6
       3
       1
       6
       4
       4
       3
       7
       3
       3
       4
       2
       2
       4
       2
       3
       3
       1
       4
       4
       3
       4
       2
       4
       3
       4
       4
       6
       2
       3
       2
       5
       4
       5
       7
       5
       4
       0
       3
       4
       1
       2
       1
       2
       6
       5
       2
       3
       5
       2
       2
       3
       2
       7
       5
       8
       2
       2
       6
       2
       3
       4
       3
       4
       1
       3
       0
       3
       8
       5
       2
       2
       5
       5
       4
       1
       5
       8
       3
       4
       4
       1
       3
       3
       3
       8
       1
       4
       1
       1
       5
       1
       3
       1
       2
       2
       4
       6
       1
       2
       4
       3
       4
       4
       6
       8
       4
      15
      25
      31
      31
      24
      27
      26
      21
       9
       6
       4
       2
       2
       4
       1
       1
       4
       1
       2
       5
       0
       1
       0
       5
       3
       6
       4
       8
       2
       6
       3
       3
       5
       2
       1
       2
       1
       3
       9
       6
       5
       2
       5
       5
       3
       1
       5
       5
       3
       6
       4
       2
       2
       5
       8
       2
       9
       3
       3
       3
       7
       2
       1
       3
       5
       1
       4
       3
       5
       6
       2
       2
       6
       5
       2
       4
       1
       4
       3
       4
       1
       2
       5
       1
       3
       0
       5
       4
       8
       1
       4
       0
       3
       3
       3
       2
       5
       3
       4
       4
       5
       2
       6
       2
       4
       0
       4
       1
       2
       5
       2
       0
       2
       8
       1
       4
       1
       1
       2
       2
       4
       2
       2
       7
       2
       6
       4
       3
       4
       2
       3
       4
       2
       5
       4
       6
       0
       3
       3
       2
       6
       5
       1
       2
       8
       4
       0
       2
       4
       4
       3
       5
       4
       5
       7
       3
       4
       3
       6
       1
       3
       3
       2
       2
       3
       6
       4
       3
       3
       2
       6
       5
       5
       3
       0
       5
       2
       7
       6
       4
       2
       3
       1
       2
       1
       2
       4
       2
       5
       5
       3
       3
       2
       5
       4
       6
       4
       3
       5
       4
       3
       6
       1
       6
       3
       2
       7
       1
       4
       8
       3
       2
       3
       3
       6
       3
       1
       4
       2
       5
       1
       5
       4
       3
       4
       3
       5
       5
       1
       5
       9
       8
       4
       5
       4
       5
       4
       4
       4
       3
       3
       4
       2
       4
       2
       4
       7
       6
       2
       1
       3
       2
       3
       6
       3
       3
       3
       2
       3
       3
       7
       1
       4
       1
       4
       4
       3
       2
       1
       3
       3
       5
       7
       3
       5
       3
       6
       3
       4
       5
       3
       0
       8
       8
       5
       3
       5
       5
       4
       3
       4
       3
       6
       7
       1
       2
       2
       5
       2
       6
       3
       0
       3
       7
       7
       4
       5
       5
       2
       3
       4
       8
       8
       4
       2
       5
       2
       4
       3
       3
       6
       3
       5
       5
       5
       3
       4
       2
       4
       4
       5
       2
       5
       4
       2
       6
       3
       2
       3
       5
       5
       6
       3
       5
       5
       3
       1
       3
       4
       2
       5
       2
       3
       0
       7
       1
       4
       2
       3
       2
       2
       5
       9
       3
       4
       2
       0
       3
       3
       3
       1
       7
       2
       4
       5
       2
       1
       4
       5
      11
       8
       7
       3
       5
       3
       5
       5
       3
       6
       4
       5
       4
       3
       6
       2
       1
       2
       4
       1
       4
       7
       5
       8
       3
       5
       5
       5
       6
      11
       6
       2
       4
       3
       3
       4
       3
       7
       4
       2
       5
       3
       4
       6
       5
       4
       6
       3
       6
       4
       6
      11
       4
       5
       1
       4
       8
       0
       1
       4
       5
       0
       4
       6
       2
       2
      10
       3
       3
       0
       1
       7
       2
       3
       7
       2
       6
       3
       0
       4
       5
       4
       6
       3
       1
       6
       4
       2
       5
       2
       6
       1
       2
       1
       3
       0
       1
       1
       1
       2
       3
       5
       6
       6
       2
       3
       5
       2
       3
       2
       3
       4
       3
       3
       2
       3
       5
       4
       3
       2
       2
       1
       3
       2
       4
       4
       4
       1
       1
       2
       1
       1
       2
       6
       3
       4
       2
       1
       2
       2
       2
       1
       2
       0
       4
       8
       3
       2
       2
       1
       1
       1
       4
       6
       3
       4
       2
       5
       4
       3
       0
       2
       1
       4
       1
       1
       0
       5
       1
       1
       2
       2
       3
       1
       3
       1
       0
       1
       0
       3
       3
       3
       3
       3
       2
       3
       1
       3
       3
       2
       1
       0
       1
       3
       3
       3
       5
       0
       2
       1
       2
       5
       3
       3
       0
       2
       2
       5
       0
       1
       0
       1
       0
       0
       3
       1
       1
       1
       2
       1
       2
       6
       3
       2
       4
       2
       3
       3
       4
       1
       3
       3
       2
       2
       3
       3
       2
       2
       2
       3
       4
       2
       2
       5
       4
       7
       6
       7
       4
       4
      14
       4
       8
       5
       3
       2
       3
       1
       2
       2
       2
       1
       1
       4
       2
       1
       3
       4
       1
       1
       0
       3
       2
       0
       1
       1
       4
       2
       0
       0
       2
       3
       2
       3
       1
       0
       4
       2
       2
       3
       2
       0
       2
       2
       3
       2
       0
       2
       1
       1
       4
       0
       2
       2
       1
       2
       1
       2
       1
       1
       2
       3
       2
       0
       1
       3
       0
       2
       1
       0
       0
       2
       4
       1
       1
       1
       4
       1
       1
       1
       0
       0
       3
       0
       2
       3
       1
       0
       1
       0
       0
       0
       1
       0
       1
       1
       2
       2
       0
       4
       1
       2
       0
       1
       0
       2
       1
       2
       2
       0
       2
       3
       4
       1
       0
       1
       0
       1
       3
       0
       2
       1
       1
       0
       1
       0
       2
       3
       2
       0
       0
       4
       2
       0
       0
       1
       0
       1
       1
       2
       0
       0
       3
       1
       1
       2
       1
       1
       0
       2
       0
       3
       3
       0
       0
       3
       1
       0
       0
       0
       0
       0
       0
       1
       2
       2
       2
       0
       1
       3
       0
       1
       0
       2
       0
       1
       0
       1
       0
       0
       1
       1
       0
       1
       0
       2
       1
       1
       0
       1
       0
       1
       0
       1
       0
       0
       0
       0
       0
       1
       0
       1
       1
       0
       1
       2
       0
       0
       0
       1
       1
       1
       0
       0
       1
       1
       3
       0
       1
       0
       0
       1
       1
       0
       0
       0
       0
       0
       0
       1
       1
       0
       0
       0
       1
       0
       1
       0
       0
       0
       0
       0
       0
       0
       2
       0
       1
       0
       1
       1
       0
       0
       0
       1
       0
       0
       0
       0
       0
       1
       0
       1
       1
       0
       0
       1
       2
       0
       0
       0
       1
       0
       0
       1
       0
       0
       0
       1
       1
       1
       0
       2
       0
       1
       0
       1
       1
       1
       0
       1
       0
       0
       1
       0
       0
       1
       0
       1
       0
       1
       0
       1
       1
       0
       0
       1
       1
       1
       1
       0
       0
       1
       0
       1
       0
       3
       1
       2
       0
       2
       2
       0
       0
       1
       1
       0
       1
       1
       1
       0
       1
       0
       2
       1
       1
       1
       2
       1
       1
       0
       1
       2
       3
       3
       0
       0
       2
       2
       0
       2
       1
       1
       0
       0
       1
       0
       0
       1
       0
       1
       0
       0
       0
       1
       0
       1
       0
       0
       0
       1
       0
       0
       2
       0
       0
       1
       0
       2
       0
       0
       0
       0
       1
       0
       1
       0
       0
       1
       1
       0
       2
       0
       1
       1
       0
       0
       0
       0
       1
       0
       0
       1
       1
       2
       1
       0
       0
       1
       1
       1
       0
       1
       0
       1
       2
       3
       2
       3
       1
       2
      14
      19
      17
      44
      71
      83
     129
     144
     171
     140
     118
      81
      56
      23
      10
       5
       0
       0
       0
       0
       0
       0
       0
       0
       1
       1
       0
       0
       0
       0
       0
       0
       4
       0
       0
       0
       0
       1
       0
       0
       0
       0
       0
       0
       0
       0
       0
       0
       0
       0
       1
       0
       0
       0
       0
       1
       0
       0
       0
       1
       0
       0
       0
       0
       0
       0
       1
       0
       0
       0
       0
       0
       0
       0
       0
       0
       0
       0
       0
       0
       1
       0
       1
       0
       0
       0
       0
       0
       0
       0
       0
       0
       1
       0
       0
       0
       1
       0
       0
       0
       0
       0
       0
       0
       0
       0
       0
       0
       0
       0
       0
       0
       0
       1
       0
       0
       0
       0
       0
       0
       0
       0
       0
       1
       0
       0
       1
       0
       0
       0
       0
       0
       0
       0
       0
       1
       1
       0
       0
       0
       0
       0
       0
       0
       0
       0
       0
       0
       0
       0
       1
       1
       0
       1
       0
       0
       0
       0
       0
       0
       0
       0
       1
       0
       0
       0
       0
       0
       1
       0
       0
       0
       0
       0
       0
       0
       0
       0
       0
       1
       0
       0
       0
       0
       0
       0
       0
       1
       1
       0
       0
       0
       0
       0
       0
       0
       0
       0
       0
       0
       0
       0
       0
       0
       0
       0
       0
       1
       0
       0
       0
       0
       0
       0
       0
       0
       0
       0
       1
       0
       1
       0
       0
       0
       1
       0
       0
       0
       0
       0
       0
       0
       0
       0
       0
       0
       0
       0
       2
       0
       0
       1
       2
       1
       0
       1
       0
       0
       0
       0
       0
       0
       1
       0
       0
       0
       0
       0
       0
       1
       0
       0
       0
       1
       0
       0
       0
       0
       0
       0
       0
       0
       0
       0
       0
       0
       0
       0
       0
       0
       0
       0
       0
       0
       0
       0
       1
       0
       0
       0
       0
       0
       0
       1
       0
       0
       0
       1
       0
       0
       0
       0
       0
       1
       0
       0
       0
       1
       1
       0
       0
       0
       0
       1
       0
       0
       0
       0
       0
       0
       1
       0
       0
       0
       0
       0
       0
       0
       0
       0
       0
       0
       0
       0
       0
       1
       0
       0
       0
       0
       0
       0
       0
       0
       1
       0
       0
       0
       0
       0
       0
       0
       0
       0
       2
       0
       0
       0
       0
       0
       0
       0
       0
       0
       0
       0
       0
       0
       0
       0
       0
       0
       0
       0
       0
       0
       0
       0
       0
       0
       0
       0
       0
       0
       0
       0
       1
       0
       0
       0
       0
       0
       0
       0
       0
       0
       0
       0
       0
       0
       0
       0
       0
       0
       0
       0
       0
       1
       1
       0
       0
       0
       0
       0
       0
       0
       0
       0
       0
       0
       0
       0
       0
       1
       0
       1
       0
       0
       0
       0
       0
       0
       0
       0
       0
       0
       0
       0
       0
       0
       0
       0
       0
       0
       0
       0
       0
       0
       0
       0
       0
       0
       0
       0
       0
       0
       0
       1
       0
       0
       0
       0
       0
       0
       0
       1
       0
       0
       0
       0
       0
       0
       0
       0
       0
       1
       0
       0
       0
       0
       0
       0
       0
       0
       0
       0
       0
       0
       0
       0
       0
       1
       1
       0
       0
       0
       0
       0
       0
       0
       0
       0
       0
       0
       0
       0
       0
       0
       0
       0
       0
       0
       0
       0
       0
       0
       0
       0
       0
       0
       0
       0
       0
       0
       0
       0
       0
       0
       0
       0
       0
       0
       0
       0
       1
       0
       0
       0
       0
       0
       0
       0
       0
       1
       0
       0
       0
       0
       0
       0
       0
       0
       0
       0
       0
       0
       1
       0
       0
       0
       0
       0
       0
       0
       0
       0
       0
       0
       0
       1
       0
       1
       0
       0
       0
       0
       0
       1
       0
       0
       0
       0
       0
       0
       0
       0
       0
       0
       0
       0
       0
       0
       0
       0
       0
       0
       0
       0
       0
       0
       0
       0
       0
       0
       0
       0
       0
       0
       1
       0
       0
       0
       0
       0
       0
       0
       0
       0
       0
       0
       0
       0
       0
       0
       1
       0
       0
       0
       0
       0
       0
       0
       0
       0
       0
       0
       0
       0
       0
       0
       0
       0
       0
       0
       0
       0
       0
       0
       0
       0
       0
       0
       0
       0
       0
       0
       0
       0
       0
       0
       0
       0
       0
       0
       0
       0
       1
       0
       0
       0
       0
       0
       0
       0
       0
       0
       0
       0
       0
       0
       0
       0
       0
       0
       0
       0
       0
       0
       0
       0
       0
       0
       0
       0
       0
       0
       0
       0
       0
       0
       0
       0
       0
       0
       0
       0
       0
       0
       0
       1
       1
       1
       0
       0
       0
       1
       0
       0
       0
       0
       0
       0
       0
       0
       0
       0
       1
       0
       0
       0
       0
       0
       0
       0
       0
       0
       0
       0
       0
       0
       1
       0
       0
       0
       0
       0
       0
       0
       0
       1
       0
       0
       1
       0
       0
       0
       0
       0
       0
       1
       0
       0
       0
       1
       0
       0
       0
       0
       0
       0
       0
       0
       0
       0
       0
       0
       0
       0
       0
       0
       0
       0
       0
       0
       0
       0
       0
       0
       0
       0
       0
       1
       0
       0
       1
       0
       0
       1
       0
       0
       0
       0
       0
       0
       0
       0
       0
       0
       0
       0
       0
       0
       0
       0
       0
       0
       0
       0
       0
       0
       0
       0
       0
       1
       0
       0
       0
       0
       0
       0
       1
       0
       0
       0
       0
       0
       0
       0
       0
       0
       0
       0
       0
       0
       0
       0
       0
       0
       0
       2
       0
       0
       0
       0
       0
       0
       0
       0
       0
       0
       0
       0
       0
       1
       0
       0
       0
       0
       1
       0
       0
       0
       0
       0
       1
       0
       0
       1
       0
       0
       0
       0
       0
       0
       0
       0
       0
       0
       0
       0
       0
       0
       1
       0
       0
       0
       0
       0
       0
       0
       0
       0
       0
       0
       1
       0
       0
       0
       0
       0
       0
       0
       0
       0
       0
       0
       0
       0
       0
       0
       0
       0
       0
       0
       0
       0
       0
       0
       0
       0
       0
       0
       1
       0
       0
       0
       0
       0
       0
       0
       0
       2
       1
       0
       0
       0
       0
       0
       0
       0
       1
       0
       0
       0
       0
       0
       0
       0
       0
       0
       0
       0
       0
       0
       0
       0
       0
       1
       0
       0
       0
       0
       0
       0
       0
       0
       0
       0
       0
       0
       0
       0
       0
       0
       0
       0
       0
       0
       1
       0
       0
       0
       0
       0
       0
       0
       0
       0
       0
       1
       0
       1
       0
       0
       0
       0
       0
       0
       1
       0
       0
       0
       1
       0
       0
       0
       0
       0
       0
       0
       0
       0
       0
       0
       0
       0
       0
       0
       0
       0
       0
       0
       0
       0
       1
       1
       0
       0
       0
       0
       0
       0
       0
       0
       0
       0
       0
       0
       0
       0
       0
       0
       0
       0
       0
       1
       0
       0
       0
       0
       0
       1
       0
       1
       0
       0
       0
       0
       0
       0
       0
       0
       0
       0
       0
       0
       0
       0
       1
       0
       1
       1
       0
       0
       0
       0
       0
       0
       0
       0
       0
       0
       1
       0
       0
       0
       0
       1
       0
       0
       0
       0
       0
       0
       0
       0
       1
       0
       0
       0
       0
       0
       0
       0
       0
       0
       0
       1
       0
       0
       0
       0
       0
       0
       0
       0
       0
       0
       0
       0
       0
       0
       0
       0
       2
       1
       0
       0
       1
       0
       0
       0
       0
       0
       0
       0
       0
       0
       0
       0
       0
       0
       0
       0
       0
       1
       0
       0
       0
       0
       0
       1
       0
       0
       0
       0
       0
       0
       0
       0
       0
       0
       0
       0
       0
       0
       0
       0
       0
       0
       0
       0
       0
       0
       0
       0
       0
       1
       0
       0
       0
       0
       1
       0
       0
       0
       0
       0
       0
       0
       0
       0
       0
       0
       0
       1
       0
       0
       1
       0
       0
       0
       1
       0
       0
       0
       0
       0
       0
       0
       1
       0
       0
       0
       0
       0
       0
       0
       0
       0
       0
       0
       0
       0
       0
       0
       0
       0
       0
       0
       0
       0
       0
       0
       0
       0
       0
       0
       0
       0
       0
       0
       0
       0
       0
       0
       0
       0
       1
       0
       0
       0
       1
       1
       1
       0
       0
       0
       0
       0
       0
       0
       0
       0
       0
       0
       0
       0
       0
       0
       0
       0
       0
       0
       1
       0
       0
       0
       0
       0
       1
       0
       0
       0
       0
       0
       0
       0
       0
       0
       0
       0
       0
       0
       0
       0
       0
       0
       0
       0
       0
       0
       0
       0
       0
       1
       0
       0
       0
       0
       0
       0
       0
       0
       0
       0
       0
       1
       1
       0
       0
       0
       0
       0
       0
       0
       0
       0
       0
       0
       0
       0
       0
       0
       0
       0
       0
       0
       0
       0
       0
       0
       0
       0
       0
       0
       0
       0
       0
       0
       1
       0
       0
       0
       0
       0
       0
       0
       0
       0
       0
       0
       0
       0
       0
       0
       0
       0
       0
       0
       0
       0
       0
       0
       0
       0
       0
       0
       0
       0
       0
       0
       0
       0
       0
       0
       0
       0
       0
       0
       0
       0
       0
       0
       0
       0
       0
       0
       0
       0
       0
       0
       0
       0
       0
       0
       0
       0
       0
       0
       0
       0
       0
       0
       0
       0
       0
       0
       0
       0
       0
       0
       0
       0
       0
       0
       0
       0
       0
       0
       0
       0
       0
       0
       0
       0
       0
       0
       0
       0
       0
       0
       0
       0
       0
       0
       0
       0
       0
       0
       0
       0
       0
       0
       0
       0
       0
       0
       0
       0
       0
       0
       0
       0
       0
       0
       0
       0
       0
       0
       0
       0
       0
       0
       0
       0
       0
       0
       0
       0
       0
       0
       0
$ROI:
1
143 154
$PRESETS:
None
0
0
$ENER_FIT:
2.018625 0.389176
$MCA_CAL:
3
2.018625E+000 3.891756E-001 0.000000E+000 keV
$SHAPE_CAL:
3
1.996070E+000 8.735535E-004 0.000000E+000
