$SPEC_ID:
No sample description was entered.
$SPEC_REM:
DET# 1
DETDESC# DESKTOP-PNQJTCJ Easy-MCA-8k SN 09161357
AP# Maestro Version 7.01
$DATE_MEA:
03/09/2017 10:31:39
$MEAS_TIM:
1987 1999
$DATA:
0 8191
       0
       0
       0
       0
       0
       0
       0
       0
       0
       0
       0
       0
       0
       0
       0
       0
       0
       0
       0
       0
       0
       0
       0
       0
       0
       0
       0
       0
       0
       0
       0
       0
       0
      19
      84
     263
     672
     519
     510
     687
     783
     958
    1343
    2173
    1316
    1280
    1216
     830
     392
     258
     243
     244
     208
     225
     235
     226
     249
     285
     245
     235
     236
     199
     227
     208
     256
     252
     215
     195
     201
     185
     208
     176
     180
     197
     190
     159
     182
     207
     204
     212
     205
     211
     200
     192
     198
     200
     199
     209
     201
     198
     205
     189
     183
     201
     214
     205
     211
     196
     199
     207
     194
     222
     219
     225
     216
     191
     211
     242
     235
     213
     205
     234
     215
     222
     253
     229
     252
     235
     245
     234
     245
     259
     266
     304
     294
     264
     312
     287
     281
     301
     284
     297
     298
     298
     314
     309
     341
     311
     325
     339
     318
     372
     373
     397
     333
     382
     361
     424
     539
     574
     619
     620
     516
     466
     421
     444
     418
     433
     433
     467
     455
     482
     460
     453
     482
     458
     491
     493
     522
     446
     501
     516
     539
     545
     541
     546
     554
     544
     559
     555
     558
     601
     594
     638
     683
     738
     671
     659
     653
     751
     921
     905
     676
     616
     643
     663
     645
     670
     596
     624
     569
     610
     610
     602
     603
     630
     638
     608
     615
     596
     627
     629
     633
     605
     708
     722
     707
     770
     650
     601
     641
     666
     702
     669
     645
     664
     615
     689
     620
     682
     580
     616
     634
     613
     629
     622
     665
     714
     662
     637
     630
     619
     643
     602
     575
     638
     595
     622
     614
     602
     566
     622
     603
     595
     619
     628
     615
     647
     565
     569
     642
     593
     573
     585
     559
     630
     636
     633
     617
     590
     620
     586
     573
     557
     587
     606
     607
     561
     609
     564
     617
     589
     551
     604
     602
     648
     592
     587
     625
     628
     572
     623
     593
     582
     525
     569
     553
     558
     569
     565
     580
     581
     585
     543
     537
     549
     529
     553
     533
     508
     554
     544
     514
     540
     562
     524
     568
     553
     506
     552
     533
     557
     515
     525
     546
     479
     535
     521
     521
     535
     502
     483
     494
     528
     516
     508
     513
     536
     494
     510
     506
     459
     478
     543
     501
     549
     480
     492
     492
     476
     473
     506
     459
     457
     489
     494
     471
     467
     419
     433
     486
     442
     449
     474
     430
     404
     438
     455
     481
     507
     428
     446
     493
     429
     421
     430
     416
     418
     435
     422
     408
     405
     438
     403
     413
     477
     415
     374
     440
     388
     399
     441
     433
     390
     434
     411
     387
     386
     425
     387
     375
     417
     373
     369
     366
     419
     428
     394
     441
     398
     357
     398
     399
     407
     346
     415
     329
     392
     358
     418
     344
     392
     372
     353
     351
     361
     358
     366
     373
     341
     364
     347
     335
     345
     369
     343
     336
     346
     322
     334
     340
     354
     323
     328
     362
     350
     326
     309
     326
     333
     336
     281
     312
     316
     306
     309
     310
     346
     367
     325
     306
     321
     309
     307
     316
     274
     316
     296
     284
     323
     265
     304
     307
     315
     363
     324
     356
     330
     308
     282
     278
     300
     249
     297
     299
     289
     307
     284
     267
     292
     260
     274
     282
     275
     303
     272
     264
     249
     252
     253
     257
     265
     253
     250
     257
     303
     274
     262
     312
     265
     249
     251
     261
     251
     276
     244
     251
     240
     250
     270
     249
     234
     270
     228
     243
     253
     235
     243
     241
     246
     263
     239
     244
     214
     253
     290
     235
     256
     247
     239
     241
     241
     242
     197
     207
     242
     234
     240
     229
     223
     243
     194
     236
     226
     225
     215
     227
     228
     209
     229
     228
     236
     222
     213
     227
     248
     188
     180
     206
     236
     209
     223
     221
     222
     204
     206
     206
     198
     191
     175
     217
     212
     191
     217
     220
     191
     209
     195
     208
     217
     202
     216
     213
     181
     206
     188
     205
     194
     187
     193
     186
     166
     202
     196
     190
     220
     176
     173
     214
     283
     437
     596
     392
     234
     213
     187
     210
     217
     215
     227
     231
     203
     180
     154
     153
     158
     166
     184
     144
     179
     171
     167
     151
     162
     176
     169
     155
     174
     139
     167
     153
     162
     153
     176
     153
     173
     160
     148
     164
     143
     142
     152
     151
     174
     165
     169
     152
     140
     156
     136
     169
     154
     157
     131
     144
     141
     137
     127
     135
     132
     139
     145
     134
     166
     144
     146
     139
     152
     136
     148
     153
     140
     156
     137
     126
     138
     134
     129
     151
     159
     132
     133
     157
     158
     161
     151
     134
     116
     120
     146
     135
     140
     127
     139
     131
     119
     145
     125
     131
     163
     144
     132
     148
     145
     136
     121
     112
     141
     109
     110
     100
     133
     135
     125
     125
     119
     137
     130
     118
     146
     129
     131
     131
     111
     100
     114
     131
     126
     115
      97
     110
     117
     112
     111
     112
     127
     120
     116
     112
      89
     109
     108
     111
     109
     164
     233
     263
     238
     180
     115
     107
     109
     131
     117
     123
     103
     103
     133
     125
     126
     126
     107
     106
     102
     106
     114
      95
     105
     115
     102
     103
     110
      99
     102
      92
      99
     107
     100
     107
      94
     104
      89
      86
      93
      84
      87
      96
      91
     108
     101
     108
     102
      92
      89
     101
      97
     101
      92
     106
     100
      88
      96
     109
     106
      96
     113
      95
     106
      94
      98
      96
      91
      83
      80
      96
      90
      81
      75
      82
      92
      77
     108
      78
      93
      93
      77
      98
      94
      99
     116
     105
     118
      85
      85
      75
      76
      77
      66
      75
     100
     104
      95
      93
      79
      74
      88
     101
      75
     102
      98
      87
      96
      77
      82
      92
     117
     144
     148
     130
     116
      85
      94
      95
      90
      98
      84
      93
      78
      86
      76
      95
      70
      75
      72
      97
      88
      87
      93
      76
      89
      76
      76
      78
      73
      81
      84
      88
      72
      74
     125
     178
     291
     354
     234
     134
     105
      60
      89
      78
      54
      63
      67
      70
      68
      64
      81
      65
      61
      87
      71
      70
      63
      89
      75
      73
      67
      77
      60
      62
      70
      69
      72
      77
      73
      66
      69
      65
      80
      71
      75
      73
      81
      68
      66
      75
      75
      72
      65
      64
      70
      68
      65
      77
      77
      61
      63
      68
      64
      55
      63
      81
      74
      72
      68
      67
      77
      60
      76
      67
      55
      84
      76
      62
      59
      83
      56
      59
      54
      58
      50
      55
      51
      68
      75
      44
      68
      68
      68
      71
      70
      62
      65
      57
      86
      61
      64
      62
      49
      70
      77
      48
      81
      61
      59
      65
      66
      55
      60
      53
      61
      50
      63
      69
      65
      52
      63
      58
      51
      57
      56
      55
      66
      54
      60
      67
      52
      63
      81
      74
      63
      57
      65
      63
      47
      67
      49
      60
      65
      68
      55
      64
      64
      68
      55
      68
      77
      57
      56
      61
      73
      64
      56
      65
      60
      50
      52
      48
      65
      56
      58
      64
      59
      58
      69
      68
      36
      47
      54
      66
      52
      66
      72
      50
      65
      68
      51
      52
      62
      42
      53
      47
      62
      52
      53
      59
      51
      49
      53
      48
      50
      50
      46
      49
      56
      55
      52
      57
      50
      49
      48
      52
      50
      56
      50
      45
      65
      49
      52
      60
      58
      47
      44
      35
      43
      52
      51
      54
      50
      47
      52
      49
      52
      54
      58
      68
      76
      54
      57
      36
      49
      64
      58
      37
      47
      45
      42
      43
      47
      45
      44
      53
      41
      39
      28
      50
      41
      38
      46
      54
      42
      38
      49
      66
      48
      49
      47
      44
      74
      52
      51
      50
      52
      70
      48
      39
      62
      48
      43
      39
      48
      43
      61
      55
      38
      46
      43
      54
      45
      51
      47
      32
      42
      57
      51
      55
      39
      70
      75
      72
      54
      52
      44
      45
      39
      44
      38
      50
      66
      30
      53
      31
      39
      37
      45
      59
      36
      42
      50
      48
      45
      51
      51
      35
      34
      43
      53
      35
      44
      42
      47
      52
      54
      33
      47
      51
      38
      32
      40
      42
      41
      43
      46
      52
      57
      31
      40
      45
      41
      40
      39
      39
      35
      42
      44
      38
      42
      35
      44
      46
      49
      46
      44
      37
      32
      45
      40
      42
      40
      48
      46
      43
      43
      40
      44
      37
      47
      39
      44
      39
      42
      50
      41
      50
      33
      32
      39
      30
      31
      48
      36
      46
      48
      28
      48
      35
      46
      35
      42
      34
      47
      41
      33
      47
      42
      35
      33
      31
      47
      41
      43
      35
      33
      32
      57
      46
      48
      59
      68
      88
     117
     122
     103
      67
      55
      60
      50
      42
      33
      35
      35
      37
      34
      34
      41
      36
      38
      33
      43
      35
      46
      34
      40
      35
      44
      34
      34
      36
      34
      39
      50
      33
      36
      28
      28
      37
      41
      38
      27
      38
      37
      29
      39
      31
      32
      47
      41
      34
      35
      35
      32
      34
      38
      37
      42
      28
      33
      28
      37
      36
      33
      48
      43
      34
      31
      40
      40
      40
      38
      31
      43
      35
      31
      40
      43
      29
      33
      32
      34
      43
      40
      30
      34
      32
      32
      33
      28
      35
      38
      34
      31
      31
      27
      34
      33
      42
      37
      29
      39
      25
      28
      36
      38
      33
      37
      32
      51
      26
      37
      41
      38
      32
      33
      32
      41
      27
      29
      35
      27
      41
      32
      42
      32
      33
      44
      31
      31
      35
      32
      34
      40
      36
      37
      39
      32
      34
      19
      22
      19
      32
      35
      30
      27
      39
      35
      27
      27
      39
      32
      31
      38
      29
      33
      37
      29
      27
      28
      34
      36
      29
      29
      39
      26
      31
      38
      28
      36
      27
      37
      28
      36
      34
      31
      41
      28
      23
      27
      40
      33
      37
      37
      33
      22
      51
      69
     135
     154
     177
     101
      51
      36
      44
      30
      33
      24
      30
      33
      21
      42
      33
      35
      19
      31
      28
      35
      30
      28
      35
      36
      26
      28
      30
      32
      40
      29
      38
      25
      31
      34
      30
      27
      22
      35
      29
      27
      35
      43
      34
      30
      18
      32
      32
      33
      27
      28
      22
      28
      25
      25
      33
      32
      27
      18
      28
      24
      22
      19
      35
      31
      36
      49
     109
     204
     258
     241
     149
      76
      33
      37
      31
      36
      44
      25
      28
      22
      24
      30
      36
      20
      21
      24
      31
      23
      26
      25
      25
      25
      27
      24
      28
      27
      13
      19
      26
      25
      25
      20
      27
      18
      25
      26
      23
      36
      23
      30
      32
      28
      16
      31
      36
      26
      29
      26
      27
      26
      20
      21
      20
      22
      30
      34
      30
      33
      24
      29
      41
      24
      20
      26
      24
      34
      30
      23
      27
      25
      22
      17
      27
      33
      21
      24
      26
      18
      21
      21
      26
      24
      17
      15
      26
      15
      19
      25
      29
      22
      29
      23
      28
      27
      20
      23
      21
      18
      22
      24
      30
      21
      22
      22
      27
      21
      30
      34
      21
      17
      24
      29
      25
      28
      24
      26
      26
      26
      27
      36
      24
      24
      26
      23
      27
      21
      17
      23
      34
      21
      32
      21
      25
      33
      28
      24
      33
      23
      21
      26
      36
      27
      33
      31
      23
      20
      20
      36
      25
      17
      32
      27
      25
      27
      23
      22
      28
      24
      29
      17
      28
      24
      28
      20
      25
      26
      20
      23
      19
      22
      21
      29
      25
      20
      33
      22
      27
      23
      18
      22
      14
      24
      23
      24
      28
      21
      24
      20
      23
      20
      23
      15
      23
      23
      30
      33
      19
      25
      22
      17
      22
      23
      14
      26
      20
      24
      26
      21
      19
      25
      21
      22
      21
      27
      23
      20
      24
      18
      21
      17
      29
      25
      32
      32
      23
      23
      22
      31
      28
      28
      22
      22
      29
      25
      25
      16
      24
      20
      28
      29
      25
      18
      19
      28
      24
      20
      27
      20
      23
      17
      21
      25
      20
      19
      19
      14
      26
      29
      18
      29
      21
      16
      18
      23
      19
      18
      23
      22
      24
      16
      22
      26
      17
      16
      26
      16
      17
      23
      20
      29
      28
      31
      31
      16
      28
      20
      15
      20
      29
      18
      19
      25
      22
      26
      21
      26
      20
      24
      31
      37
      47
      55
      51
      43
      23
      27
      19
      22
      19
      17
      21
      19
      17
      20
      23
      20
      31
      24
      27
      21
      18
      34
      22
      17
      22
      15
      12
      17
      27
      24
      17
      24
      19
      14
      28
      14
      22
      19
      24
      17
      14
      21
      28
      17
      21
      22
      27
      24
      20
      19
      14
      22
      22
      19
      19
      14
      16
      22
      20
      22
      17
      22
      18
      17
      21
      18
      33
      23
      18
      20
      17
      24
      20
      27
      29
      21
      19
      14
      15
      20
      19
      11
      12
      28
      16
      15
      16
      24
      23
      20
      13
      25
      25
      20
      21
      22
      21
      15
      20
      28
      30
      23
      25
      26
      31
      45
      37
      27
      36
      19
      23
      20
      21
      20
      18
      21
      41
      21
      28
      28
      27
      27
      30
      22
      23
      15
      21
      24
      15
      16
      17
      24
      24
      19
      24
      21
      19
      23
      28
      17
      32
      22
      16
      15
      17
      27
      16
      25
      20
      19
      23
      26
      27
      24
      17
      20
      16
      18
      12
      21
      14
      17
      24
      22
      20
      21
      25
      28
      15
      22
      22
      21
      27
      34
      39
      36
      22
      33
      23
      18
      17
      15
      13
      18
      21
      21
      12
      14
      19
      12
      15
      17
      21
      21
      15
      16
      15
      30
      18
      14
      22
      19
      22
      25
      16
      26
      22
      17
      18
      13
      15
      21
      24
      13
      16
      23
      20
      19
      13
      17
      19
      14
      17
      15
      15
      24
      19
      15
      18
      12
      27
      21
      20
       8
      21
      13
      17
      18
      12
      23
      18
      11
      21
      22
      19
      10
      16
      17
      15
      16
      16
      18
      22
      14
      25
      18
      26
      16
      19
      16
      25
      17
      20
      28
      14
      22
      25
      12
      18
      17
      17
      13
      16
      15
       8
      26
      18
      28
      25
      26
       9
      20
      18
      15
      18
      15
      11
      23
      23
      20
      27
      22
      16
      21
      23
      20
      16
      17
      12
      18
      15
      14
      14
      14
      11
      17
      19
      16
      19
      19
      16
      19
      18
      17
      17
      19
      19
      20
      13
      13
      21
      21
      13
      13
       7
      15
      21
      14
      13
      19
      17
      27
      11
      18
      20
      17
      18
      20
      15
      19
      10
      20
      31
      34
      41
      26
      23
      18
       7
      18
      22
      15
      17
      14
       8
      28
      16
      19
      16
      16
      12
      24
      18
      19
      13
      11
      13
      19
      20
      15
      13
      14
      15
      17
      23
      16
      19
      12
      12
      16
      13
      23
      19
      14
      17
       9
      19
      12
      23
      12
      19
      17
      16
      19
      18
      25
      17
      24
      15
      17
      13
       7
      15
      16
      15
      20
      16
      25
      17
      21
      19
      19
      21
      16
      10
      18
      13
      20
      18
      11
       9
      16
      12
      18
      15
      17
      17
      20
      16
      17
      14
      15
      15
      16
      13
      14
      19
      13
      15
      15
      21
      14
      14
      18
      24
      20
      10
      14
       7
      16
      15
      18
      18
      21
      14
      16
      12
      14
      14
      14
      17
      10
      14
       9
      14
      12
      20
      18
      30
      32
      44
      76
      94
      93
      90
      47
      43
      21
      18
      13
      17
      17
      20
      21
      17
      15
      17
      12
      17
      11
      21
      22
      15
      16
      13
      16
       8
      11
      12
      18
      13
      16
      21
      18
      10
      16
      18
      17
      14
      18
      17
      19
      16
      14
      19
      16
      16
      11
      23
      14
      16
      11
      10
      18
      12
      14
      15
      19
      19
      15
      33
      34
      32
      25
      15
      15
      14
      25
      18
      17
      13
      11
      12
      23
       9
      15
      12
      13
      18
      13
      16
      17
      13
      10
       8
      25
      16
      15
       9
      15
       9
      13
      15
      15
      14
       9
      13
      20
      14
      21
      19
      18
      24
      21
      23
      25
      21
      16
      19
      16
       6
      11
      11
      12
      15
       9
      16
      16
      19
      14
      15
      12
       7
      21
      15
      16
      15
      20
      14
      11
       9
      16
      13
      24
      17
       6
      15
      17
      19
      23
      25
      22
      26
      22
      22
      18
      14
      15
      21
      45
      64
      70
      52
      49
      24
      15
      16
      15
      16
       9
      15
      12
      11
      17
       8
      18
      12
      13
      21
       8
      13
      10
      22
      14
      19
      12
      20
      16
      14
      12
      12
      13
      18
      16
      13
      11
      15
      22
      14
      11
      14
      14
      12
      16
      18
      14
      16
      16
       7
      12
      18
      15
       9
      15
      15
      15
      12
      14
      17
      16
      15
       7
      18
      14
       6
      15
      15
      14
      23
      15
      15
      11
      15
      12
      15
      12
      14
      18
      23
      13
      15
      15
      17
      18
      17
      10
      14
      13
      13
      19
      18
      23
      14
       9
      17
      19
      20
      11
      11
      16
      10
      17
      22
      19
      21
      16
      17
      18
      17
      16
      15
      15
      19
      21
      13
      14
      12
      26
      17
      12
      13
       9
      10
       9
      17
      14
      13
      15
      21
      18
      18
      14
      17
      15
      16
      16
      15
      10
      14
      14
      13
      18
      14
      10
      19
      11
       8
      20
      10
      14
       8
      18
      15
      13
       6
      22
      19
      13
      19
      15
      13
      12
       7
      20
      18
      10
      13
      16
      15
      15
      19
      13
      14
      11
      14
      17
      14
       6
      12
      12
       8
      10
      10
      19
      13
       8
      22
       6
      23
       7
      10
      13
      16
      17
      19
      19
      14
      16
       8
       9
      17
      11
      13
      11
      11
      14
       9
      12
       6
      15
       9
      14
      19
      15
      19
      18
      15
       9
      14
      11
      12
      13
      16
      18
      13
      26
      14
      15
      18
      16
      24
      14
      17
      11
      15
      13
       8
      18
      17
      18
      13
      16
      14
      12
      18
      21
      11
      14
      13
       7
      17
      15
      19
      11
      16
      16
      16
      23
      13
      18
       9
       8
      18
      14
      11
       9
      14
      15
      10
      14
      18
      17
      25
      14
      11
      16
       7
      14
      16
      14
      12
      21
      17
      18
      17
      18
       8
      13
      13
      20
      19
      11
      16
      23
      20
      14
      12
      13
      13
      17
       7
      14
      11
      14
      17
      19
      23
      11
      14
      13
      18
      13
      11
      12
       8
      16
      19
       8
       9
      16
      12
      15
      13
      17
      19
      15
      15
      17
      23
       9
      18
      19
      14
      13
      11
      11
      13
      17
       8
      13
      19
      17
      16
      12
      13
      18
      16
      12
       9
      10
      11
      16
      12
      15
      20
      13
      15
      15
      13
      15
      12
      12
      11
      13
      15
      13
      20
      10
      14
      20
      19
      17
      10
      11
      16
      21
      13
      12
       9
      14
       8
      17
      17
      21
      14
      20
      27
      45
      55
      70
      69
      54
      27
      25
      16
      13
      17
      14
      13
       9
      15
       8
      16
      17
      10
      10
      14
      15
       9
      14
      17
      23
      18
      14
      11
      21
      14
      17
      13
      22
      12
       7
      12
      12
      16
      15
      17
      18
      10
       6
      15
      15
      16
      15
       8
      15
       9
      13
      19
      12
      11
      17
      10
      16
      20
      18
       7
      14
      15
      21
      17
      11
      12
      18
      15
      20
      14
      13
      15
      16
      19
      13
      16
      15
      13
      13
      19
      12
      12
      16
      17
      13
      19
      12
      18
      14
      19
      18
      22
      29
      15
      20
      19
      17
      15
      10
      20
       8
      14
      15
      14
      23
      15
      16
      16
      11
      24
      16
      23
      10
      17
      12
      12
      16
       5
      15
      12
      17
      15
      23
       8
      22
      20
      12
      19
      18
      13
      11
      11
      15
      18
      11
      16
      10
      15
      20
      21
      16
      22
      12
      19
      13
      12
      11
       7
      25
      23
      19
      20
      22
      22
      20
      17
      18
      18
      15
      11
      14
      21
      14
      22
      16
      14
      17
      10
       9
      27
      20
      14
      13
      23
      13
      13
       9
      16
      28
       9
      12
      12
      15
      18
      16
      18
      15
      14
      19
      12
       8
      11
      25
      15
      18
      12
      12
      18
      14
      13
      18
      13
      14
      16
      18
      17
      13
      10
      17
      11
      16
      17
      11
      14
      13
      12
      19
      12
      14
      23
      17
      17
      14
      18
      16
      14
      16
      21
      19
      13
      11
      17
      17
      15
      14
      27
      16
      11
      19
      15
      17
      16
      18
      23
      17
      10
      16
      13
      16
      21
      20
      20
      16
      18
      16
      22
       8
      15
      17
      13
      13
      20
      26
      20
      15
      15
      20
      13
      21
      16
      13
      20
      15
      16
      14
      24
      16
      10
      10
      22
      13
      19
      10
      15
      14
      22
      15
      15
      23
      18
      13
      17
      17
      13
      14
      14
      13
      19
      21
      17
      21
      22
      20
      29
      37
      37
      32
      27
      16
      22
      16
      22
      19
      18
      12
      14
      16
       7
      15
      15
      18
      12
       9
      17
      16
       8
      20
      16
      11
      20
      10
      10
      13
      12
       8
      13
       6
      13
      18
       9
      20
      15
      14
      13
      13
      10
      12
      13
      12
      12
      15
      11
       8
       3
      10
      16
      12
      12
      12
      11
      10
       8
      17
      13
      15
      10
       7
      14
       8
      13
       8
      14
      15
      12
      14
      15
      14
      13
       6
       9
      12
      16
      11
       7
       7
       8
      12
      14
      11
       5
       8
      11
      16
       8
      13
       8
      11
       7
      12
       7
      11
      12
      11
      15
       5
      16
       9
      17
      10
       8
      10
       8
      11
      15
      20
      20
      11
      11
      14
      19
      13
       9
       0
      11
      16
       8
       6
      11
      13
      13
      10
       7
       6
       5
      11
      14
      14
      11
      13
       7
      10
       6
       5
      13
      10
       6
       9
       7
      14
       9
       9
       6
       9
       8
       3
       7
       5
       8
      13
       7
       8
       7
       9
      12
       6
      10
      10
       9
       6
       5
      13
      11
       8
      10
       7
      10
       3
       7
       8
       7
       4
       8
      12
       7
      10
       5
      11
      10
       9
      13
      11
       6
      12
      10
       8
       5
       7
       4
       7
      10
       8
       8
       9
       5
      19
      11
       7
      11
      12
       6
       8
      14
       6
       5
      13
       8
       5
       8
       7
       6
      12
       8
      10
       5
      12
       4
       5
       7
       9
       7
      11
       8
       9
      10
       5
       8
       5
       3
       5
      10
       4
       5
       2
       8
       7
       5
       2
      16
       5
       7
       7
      11
       7
       4
       4
       7
      12
       6
       7
       3
       6
       4
       6
       7
       6
       7
       5
       6
      10
       3
       9
       9
       9
       5
       8
       7
       3
       7
       6
       8
       1
       3
       6
       8
       8
       8
       9
       5
       5
       6
       3
       5
       6
       9
       5
      11
       3
       7
       6
       3
       2
       4
       4
       5
       3
       1
       6
       2
       7
       4
      10
       4
       7
       3
       6
       3
       2
       6
       5
       6
       9
       3
       8
       8
       6
       4
       2
       5
       4
       7
      10
       6
       6
       4
       5
       9
       4
       6
       4
       6
       5
      12
       5
       5
       5
       6
       5
       4
       3
       8
       9
       6
       3
       5
       5
      10
       9
       9
       3
       6
       4
      16
      10
      14
      10
      16
      18
       3
       5
       3
       1
       6
       5
       5
       7
       4
       5
       5
       5
       6
       5
       5
       3
       7
       6
       3
       3
       3
       7
       6
       2
       3
       5
       4
       9
       4
       6
       5
       3
       2
       5
       7
       5
       2
       7
       1
       3
       6
       4
       5
       5
       6
       4
       2
       4
      11
      10
       7
       6
       3
       7
       9
       4
      11
      15
      11
      13
       3
       4
       6
       6
       5
       3
       6
       5
       5
      13
       4
      11
       8
       8
       9
       9
       8
       7
       9
       3
       3
       8
       3
       5
       3
       1
       7
       7
       6
       3
       1
       2
       5
       2
       7
       3
       4
       3
       5
       5
       6
      10
       2
       4
       3
       1
       5
       5
       1
       2
       8
       3
       4
       2
       2
       6
       4
       5
       2
       3
       6
       6
       6
       4
       6
       4
       3
       1
       2
       4
       4
       7
       7
       0
       1
       6
       5
       1
       1
       5
       4
       6
       1
       5
       4
       3
       3
       1
       4
       4
       4
       2
       4
       2
       7
       5
       3
       7
       2
       4
       3
       3
       4
       8
       4
       2
       4
       8
       4
       7
       6
       4
       4
       5
       6
       4
       6
       2
       4
       3
       3
       5
       4
       6
       6
       2
       5
       7
       5
       4
       4
       6
       2
       7
       5
       9
       8
       4
      10
       7
       8
       9
      16
      22
      55
     142
     217
     371
     541
     627
     560
     399
     279
     133
      41
      13
       6
       4
       3
       3
       0
       3
       1
       5
       1
       1
       2
       2
       3
       6
       4
       3
       3
       2
       2
       3
       3
       2
       3
       3
       3
       3
       1
       0
       7
       1
       7
       3
       3
       2
       4
       0
       1
       5
       2
       3
       1
       2
       1
       5
       3
       5
       1
       5
       2
       1
       2
       3
       0
       1
       3
       6
       1
       5
       6
       1
       1
       3
       3
       4
       4
       3
       5
       2
       1
       2
       1
       3
       4
       1
       4
       6
       3
       2
       3
       0
       1
       4
       7
       2
       1
       1
       2
       7
       3
       0
       1
       1
       1
       2
       2
       4
       3
       6
       5
       3
       3
       3
       3
       4
       0
       4
       2
       1
       3
       3
       2
       4
       4
       5
       4
       3
      10
      10
       6
       8
      10
       5
       2
       5
       6
       4
       2
       1
       4
       2
       2
       5
       2
       1
       3
       2
       2
       3
       1
       4
       3
       1
       5
       5
       6
       1
       1
       3
       5
       4
       3
       3
       2
       2
       0
       3
       3
       3
       0
       1
       2
       6
       0
       1
       1
       0
       0
       4
       1
       2
       3
       1
       1
       2
       2
       2
       1
       0
       1
       5
       2
       3
       2
       1
       3
       4
       0
       4
       3
       1
       2
       3
       3
       4
       0
       1
       1
       0
       1
       3
       2
       5
       2
       3
       6
       6
       5
       3
       2
       2
       5
       4
       1
       2
       4
       2
       3
       4
       2
       2
       2
       3
       8
       1
       1
       4
       4
       2
       3
       2
       5
       4
       1
       1
       1
       2
       2
       1
       2
       3
       4
       3
       0
       3
       2
       1
       1
       1
       3
       1
       4
       0
       2
       4
       1
       5
       2
       0
       4
       2
       1
       2
       3
       4
       2
       2
       1
       1
       0
       3
       2
       1
       1
       2
       2
       5
       1
       5
       1
       3
       1
       0
       7
       5
       2
       1
       2
       3
       2
       1
       4
       3
       3
       2
       1
       4
       4
       3
       4
       6
       4
       4
       4
       4
       2
       2
       5
       4
       2
       9
       0
       3
       2
       1
       5
       5
       4
       7
       3
       7
       8
      10
       3
       5
       8
       6
       2
       6
       9
      11
       4
      13
      10
      13
       7
       4
       5
       3
       3
       2
       2
       0
       0
       1
       3
       3
       5
       5
       9
       4
       4
       0
       4
       1
       5
       3
       1
       5
       0
       0
       4
       0
       2
       3
       3
       0
       2
       0
       2
       1
       2
       0
       3
       0
       3
       1
       0
       4
       1
       0
       3
       1
       3
       2
       1
       2
       2
       3
       2
       3
       1
       1
       0
       1
       0
       1
       2
       2
       1
       0
       3
       2
       5
       4
       7
       7
       4
       4
       5
       4
       2
       0
       1
       3
       3
       2
       2
       1
       3
       2
       3
       2
       2
       1
       1
       5
       9
       6
       2
       3
       3
       2
       4
       3
       2
       2
       0
       2
       0
       0
       4
       1
       2
       3
       4
       1
       1
       1
       1
       3
       1
       3
       1
       0
       2
       3
       1
       1
       1
       0
       2
       1
       1
       1
       2
       1
       2
       1
       0
       2
       0
       1
       2
       3
       1
       0
       2
       1
       0
       3
       2
       1
       0
       2
       2
       0
       0
       1
       2
       1
       2
       2
       1
       3
       1
       0
       2
       4
       2
       2
       0
       2
       1
       3
       3
       1
       3
       5
       5
       3
       6
       3
       0
       1
       0
       0
       3
       0
       7
       2
       1
       1
       5
       1
       1
       1
       4
       1
       0
       4
       2
       3
       1
       2
       2
       1
       1
       1
       3
       5
       0
       2
       3
       1
       1
       1
       2
       2
       3
       0
       3
       0
       1
       2
       1
       1
       2
       2
       2
       5
       0
       2
       1
       1
       1
       2
       2
       5
       0
       2
       1
       3
       4
       0
       0
       0
       3
       1
       2
       0
       0
       1
       1
       1
       3
       1
       1
       5
       3
       1
       2
       2
       4
       0
       5
       1
       2
       2
       1
       3
       1
       1
       1
       2
       2
       1
       2
       3
       1
       5
       2
       3
       0
       1
       2
       1
       1
       0
       0
       1
       1
       2
       1
       6
       1
       3
       0
       0
       1
       2
       1
       1
       2
       2
       3
       2
       0
       1
       2
       0
       0
       1
       2
       1
       1
       1
       1
       2
       1
       0
       0
       1
       1
       2
       2
       1
       2
       0
       2
       0
       2
       3
       0
       4
       0
       0
       0
       2
       3
       3
       2
       0
       3
       3
       2
       2
       2
       1
       0
       1
       5
       6
      12
       8
       8
       6
      10
       1
       2
       4
       3
       0
       2
       0
       2
       4
       2
       0
       1
       1
       2
       1
       0
       1
       2
       1
       3
       1
       0
       1
       2
       3
       5
       1
       2
       2
       2
       0
       2
       0
       0
       2
       1
       2
       2
       2
       2
       4
       2
       2
       3
       0
       1
       0
       1
       3
       1
       2
       0
       2
       0
       1
       1
       3
       2
       1
       0
       2
       1
       1
       0
       2
       3
       3
       0
       2
       2
       3
       3
       2
       1
       2
       8
       2
       3
       3
       4
       3
      15
      18
      21
      35
      44
      39
      23
      21
       8
       3
       1
       2
       1
       2
       1
       0
       2
       0
       2
       1
       2
       1
       1
       1
       1
       2
       0
       4
       3
       3
       1
       2
       1
       1
       3
       2
       2
       0
       1
       1
       1
       2
       2
       2
       0
       4
       1
       0
       2
       3
       2
       1
       2
       1
       1
       4
       0
       4
       3
       4
       1
       2
       0
       2
       3
       0
       1
       0
       2
       0
       1
       3
       3
       2
       1
       2
       0
       0
       0
       1
       1
       2
       1
       3
       2
       3
       2
       0
       2
       4
       1
       2
       2
       1
       0
       0
       0
       0
       2
       3
       1
       1
       4
       1
       0
       1
       3
       0
       3
       1
       0
       0
       1
       0
       1
       0
       0
       2
       1
       2
       0
       0
       0
       3
       3
       0
       0
       1
       1
       1
       4
       2
       0
       0
       0
       3
       1
       1
       6
       1
       1
       1
       6
       0
       1
       3
       0
       0
       1
       0
       0
       3
       2
       3
       1
       3
       2
       3
       3
       0
       0
       2
       2
       2
       0
       2
       3
       1
       3
       0
       0
       2
       1
       0
       0
       2
       0
       1
       2
       4
       1
       2
       2
       0
       4
       2
       2
       1
       0
       2
       2
       1
       2
       4
       1
       4
       0
       3
       1
       0
       1
       3
       2
       2
       3
       1
       0
       2
       2
       3
       1
       1
       3
       2
       4
       5
       1
       6
       4
       5
       8
       1
       2
       0
       1
       4
       3
       4
       2
       2
       0
       1
       3
       0
       0
       0
       2
       0
       1
       1
       1
       2
       2
       3
       1
       1
       1
       2
       0
       4
       3
       3
       0
       4
       1
       0
       1
       0
       0
       2
       1
       1
       3
       0
       4
       1
       4
       1
       2
       1
       0
       1
       1
       1
       2
       2
       1
       1
       2
       1
       2
       5
       4
       2
       0
       3
       4
       0
       0
       5
       0
       1
       2
       1
       1
       1
       3
       1
       1
       0
       2
       2
       3
       2
       1
       0
       5
       3
       1
       1
       1
       3
       0
       2
       0
       1
       0
       2
       4
       3
       1
       0
       2
       2
       3
       3
       0
       1
       4
       0
       0
       2
       1
       2
       1
       2
       2
       0
       3
       1
       1
       1
       6
       0
       2
       0
       1
       2
       2
       3
       4
       2
       4
       2
       1
       1
       1
       0
       0
       1
       0
       2
       1
       3
       2
       2
       3
       1
       2
       1
       1
       0
       4
       1
       1
       2
       2
       0
       3
       0
       1
       3
       2
       1
       1
       0
       0
       1
       2
       2
       2
       2
       1
       0
       0
       2
       0
       1
       2
       3
       1
       1
       2
       3
       2
       2
       2
       0
       2
       1
       1
       1
       1
       0
       1
       2
       2
       0
       2
       1
       1
       2
       1
       1
       2
       2
       3
       0
       0
       2
       2
       0
       1
       1
       1
       1
       1
       1
       2
       2
       0
       5
       4
       0
       3
       3
       2
       2
       1
       2
       0
       1
       2
       3
       2
       1
       1
       2
       0
       0
       2
       2
       0
       4
       3
       1
       2
       0
       3
       0
       3
       3
       1
       1
       0
       1
       4
       0
       0
       0
       1
       0
       2
       2
       1
       1
       0
       1
       1
       2
       1
       3
       4
       2
       3
       0
       1
       3
       0
       1
       1
       0
       0
       1
       1
       1
       4
       3
       1
       1
       0
       2
       1
       1
       1
       1
       0
       0
       1
       6
       0
       1
       1
       0
       3
       0
       2
       1
       3
       4
       2
       2
       1
       0
       0
       1
       1
       2
       0
       0
       2
       0
       0
       0
       2
       0
       2
       1
       1
       2
       2
       2
       2
       1
       0
       2
       3
       1
       0
       1
       2
       0
       0
       0
       2
       3
       2
       1
       1
       1
       1
       1
       1
       1
       0
       1
       0
       1
       1
       0
       0
       2
       1
       0
       3
       0
       0
       3
       1
       2
       1
       0
       1
       1
       1
       1
       2
       1
       1
       2
       1
       1
       1
       0
       1
       0
       0
       0
       1
       1
       0
       2
       0
       1
       1
       0
       0
       1
       0
       1
       1
       1
       1
       2
       1
       0
       0
       1
       1
       4
       1
       1
       5
       1
       3
       1
       2
       3
       1
       1
       2
       0
       3
       2
       3
       2
       2
       1
       0
       3
       0
       4
       0
       3
       0
       0
       3
       2
       1
       0
       2
       2
       1
       1
       0
       1
       2
       0
       2
       3
       1
       2
       1
       0
       0
       1
       0
       0
       0
       1
       1
       0
       0
       1
       2
       1
       1
       2
       3
       1
       3
       1
       0
       0
       0
       3
       0
       1
       2
       0
       1
       0
       2
       0
       1
       0
       1
       1
       2
       0
       1
       2
       1
       0
       1
       0
       1
       0
       1
       2
       3
       0
       2
       0
       3
       0
       1
       1
       2
       0
       0
       2
       0
       1
       0
       1
       2
       1
       2
       1
       2
       1
       0
       0
       0
       2
       2
       2
       0
       1
       0
       0
       1
       0
       3
       0
       1
       1
       0
       0
       0
       0
       3
       0
       0
       0
       1
       1
       0
       2
       3
       2
       2
       0
       1
       3
       0
       2
       1
       0
       0
       2
       0
       1
       2
       0
       1
       1
       3
       1
       1
       0
       4
       3
       0
       1
       2
       2
       0
       2
       2
       6
       2
       1
       4
       1
       2
       0
       1
       0
       2
       3
       3
       1
       1
       2
       1
       1
       1
       3
       0
       1
       0
       0
       3
       2
       1
       0
       1
       0
       3
       3
       1
       0
       0
       3
       2
       0
       1
       0
       0
       1
       0
       0
       1
       0
       2
       1
       2
       1
       1
       1
       1
       0
       1
       1
       3
       0
       2
       2
       0
       1
       2
       1
       1
       0
       3
       1
       4
       3
       7
       4
       7
      10
       6
       8
      10
       5
       9
       5
       3
       3
       3
       1
       4
       2
       1
       0
       0
       2
       0
       4
       1
       0
       1
       0
       0
       1
       0
       3
       2
       0
       3
       1
       1
       1
       3
       0
       4
       3
       5
       4
       6
       2
       1
       3
       0
       2
       0
       1
       0
       0
       2
       1
       1
       2
       1
       0
       2
       3
       0
       0
       1
       1
       0
       0
       0
       1
       1
       0
       0
       1
       1
       2
       0
       2
       2
       1
       0
       1
       0
       0
       2
       1
       1
       2
       1
       0
       0
       1
       1
       2
       1
       4
       1
       1
       1
       1
       0
       2
       2
       0
       2
       4
       0
       0
       3
       0
       3
       3
       0
       3
       2
       1
       1
       0
       0
       2
       1
       2
       2
       1
       1
       0
       1
       0
       1
       0
       2
       2
       3
       2
       0
       3
       0
       1
       2
       0
       1
       0
       1
       0
       3
       0
       1
       2
       2
       1
       2
       2
       0
       2
       1
       1
       1
       0
       3
       3
       3
       3
       1
       3
       2
       3
       1
       1
       1
       2
       1
       1
       2
       1
       2
       1
       1
       1
       1
       2
       1
       1
       1
       2
       0
       2
       0
       0
       3
       2
       3
       1
       4
       1
       1
       0
       3
       3
       1
       5
       0
       1
       2
       1
       2
       1
       2
       0
       2
       2
       1
       0
       1
       1
       1
       3
       0
       3
       0
       0
       1
       0
       0
       1
       2
       0
       2
       2
       2
       1
       1
       0
       1
       3
       3
       3
       1
       2
       0
       2
       1
       1
       3
       1
       0
       0
       2
       0
       2
       2
       2
       1
       0
       0
       3
       1
       2
       3
       3
       3
       7
       6
       9
      16
      11
      10
       6
       6
       5
       1
       1
       2
       0
       0
       0
       0
       2
       2
       0
       0
       0
       1
       1
       1
       2
       2
       0
       1
       2
       0
       2
       0
       1
       3
       0
       0
       1
       0
       1
       4
       0
       0
       3
       1
       1
       0
       2
       0
       1
       1
       1
       3
       0
       1
       3
       1
       1
       2
       1
       1
       0
       3
       0
       1
       1
       0
       0
       4
       2
       1
       1
       3
       1
       2
       2
       1
       2
       2
       1
       1
       1
       0
       0
       2
       2
       1
       2
       2
       1
       2
       1
       0
       2
       3
       0
       3
       1
       1
       0
       2
       0
       2
       2
       0
       0
       0
       3
       2
       1
       0
       1
       2
       1
       1
       1
       3
       0
       2
       1
       2
       0
       2
       1
       3
       1
       1
       2
       1
       0
       1
       0
       2
       3
       0
       3
       2
       0
       1
       1
       1
       2
       1
       1
       2
       0
       0
       5
       2
       2
       1
       0
       1
       1
       1
       1
       0
       1
       3
       4
       1
       2
       1
       1
       2
       0
       2
       0
       0
       1
       1
       2
       3
       1
       2
       2
       2
       0
       1
       3
       0
       2
       1
       2
       2
       0
       0
       3
       2
       0
       1
       3
       1
       0
       2
       3
       1
       4
       4
       0
       1
       0
       1
       1
       1
       1
       1
       1
       2
       1
       2
       2
       0
       3
       2
       1
       1
       1
       3
       2
       1
       1
       0
       0
       1
       1
       4
       2
       1
       0
       2
       0
       3
       3
       2
       1
       1
       3
       1
       3
       1
       0
       2
       0
       0
       1
       0
       1
       1
       5
       2
       2
       2
       0
       1
       2
       0
       1
       2
       2
       0
       1
       1
       1
       2
       1
       0
       2
       1
       0
       1
       0
       1
       2
       0
       1
       2
       0
       0
       0
       0
       2
       2
       0
       2
       2
       0
       0
       3
       3
       1
       1
       0
       2
       1
       2
       1
       0
       0
       0
       1
       1
       2
       0
       2
       2
       0
       0
       3
       1
       5
       1
       2
       1
       3
       3
       3
       3
       1
       1
       1
       1
       6
       0
       2
       3
       0
       3
       1
       3
       0
       0
       2
       1
       5
       1
       1
       2
       3
       3
       1
       1
       2
       1
       0
       1
       2
       3
       3
       1
       0
       1
       1
       5
       3
       1
       1
       0
       2
       3
       1
       2
       0
       3
       1
       1
       2
       3
       1
       2
       1
       0
       3
       2
       0
       0
       0
       2
       2
       1
       0
       2
       1
       2
       2
       1
       0
       2
       0
       2
       1
       0
       1
       1
       1
       2
       0
       5
       1
       1
       1
       2
       2
       1
       0
       4
       2
       0
       5
       2
       0
       2
       1
       2
       3
       3
       0
       1
       3
       1
       1
       2
       0
       2
       5
       2
       0
       0
       1
       3
       1
       5
       0
       0
       2
       1
       2
       4
       1
       1
       1
       2
       0
       2
       0
       0
       1
       4
       1
       1
       0
       2
       7
       4
       2
       0
       4
       1
       1
       2
       1
       2
       1
       1
       2
       1
       1
       3
       1
       1
       1
       1
       1
       1
       1
       1
       0
       1
       1
       1
       1
       0
       1
       2
       0
       0
       0
       1
       1
       1
       1
       2
       2
       1
       2
       0
       1
       0
       2
       0
       0
       2
       2
       2
       0
       1
       2
       2
       1
       2
       2
       0
       1
       0
       2
       2
       1
       2
       2
       3
       2
       1
       0
       1
       1
       1
       1
       0
       3
       1
       0
       1
       0
       2
       1
       0
       1
       0
       0
       0
       0
       1
       0
       0
       0
       0
       1
       2
       2
       1
       1
       0
       0
       1
       1
       1
       2
       0
       2
       2
       1
       2
       3
       0
       2
       2
       1
       2
       1
       1
       1
       0
       2
       1
       1
       1
       2
       1
       1
       0
       2
       0
       1
       1
       2
       1
       1
       1
       0
       1
       0
       3
       1
       2
       0
       0
       0
       0
       2
       1
       0
       2
       2
       1
       2
       0
       3
       0
       0
       0
       0
       1
       1
       0
       2
       1
       1
       0
       2
       1
       0
       1
       2
       1
       2
       3
       2
       2
       3
       4
       3
       3
       3
       2
       0
       3
       0
       1
       0
       1
       0
       1
       1
       2
       0
       1
       0
       1
       2
       0
       0
       1
       1
       2
       0
       0
       0
       0
       0
       1
       2
       2
       2
       0
       1
       2
       1
       0
       1
       0
       2
       0
       1
       1
       3
       1
       1
       2
       2
       1
       1
       1
       1
       2
       1
       0
       1
       0
       1
       0
       1
       0
       1
       0
       0
       1
       0
       1
       2
       2
       1
       0
       0
       2
       0
       0
       1
       0
       0
       0
       0
       0
       1
       0
       1
       0
       1
       0
       0
       0
       1
       0
       1
       0
       1
       1
       0
       1
       0
       1
       0
       0
       0
       1
       0
       1
       0
       0
       0
       2
       1
       0
       1
       0
       1
       2
       1
       0
       1
       1
       0
       0
       1
       0
       0
       0
       1
       0
       0
       1
       0
       0
       0
       1
       2
       1
       0
       0
       0
       0
       0
       0
       0
       1
       0
       0
       0
       0
       1
       1
       1
       0
       0
       1
       1
       0
       0
       0
       0
       0
       0
       0
       0
       0
       0
       2
       0
       0
       0
       0
       0
       0
       0
       0
       1
       0
       0
       0
       0
       1
       0
       0
       2
       1
       0
       0
       0
       0
       0
       0
       0
       0
       0
       0
       0
       0
       1
       0
       0
       1
       1
       0
       0
       0
       0
       0
       0
       0
       0
       0
       0
       0
       1
       2
       0
       1
       0
       0
       0
       1
       0
       0
       1
       0
       0
       0
       0
       0
       1
       0
       1
       0
       0
       0
       0
       0
       0
       1
       0
       0
       0
       0
       0
       0
       1
       1
       0
       1
       0
       0
       0
       0
       0
       0
       1
       0
       0
       0
       0
       0
       0
       1
       0
       1
       0
       1
       0
       1
       1
       0
       1
       0
       0
       0
       0
       0
       0
       0
       0
       0
       0
       0
       0
       0
       0
       0
       0
       0
       0
       1
       0
       0
       0
       0
       0
       0
       1
       1
       0
       1
       1
       0
       0
       0
       0
       0
       0
       0
       1
       0
       0
       0
       1
       0
       0
       0
       1
       0
       0
       0
       0
       0
       0
       0
       0
       0
       0
       0
       0
       0
       0
       0
       0
       0
       0
       0
       0
       1
       0
       0
       0
       0
       0
       0
       0
       0
       0
       0
       0
       0
       2
       0
       0
       0
       1
       0
       0
       0
       0
       0
       0
       0
       0
       0
       1
       0
       1
       0
       1
       0
       2
       0
       0
       0
       0
       0
       0
       0
       0
       0
       0
       0
       0
       0
       0
       1
       0
       0
       0
       0
       1
       0
       0
       0
       0
       0
       0
       0
       0
       0
       0
       0
       0
       0
       0
       0
       0
       0
       0
       0
       1
       0
       0
       0
       0
       0
       1
       1
       2
       4
       3
      13
       9
       8
      24
      40
      40
      60
      64
      58
      51
      33
      25
      12
       8
       2
       0
       1
       0
       0
       0
       0
       0
       0
       1
       0
       0
       0
       0
       0
       0
       0
       0
       0
       0
       0
       0
       0
       0
       0
       0
       0
       0
       0
       0
       0
       0
       0
       0
       0
       1
       0
       0
       0
       0
       0
       0
       0
       0
       0
       0
       0
       0
       0
       0
       0
       0
       0
       0
       0
       1
       0
       0
       0
       0
       0
       0
       0
       1
       1
       0
       0
       0
       0
       0
       0
       0
       0
       0
       0
       0
       0
       0
       0
       1
       0
       0
       0
       0
       0
       0
       0
       0
       0
       0
       0
       0
       0
       0
       0
       0
       0
       0
       0
       0
       0
       0
       0
       0
       0
       0
       0
       0
       0
       0
       0
       0
       0
       0
       0
       0
       0
       0
       0
       0
       0
       0
       0
       0
       0
       0
       0
       0
       0
       0
       0
       0
       0
       0
       0
       1
       0
       0
       0
       0
       0
       0
       0
       0
       0
       0
       0
       0
       0
       0
       0
       0
       0
       0
       0
       0
       0
       0
       0
       0
       0
       0
       0
       0
       0
       0
       0
       1
       0
       0
       0
       0
       0
       0
       0
       0
       0
       0
       0
       0
       0
       0
       0
       0
       0
       0
       0
       0
       0
       0
       0
       0
       0
       0
       0
       0
       0
       0
       0
       0
       0
       0
       0
       0
       0
       0
       0
       0
       0
       0
       0
       0
       0
       0
       0
       0
       0
       0
       0
       0
       0
       0
       0
       0
       0
       0
       0
       0
       0
       0
       0
       0
       0
       0
       0
       0
       0
       0
       0
       0
       0
       0
       0
       0
       0
       0
       0
       0
       0
       0
       0
       0
       0
       0
       0
       0
       0
       0
       0
       0
       0
       0
       0
       0
       0
       0
       0
       0
       0
       0
       0
       0
       0
       0
       0
       0
       0
       0
       0
       0
       0
       1
       0
       0
       0
       0
       0
       0
       0
       0
       0
       0
       0
       0
       0
       0
       0
       0
       0
       0
       0
       0
       0
       0
       0
       0
       0
       1
       0
       0
       0
       0
       0
       0
       0
       0
       0
       0
       0
       0
       0
       0
       0
       0
       1
       0
       0
       0
       0
       0
       0
       0
       0
       0
       0
       0
       0
       0
       0
       0
       0
       0
       0
       1
       0
       0
       0
       0
       0
       0
       0
       0
       1
       0
       0
       0
       0
       0
       0
       0
       0
       0
       0
       0
       0
       0
       0
       0
       0
       0
       0
       0
       0
       0
       0
       0
       0
       0
       0
       0
       0
       0
       0
       0
       0
       0
       0
       0
       0
       1
       0
       0
       0
       0
       0
       0
       0
       0
       0
       0
       0
       0
       0
       0
       0
       0
       1
       0
       0
       0
       0
       0
       0
       0
       1
       0
       0
       0
       0
       1
       0
       0
       0
       0
       1
       0
       0
       0
       0
       0
       0
       0
       0
       0
       0
       0
       0
       0
       0
       0
       0
       0
       0
       0
       0
       0
       0
       0
       0
       1
       0
       0
       0
       0
       0
       0
       0
       0
       0
       0
       0
       0
       0
       0
       0
       0
       0
       0
       0
       0
       0
       0
       0
       0
       0
       0
       0
       0
       0
       0
       0
       0
       0
       0
       0
       0
       0
       0
       0
       0
       0
       0
       0
       0
       0
       0
       0
       0
       0
       0
       0
       0
       0
       0
       0
       0
       0
       1
       0
       0
       0
       0
       0
       0
       0
       0
       0
       0
       0
       0
       0
       0
       0
       0
       0
       0
       0
       0
       0
       0
       0
       0
       0
       0
       0
       0
       0
       0
       0
       0
       0
       0
       0
       0
       0
       0
       1
       0
       0
       0
       0
       0
       0
       0
       0
       0
       0
       0
       0
       0
       0
       0
       0
       0
       0
       0
       0
       0
       0
       0
       0
       0
       0
       0
       0
       0
       0
       0
       0
       0
       0
       0
       0
       0
       0
       0
       1
       1
       0
       0
       2
       0
       0
       0
       0
       0
       0
       0
       0
       0
       0
       0
       0
       0
       0
       0
       0
       0
       0
       0
       0
       0
       0
       0
       1
       0
       0
       0
       0
       0
       1
       0
       0
       1
       0
       1
       0
       0
       0
       0
       0
       0
       0
       0
       0
       1
       0
       0
       0
       0
       0
       0
       0
       0
       0
       0
       0
       0
       0
       0
       0
       0
       0
       0
       0
       0
       0
       0
       1
       0
       0
       0
       0
       0
       0
       0
       0
       0
       0
       0
       0
       0
       0
       0
       0
       0
       0
       0
       0
       0
       0
       0
       0
       0
       0
       0
       0
       0
       0
       0
       0
       0
       0
       0
       0
       0
       0
       0
       0
       0
       0
       0
       0
       0
       0
       0
       0
       0
       0
       0
       0
       0
       0
       0
       0
       0
       0
       0
       0
       0
       0
       0
       0
       0
       0
       0
       0
       0
       0
       0
       0
       0
       0
       0
       0
       0
       0
       0
       0
       0
       0
       0
       0
       0
       0
       0
       0
       0
       0
       0
       0
       0
       0
       0
       0
       0
       0
       0
       0
       0
       0
       0
       0
       0
       0
       0
       0
       0
       0
       0
       1
       0
       0
       0
       1
       0
       0
       0
       0
       0
       0
       0
       0
       0
       0
       0
       0
       0
       0
       0
       0
       0
       0
       0
       0
       0
       0
       1
       0
       0
       0
       0
       0
       0
       0
       0
       0
       0
       0
       0
       0
       0
       0
       0
       0
       0
       0
       0
       0
       0
       0
       0
       0
       0
       0
       0
       0
       0
       0
       0
       0
       0
       0
       0
       0
       0
       0
       0
       0
       0
       0
       0
       1
       0
       0
       0
       0
       0
       0
       0
       0
       0
       0
       0
       0
       0
       0
       0
       0
       0
       0
       0
       0
       0
       0
       0
       0
       0
       0
       0
       0
       0
       0
       0
       1
       0
       0
       0
       0
       0
       0
       0
       0
       0
       0
       0
       0
       0
       0
       0
       0
       0
       0
       0
       0
       0
       0
       0
       0
       0
       0
       0
       0
       0
       0
       0
       0
       0
       0
       0
       0
       0
       0
       0
       0
       0
       0
       0
       0
       0
       0
       0
       1
       0
       0
       0
       0
       0
       0
       0
       0
       0
       0
       0
       0
       0
       0
       0
       0
       0
       0
       0
       0
       0
       0
       0
       0
       0
       0
       0
       0
       0
       0
       1
       0
       0
       0
       0
       0
       0
       0
       0
       0
       0
       1
       0
       0
       0
       0
       0
       0
       0
       0
       0
       0
       0
       0
       0
       0
       0
       1
       0
       0
       0
       0
       1
       0
       0
       0
       0
       0
       0
       0
       0
       0
       0
       0
       0
       1
       0
       0
       0
       1
       0
       0
       0
       0
       0
       0
       0
       0
       0
       0
       0
       0
       0
       0
       0
       0
       0
       0
       0
       0
       0
       0
       0
       0
       0
       0
       0
       0
       0
       0
       0
       0
       0
       0
       0
       0
       0
       0
       0
       0
       0
       0
       0
       0
       0
       0
       0
       0
       0
       0
       0
       0
       0
       0
       0
       0
       0
       0
       0
       0
       0
       0
       0
       0
       0
       0
       0
       0
       0
       1
       0
       0
       0
       0
       0
       0
       0
       0
       0
       1
       0
       0
       0
       0
       0
       0
       0
       0
       0
       0
       0
       0
       0
       0
       0
       0
       0
       0
       0
       0
       0
       0
       0
       0
       0
       0
       0
       0
       0
       0
       0
       0
       0
       0
       1
       0
       0
       0
       0
       0
       0
       1
       0
       0
       0
       0
       0
       0
       0
       1
       0
       0
       0
       0
       0
       0
       0
       0
       0
       0
       0
       0
       0
       0
       0
       0
       0
       0
       0
       0
       0
       0
       0
       0
       0
       0
       0
       0
       0
       0
       0
       0
       0
       0
       0
       0
       0
       0
       0
       0
       0
       0
       0
       0
       0
       0
       0
       0
       0
       0
       0
       0
       0
       0
       0
       0
       0
       0
       0
       0
       0
       0
       0
       0
       1
       0
       0
       0
       0
       0
       0
       0
       0
       0
       0
       0
       0
       0
       0
       0
       0
       0
       0
       1
       0
       0
       0
       0
       0
       0
       0
       0
       0
       0
       0
       0
       0
       0
       0
       0
       0
       0
       0
       0
       0
       0
       0
       0
       0
       0
       0
       0
       0
       0
       0
       0
       0
       0
       0
       0
       0
       0
       0
       0
       0
       0
       0
       0
       0
       0
       0
       0
       0
       0
       0
       1
       0
       0
       0
       0
       0
       0
       0
       0
       0
       0
       0
       0
       0
       0
       0
       0
       0
       0
       0
       0
       0
       0
       0
       0
       0
       0
       0
       0
       0
       0
       0
       0
       0
       0
       0
       0
       0
       0
       0
       0
       0
       0
       0
       0
       0
       0
       0
       0
       0
       0
       0
       0
       0
       0
       0
       0
       1
       0
       0
       0
       0
       0
       1
       0
       0
       0
       0
       0
       0
       0
       1
       0
       0
       0
       0
       0
       0
       1
       0
       0
       0
       0
       0
       0
       0
       0
       0
       0
       0
       0
       0
       0
       0
       0
       0
       0
       0
       0
       0
       0
       0
       0
       0
       0
       0
       0
       0
       0
       0
       0
       0
       0
       0
       0
       0
       0
       0
       0
       0
       0
       0
       0
       0
       0
       0
       0
       0
       0
       0
       0
       0
       0
       0
       0
       0
       0
       0
       0
       0
       0
       0
       0
       0
       0
       0
       0
       0
       0
       0
       0
       0
       0
       0
       0
       0
       0
       0
       0
       0
       0
       0
       0
       0
       0
       0
       0
       0
       0
       0
       0
       0
       0
       0
       0
       0
       0
       0
       0
       0
       0
       0
       0
       0
       0
       0
       0
       0
       0
       0
       0
       0
       0
       0
       0
       0
       0
       0
       0
       0
       0
       0
       0
       0
       0
       0
       0
       0
       0
       0
$ROI:
8
1414 1476
1553 1575
1682 1717
2991 3027
3386 3449
3571 3617
3731 3753
6671 6744
$PRESETS:
None
0
0
$ENER_FIT:
2.018625 0.389176
$MCA_CAL:
3
2.018625E+000 3.891756E-001 0.000000E+000 keV
$SHAPE_CAL:
3
1.996070E+000 8.735535E-004 0.000000E+000
