$SPEC_ID:
No sample description was entered.
$SPEC_REM:
DET# 1
DETDESC# DESKTOP-PNQJTCJ Easy-MCA-8k SN 09161357
AP# Maestro Version 7.01
$DATE_MEA:
03/08/2017 18:20:15
$MEAS_TIM:
54374 55458
$DATA:
0 8191
       0
       0
       0
       0
       0
       0
       0
       0
       0
       0
       1
       0
       0
       0
       0
       0
       0
       0
       0
       0
       0
       0
       0
       0
       0
       0
       0
       0
       0
       0
       0
       1
      51
     611
    4298
   15974
   44753
   27737
   24840
   43231
   57546
   65214
   91849
  146714
  101732
  102531
   96564
   71130
   37290
   19113
   15738
   15606
   14999
   14239
   13607
   13486
   14284
   15145
   15060
   14467
   13560
   13059
   13129
   13007
   13517
   13933
   14150
   13610
   13576
   13240
   13291
   13103
   13193
   13385
   13638
   15248
   17619
   21022
   21776
   20427
   18932
   17011
   14725
   13113
   12920
   12948
   13017
   13897
   14739
   15316
   14927
   15040
   14781
   13606
   13142
   12787
   12760
   12766
   12822
   12626
   12879
   12782
   12837
   12822
   12932
   12834
   13119
   13118
   13173
   13398
   13318
   13091
   13314
   13328
   13572
   13658
   13837
   13879
   13745
   14026
   14149
   14196
   14205
   14422
   14652
   14711
   14531
   14712
   14992
   15134
   15202
   15307
   15448
   15675
   15507
   15818
   16061
   16046
   16343
   16317
   16580
   16660
   16895
   16994
   17210
   17473
   17609
   17482
   18100
   18559
   18422
   18710
   18819
   18723
   19261
   19147
   19265
   19653
   19962
   20027
   20177
   20302
   20255
   20437
   20610
   20652
   20702
   21178
   21174
   21139
   21623
   21575
   21468
   21893
   22026
   21914
   22241
   22419
   22628
   22619
   23074
   23218
   24261
   25294
   26368
   28435
   27303
   26194
   27119
   29131
   33342
   33484
   28731
   24923
   24843
   25815
   26675
   25649
   24470
   23571
   23954
   23898
   24050
   23945
   23814
   23938
   24013
   24350
   24251
   24372
   24402
   24859
   24717
   25922
   26837
   28373
   28430
   27339
   25773
   25034
   25231
   26169
   27180
   26763
   25631
   24517
   24654
   24989
   25128
   25243
   25275
   24720
   24680
   24557
   25132
   25195
   25782
   25824
   25356
   24748
   24869
   24609
   24638
   24824
   24467
   24383
   24283
   24765
   24457
   24866
   24134
   24417
   24500
   24731
   24496
   24442
   24656
   24479
   24388
   24210
   24521
   24661
   24507
   24256
   24336
   24358
   24044
   24365
   24465
   24359
   24356
   24146
   24095
   24306
   23995
   23900
   24008
   23733
   24045
   23983
   23905
   24142
   23991
   23840
   24088
   23882
   23845
   23851
   24018
   23957
   23503
   23641
   23554
   23743
   23407
   23610
   23710
   23568
   23127
   23428
   23382
   23739
   23376
   23270
   23319
   23185
   23326
   23140
   23249
   23111
   22890
   22946
   22863
   22750
   22801
   22738
   22913
   22950
   22736
   22672
   22487
   22830
   22769
   22522
   22506
   22671
   21995
   22443
   22781
   22720
   22907
   22346
   22303
   22073
   22338
   21936
   22015
   21738
   21879
   21779
   21927
   21576
   21768
   21391
   21230
   21318
   21360
   21353
   21469
   21100
   21343
   21349
   21388
   20937
   21090
   21258
   20965
   21003
   20719
   20848
   20936
   20664
   20489
   20618
   20542
   20688
   20571
   20715
   20676
   20753
   20231
   20095
   20003
   20313
   20135
   20093
   20209
   20063
   19813
   20196
   20111
   19747
   19804
   19707
   19706
   20012
   19614
   19785
   19600
   19539
   19609
   19247
   19499
   19712
   19367
   19500
   19283
   19165
   19388
   19167
   19041
   19003
   19183
   19177
   18948
   18970
   18598
   18462
   18709
   18727
   18619
   18608
   18622
   18487
   18512
   18531
   18648
   18472
   18684
   18462
   18268
   18350
   18176
   18359
   18454
   18278
   18062
   17791
   17972
   17891
   18010
   17758
   17820
   17785
   17895
   17971
   17608
   17497
   17804
   17566
   17782
   17643
   17601
   17606
   17764
   17816
   17923
   17655
   17308
   17470
   17551
   17702
   17571
   17799
   17485
   17458
   17659
   17313
   17633
   17367
   17564
   17778
   17515
   17420
   17429
   17684
   17952
   17574
   17655
   17754
   18040
   18382
   18612
   18686
   19145
   20086
   20214
   19791
   19187
   18664
   18635
   18612
   18486
   18398
   18382
   18275
   18106
   18252
   18217
   18504
   18100
   18079
   17978
   17962
   17959
   17888
   17554
   17694
   17850
   17605
   17698
   17359
   17483
   17297
   17450
   17138
   17298
   17027
   17370
   17375
   17246
   16972
   17009
   17074
   17156
   17044
   17054
   17024
   16917
   16643
   16651
   16743
   16484
   16644
   16804
   16669
   16181
   16267
   16266
   16198
   16219
   16219
   16279
   16095
   16579
   16951
   16828
   16457
   16089
   15849
   16052
   15850
   15831
   15875
   15827
   15863
   15847
   15995
   15701
   15587
   15644
   15721
   15753
   15596
   15495
   15605
   15371
   15460
   15331
   15543
   15240
   15512
   15581
   15360
   15300
   15470
   15250
   15480
   15229
   15211
   15085
   14991
   15259
   15041
   15129
   15102
   14946
   15208
   15010
   14961
   14991
   14963
   15042
   15049
   14854
   14992
   14796
   14934
   14758
   14721
   14678
   14731
   14735
   14618
   14645
   14671
   14502
   14805
   14314
   14384
   14466
   14523
   14302
   14532
   14614
   14579
   14254
   14505
   15013
   16610
   20769
   23010
   20276
   16259
   14481
   14157
   14442
   14841
   14952
   15331
   15473
   14643
   13960
   13828
   13769
   13663
   13531
   13651
   13778
   13838
   13584
   13561
   13528
   13709
   13435
   13626
   13601
   13354
   13529
   13600
   13538
   13330
   13370
   13178
   13498
   13358
   13348
   13575
   13288
   13237
   13227
   13350
   13447
   13359
   13216
   13135
   13133
   13166
   13210
   13162
   13207
   12867
   13071
   13306
   13173
   13068
   13091
   13049
   12958
   12906
   13012
   12989
   12813
   12818
   12906
   13047
   12852
   12956
   12735
   12832
   12828
   12525
   12860
   12862
   12957
   12802
   12705
   12702
   12683
   12870
   12980
   13467
   13484
   13223
   12925
   12777
   12603
   12894
   12762
   12539
   12610
   12457
   12807
   12637
   12716
   12690
   12531
   12602
   12646
   12700
   12886
   12902
   12653
   12765
   12587
   12496
   12400
   12555
   12235
   12359
   12513
   12333
   12447
   12611
   12084
   12469
   12301
   12391
   12576
   12174
   12497
   12249
   12351
   12487
   12431
   12219
   12492
   12630
   12325
   12339
   12341
   12219
   12500
   12302
   12313
   12506
   12516
   12281
   12339
   12222
   12300
   12194
   12340
   12641
   13230
   14810
   16076
   15338
   13822
   12658
   12161
   12153
   12097
   12451
   12230
   12143
   12083
   12523
   12516
   12726
   12591
   12282
   12227
   12190
   12063
   12187
   12184
   12188
   12275
   12108
   12126
   12225
   12068
   12026
   11917
   12095
   12037
   12148
   12144
   12105
   12254
   12015
   12000
   12070
   12291
   12248
   12074
   12170
   12025
   12059
   12286
   12104
   12137
   12073
   11982
   12049
   11948
   12002
   12055
   11980
   11870
   12004
   12154
   12003
   11944
   12044
   11926
   11865
   11755
   12008
   12081
   12075
   12063
   11928
   12157
   12119
   12014
   12087
   12033
   11992
   12064
   12266
   12111
   12010
   12292
   11991
   12110
   11860
   12178
   12325
   12460
   12452
   12227
   12218
   12050
   12061
   12045
   11968
   11969
   11943
   12033
   12011
   12097
   11881
   11991
   12041
   11983
   12029
   12030
   12195
   12070
   11841
   11995
   12149
   12380
   12907
   13373
   14013
   13234
   12451
   12177
   12022
   12091
   12075
   11835
   12063
   11994
   11839
   11931
   11974
   12051
   11926
   11846
   12107
   12098
   11954
   12141
   11949
   12005
   12087
   12076
   12206
   11875
   12115
   12098
   12093
   11952
   12188
   12180
   13033
   14797
   17766
   18607
   16117
   13566
   12308
   12111
   11962
   12158
   12015
   12059
   11964
   12050
   11990
   12295
   12150
   12116
   12086
   11938
   12062
   11999
   11806
   12072
   11955
   12061
   11957
   12164
   12240
   12088
   12104
   12184
   12087
   12160
   12047
   12095
   12379
   12240
   12196
   12108
   12303
   12196
   12369
   12207
   12292
   12093
   12225
   12202
   11951
   12204
   12295
   12284
   12384
   12187
   12236
   12626
   12292
   12416
   12330
   12426
   12302
   12555
   12635
   12318
   12437
   12436
   12386
   12338
   12425
   12522
   12556
   12515
   12359
   12420
   12479
   12397
   12376
   12519
   12491
   12569
   12470
   12469
   12584
   12598
   12486
   12802
   12808
   12574
   12460
   12559
   12711
   12825
   12836
   12942
   12688
   12736
   12865
   12778
   12758
   12568
   12727
   12743
   12896
   12848
   13034
   12921
   12871
   12984
   13071
   13063
   12958
   12962
   13002
   13177
   12995
   13225
   13162
   13069
   13116
   12877
   13143
   13228
   13366
   13255
   13162
   13301
   13505
   13155
   13430
   13062
   13404
   13510
   13430
   13425
   13455
   13501
   13545
   13863
   13581
   13635
   13939
   13672
   13604
   13665
   13574
   13671
   13740
   13780
   13811
   13963
   14166
   13964
   14206
   13970
   13845
   13916
   13922
   14055
   13865
   14086
   14033
   14268
   14198
   14063
   14184
   14056
   14286
   14279
   14203
   14292
   14244
   14562
   14220
   14224
   14356
   14480
   14488
   14526
   14562
   14516
   14674
   14535
   14714
   14503
   14553
   14864
   14869
   14582
   14778
   14684
   14874
   15018
   14967
   14899
   15153
   15187
   14875
   15229
   15064
   15177
   15203
   15082
   15255
   15507
   15281
   15139
   15311
   15166
   15222
   15630
   15360
   15647
   15331
   15448
   15377
   15514
   15468
   15638
   15828
   15900
   15821
   15670
   15887
   15971
   15854
   16147
   16156
   15945
   16094
   15964
   16131
   15892
   16238
   16098
   16219
   16421
   16133
   16283
   16334
   16251
   16428
   16458
   16470
   16486
   16650
   16479
   16575
   16724
   16586
   16711
   16997
   16813
   16833
   16860
   16944
   16821
   16935
   16754
   16805
   17072
   17070
   17431
   17118
   17137
   17196
   17183
   17023
   17098
   17553
   17429
   17093
   17741
   17316
   17676
   17423
   17302
   17278
   17369
   17669
   17313
   17453
   17643
   17827
   17757
   17482
   17927
   17970
   18250
   18453
   18263
   18000
   17818
   17702
   17841
   17724
   17978
   18003
   17753
   17619
   17826
   17855
   17706
   17680
   17870
   17720
   17869
   17482
   17286
   17663
   17607
   17247
   17327
   17462
   17258
   16995
   16777
   16667
   16610
   16207
   16177
   15838
   15654
   15409
   15039
   14754
   14152
   13777
   13519
   13177
   12743
   12697
   12453
   12266
   12034
   11831
   11803
   11526
   11202
   11264
   11010
   10991
   10898
   10773
   10676
   10688
   10616
   10349
   10600
   10273
   10218
   10095
   10276
   10030
   10062
   10008
    9818
    9621
    9697
    9566
    9545
    9577
    9413
    9436
    9503
    9420
    9335
    9269
    9085
    9091
    9085
    9220
    9078
    8977
    8951
    8795
    9023
    8735
    8830
    8747
    8827
    8676
    8606
    8601
    8629
    8483
    8441
    8523
    8397
    8465
    8401
    8366
    8207
    8169
    8092
    8225
    8059
    7993
    8057
    7974
    7935
    7973
    7895
    7935
    7879
    7902
    7906
    7867
    8042
    8514
    9049
    9419
    9222
    8635
    8286
    7920
    7739
    7544
    7397
    7341
    7356
    7253
    7125
    7139
    7088
    7106
    6897
    7032
    7032
    6938
    6780
    6881
    6956
    6816
    6649
    6756
    6749
    6611
    6691
    6630
    6506
    6474
    6478
    6368
    6363
    6358
    6306
    6274
    6294
    6191
    6198
    6185
    6147
    6133
    6024
    6061
    5957
    5987
    5866
    5975
    5907
    5760
    5748
    5590
    5704
    5762
    5639
    5607
    5612
    5527
    5363
    5384
    5553
    5401
    5327
    5363
    5242
    5310
    5260
    5120
    5257
    5103
    5107
    4958
    4950
    4952
    5021
    4937
    5023
    4723
    4943
    4826
    4818
    4800
    4883
    4699
    4733
    4669
    4603
    4625
    4625
    4483
    4480
    4511
    4454
    4396
    4521
    4292
    4377
    4266
    4153
    4190
    4210
    4178
    4161
    4065
    4135
    4055
    3966
    3976
    4141
    3926
    3850
    3919
    3954
    3884
    3843
    3802
    3793
    3712
    3733
    3703
    3708
    3690
    3606
    3666
    3668
    3617
    3499
    3522
    3538
    3542
    3609
    3616
    3601
    3557
    3510
    3472
    3366
    3397
    3325
    3341
    3354
    3337
    3363
    3369
    3385
    3336
    3280
    3288
    3331
    3179
    3214
    3345
    3336
    3359
    3180
    3291
    3227
    3214
    3213
    3183
    3214
    3218
    3189
    3165
    3125
    3194
    3194
    3091
    3114
    3073
    3020
    3146
    3101
    3127
    3098
    3156
    3074
    3073
    3192
    3161
    3064
    3042
    3496
    4396
    5742
    6825
    6160
    4724
    3592
    3266
    3011
    2964
    3030
    2914
    2976
    2972
    3051
    3015
    2913
    2991
    2917
    2965
    2962
    2975
    3040
    2967
    2933
    2850
    2911
    2940
    2919
    2931
    2928
    2914
    2862
    2937
    2877
    2931
    2862
    2996
    2927
    2971
    2824
    3023
    2931
    2952
    2921
    2905
    2883
    2939
    2911
    2937
    2873
    2935
    2890
    2847
    2842
    2960
    3016
    2923
    2836
    2993
    2860
    2881
    3034
    2818
    2958
    2991
    3195
    3737
    5045
    7129
    8707
    8115
    6006
    4097
    3098
    2796
    2885
    2818
    2957
    2832
    2892
    2975
    2822
    2770
    2863
    2896
    2897
    2838
    2994
    2861
    2805
    2802
    2958
    2958
    2913
    2877
    2934
    2909
    2983
    2873
    2936
    2766
    2901
    2922
    2943
    2776
    2862
    2908
    2802
    2775
    2901
    2860
    2859
    2872
    2853
    2799
    2889
    2857
    2857
    2919
    2934
    2787
    2875
    2805
    2947
    2881
    2905
    2733
    2877
    2874
    2769
    2848
    2809
    2842
    2765
    2797
    2758
    2749
    2762
    2843
    2752
    2743
    2788
    2845
    2788
    2783
    2832
    2816
    2791
    2751
    2829
    2846
    2770
    2752
    2779
    2721
    2723
    2777
    2751
    2703
    2676
    2755
    2763
    2751
    2732
    2731
    2773
    2767
    2759
    2725
    2734
    2830
    2682
    2822
    2746
    2866
    2854
    2914
    3006
    2978
    2965
    2925
    2836
    2787
    2760
    2768
    2786
    2834
    2888
    2950
    2933
    3201
    3577
    4035
    4619
    5273
    5883
    7082
    8893
   14640
   36687
  119157
  350983
  780852
 1207267
 1261814
  877112
  403346
  123156
   25227
    4586
    1501
    1166
    1073
    1117
    1091
    1021
     934
     909
     896
     862
     841
     866
     779
     861
     861
     876
     863
     807
     849
     833
     839
     791
     832
     821
     883
     851
     865
     807
     837
     847
     821
     890
     870
     823
     826
     793
     797
     782
     827
     811
     783
     787
     764
     780
     803
     862
     805
     789
     795
     816
     835
     764
     790
     774
     779
     801
     797
     810
     758
     818
     829
     788
     807
     750
     868
     811
     746
     785
     836
     799
     799
     782
     777
     831
     779
     748
     772
     805
     741
     766
     789
     785
     780
     734
     722
     753
     786
     753
     822
     800
     768
     776
     752
     757
     735
     743
     744
     824
     848
     819
     822
     784
     760
     742
     793
     781
     749
     745
     776
     760
     745
     749
     767
     796
     763
     750
     727
     729
     734
     741
     738
     711
     737
     761
     782
     754
     735
     739
     768
     762
     726
     741
     704
     717
     711
     729
     744
     704
     711
     783
     725
     762
     766
     779
     782
     672
     680
     711
     731
     697
     696
     689
     721
     729
     759
     719
     745
     723
     777
     827
    1144
    1296
    1408
    1288
    1030
     832
     718
     685
     762
     725
     717
     689
     689
     738
     700
     710
     723
     705
     660
     686
     731
     719
     695
     663
     664
     678
     670
     752
     733
     714
     636
     707
     672
     632
     671
     686
     664
     710
     696
     682
     721
     706
     703
     694
     665
     664
     666
     693
     720
     677
     642
     695
     661
     652
     652
     619
     667
     684
     649
     660
     662
     666
     628
     605
     647
     712
     667
     677
     625
     697
     662
     680
     674
     757
     742
     815
     678
     667
     647
     658
     650
     650
     602
     649
     623
     666
     703
     618
     678
     632
     623
     657
     645
     774
     676
     706
     744
     656
     685
     685
     709
     697
     673
     744
     738
     882
    1074
    1153
    1135
     958
     768
     660
     643
     598
     654
     663
     665
     729
     790
     763
     692
     602
     614
     645
     596
     628
     596
     645
     660
     632
     609
     623
     591
     602
     631
     591
     616
     615
     554
     605
     661
     604
     637
     646
     642
     592
     579
     611
     630
     681
     679
     807
     830
     782
     746
     607
     593
     560
     575
     640
     564
     575
     585
     601
     572
     623
     582
     574
     556
     584
     603
     657
     617
     751
     881
    1046
    1042
     870
     691
     658
     604
     562
     541
     582
     563
     587
     556
     595
     553
     605
     553
     595
     567
     574
     595
     547
     525
     588
     568
     557
     573
     584
     641
     640
     741
     668
     651
     622
     558
     531
     554
     564
     549
     559
     541
     567
     588
     568
     573
     586
     519
     578
     551
     571
     545
     577
     558
     573
     554
     545
     509
     555
     558
     542
     559
     578
     562
     582
     571
     558
     557
     546
     555
     579
     541
     541
     524
     502
     535
     567
     562
     580
     534
     536
     551
     558
     578
     550
     566
     512
     564
     514
     553
     529
     520
     605
     578
     599
     614
     588
     560
     547
     537
     575
     559
     523
     530
     613
     630
     717
     686
     676
     569
     586
     557
     541
     575
     601
     597
     561
     535
     646
     629
     657
     589
     576
     514
     494
     518
     550
     516
     541
     490
     573
     514
     535
     551
     519
     544
     490
     530
     535
     512
     486
     526
     498
     492
     492
     525
     535
     525
     513
     528
     540
     550
     540
     549
     475
     520
     557
     506
     500
     517
     543
     494
     557
     527
     528
     488
     556
     603
     590
     746
     897
     960
     865
     732
     627
     519
     517
     502
     518
     546
     488
     508
     475
     515
     487
     531
     470
     508
     465
     506
     514
     447
     482
     521
     487
     503
     494
     504
     539
     473
     523
     529
     534
     548
     495
     560
     520
     539
     532
     545
     492
     484
     497
     507
     497
     538
     490
     537
     500
     479
     524
     513
     502
     483
     473
     486
     467
     472
     543
     530
     520
     499
     517
     476
     496
     490
     487
     454
     509
     526
     492
     496
     519
     478
     520
     500
     494
     492
     563
     446
     460
     535
     531
     484
     530
     514
     524
     485
     486
     502
     500
     470
     469
     475
     485
     492
     500
     492
     473
     532
     526
     456
     499
     526
     467
     515
     476
     482
     497
     485
     553
     537
     551
     568
     530
     541
     526
     478
     506
     525
     519
     441
     499
     495
     470
     545
     572
     802
    1200
    1882
    2638
    2911
    2407
    1579
     932
     591
     495
     472
     461
     482
     460
     465
     470
     462
     438
     471
     468
     468
     470
     488
     458
     448
     498
     468
     473
     479
     473
     456
     482
     453
     454
     458
     463
     477
     457
     451
     426
     455
     470
     431
     447
     440
     430
     433
     488
     458
     436
     456
     464
     458
     451
     457
     477
     490
     444
     458
     521
     569
     630
     725
     774
     615
     568
     460
     484
     471
     416
     440
     438
     467
     471
     405
     389
     431
     477
     473
     465
     434
     427
     480
     455
     472
     442
     437
     459
     451
     445
     422
     467
     483
     459
     413
     445
     452
     455
     469
     474
     540
     578
     569
     535
     493
     520
     505
     489
     478
     489
     445
     476
     446
     480
     451
     442
     428
     454
     416
     412
     414
     420
     451
     478
     480
     474
     467
     456
     458
     448
     474
     437
     421
     460
     439
     495
     472
     455
     578
     719
     818
     882
     798
     732
     613
     462
     476
     508
     592
     821
    1202
    1589
    1839
    1630
    1171
     793
     553
     445
     417
     416
     449
     426
     428
     413
     453
     439
     443
     442
     411
     400
     466
     458
     414
     407
     427
     418
     434
     415
     393
     443
     442
     412
     414
     411
     444
     461
     436
     453
     439
     516
     406
     441
     451
     447
     427
     399
     420
     419
     448
     439
     440
     438
     413
     417
     419
     450
     416
     467
     391
     420
     438
     385
     467
     418
     385
     434
     427
     446
     434
     400
     439
     402
     418
     412
     412
     382
     384
     436
     419
     442
     410
     443
     459
     481
     476
     505
     493
     434
     420
     427
     424
     415
     436
     400
     407
     423
     445
     432
     372
     423
     407
     392
     422
     389
     393
     415
     401
     433
     410
     414
     398
     419
     393
     437
     374
     439
     451
     422
     431
     420
     393
     424
     410
     364
     421
     398
     375
     421
     392
     397
     390
     406
     455
     406
     353
     461
     440
     415
     392
     438
     385
     395
     407
     440
     397
     388
     429
     443
     378
     390
     387
     421
     417
     374
     398
     382
     384
     389
     363
     424
     444
     455
     419
     438
     411
     420
     429
     432
     430
     444
     424
     427
     424
     410
     417
     380
     387
     424
     446
     408
     446
     396
     419
     380
     443
     420
     400
     445
     407
     449
     399
     409
     395
     413
     394
     395
     421
     420
     418
     418
     423
     440
     409
     404
     429
     437
     403
     402
     412
     420
     401
     427
     413
     474
     460
     473
     436
     459
     437
     390
     399
     424
     398
     427
     428
     400
     413
     402
     397
     407
     384
     389
     450
     420
     396
     389
     422
     395
     395
     404
     404
     414
     425
     359
     416
     419
     399
     459
     419
     427
     430
     430
     391
     393
     404
     396
     435
     410
     395
     392
     431
     447
     449
     449
     372
     384
     408
     402
     390
     402
     389
     398
     438
     391
     405
     373
     400
     417
     416
     414
     404
     449
     439
     464
     473
     489
     415
     394
     408
     442
     381
     391
     412
     404
     393
     418
     460
     371
     399
     384
     392
     386
     384
     412
     393
     377
     403
     417
     447
     393
     397
     383
     410
     408
     411
     403
     402
     420
     414
     391
     393
     389
     429
     414
     414
     449
     452
     440
     394
     400
     416
     432
     413
     409
     415
     363
     389
     420
     424
     392
     444
     404
     402
     405
     380
     424
     388
     412
     440
     417
     443
     432
     435
     484
     395
     393
     444
     404
     396
     396
     385
     407
     402
     433
     410
     435
     430
     433
     449
     412
     370
     435
     400
     401
     395
     403
     412
     421
     397
     459
     469
     412
     385
     426
     435
     500
     597
     708
    1009
    1429
    1751
    1672
    1248
     880
     611
     498
     394
     399
     386
     408
     446
     408
     401
     438
     408
     395
     407
     442
     393
     428
     395
     403
     400
     399
     436
     416
     401
     435
     384
     420
     410
     401
     431
     452
     443
     425
     418
     439
     401
     443
     433
     399
     432
     425
     384
     423
     403
     406
     395
     383
     465
     372
     388
     430
     437
     414
     396
     405
     402
     444
     408
     409
     420
     382
     443
     381
     472
     364
     408
     395
     411
     425
     442
     398
     380
     433
     399
     423
     432
     384
     398
     408
     395
     406
     405
     458
     467
     475
     489
     584
     523
     527
     493
     437
     451
     418
     419
     402
     434
     438
     408
     391
     418
     445
     423
     400
     406
     425
     408
     436
     420
     399
     422
     425
     434
     438
     385
     420
     441
     415
     408
     396
     424
     424
     378
     379
     404
     446
     469
     429
     406
     409
     428
     432
     465
     429
     427
     411
     438
     407
     429
     392
     423
     367
     429
     414
     405
     458
     409
     450
     433
     436
     416
     444
     392
     438
     425
     446
     418
     451
     452
     480
     446
     480
     448
     439
     402
     436
     419
     411
     451
     432
     413
     439
     443
     465
     402
     400
     419
     467
     415
     405
     407
     439
     415
     423
     427
     437
     427
     433
     472
     405
     430
     456
     450
     429
     446
     431
     420
     441
     432
     426
     429
     410
     429
     452
     430
     416
     418
     428
     465
     428
     426
     457
     456
     430
     435
     447
     468
     430
     467
     483
     455
     475
     486
     460
     444
     501
     479
     468
     428
     477
     482
     459
     443
     452
     446
     460
     422
     423
     461
     426
     444
     416
     465
     420
     435
     436
     453
     441
     474
     464
     458
     470
     494
     484
     517
     477
     482
     497
     422
     464
     451
     464
     461
     454
     444
     450
     492
     494
     475
     460
     428
     463
     433
     413
     484
     454
     409
     472
     447
     483
     497
     450
     448
     449
     495
     478
     460
     475
     451
     517
     449
     441
     480
     465
     484
     480
     518
     560
     655
     838
     884
     873
     871
     662
     558
     495
     456
     458
     409
     419
     420
     415
     384
     346
     416
     345
     361
     369
     375
     352
     383
     380
     387
     385
     340
     371
     381
     381
     339
     333
     349
     372
     355
     368
     349
     340
     330
     328
     387
     322
     322
     366
     351
     339
     340
     351
     322
     274
     297
     326
     316
     307
     303
     328
     315
     326
     296
     298
     310
     323
     306
     298
     319
     320
     326
     303
     283
     318
     345
     313
     297
     335
     285
     311
     288
     299
     311
     291
     312
     293
     274
     309
     329
     319
     275
     287
     274
     294
     305
     254
     292
     276
     304
     305
     271
     271
     292
     273
     319
     301
     327
     311
     268
     298
     293
     279
     285
     331
     339
     364
     408
     392
     358
     332
     304
     264
     298
     280
     240
     258
     268
     277
     294
     286
     260
     302
     258
     288
     272
     264
     258
     265
     286
     286
     256
     266
     263
     254
     261
     264
     302
     256
     258
     302
     260
     289
     261
     262
     249
     251
     259
     288
     251
     244
     267
     272
     250
     268
     238
     274
     243
     271
     268
     239
     277
     235
     243
     266
     279
     268
     261
     229
     230
     267
     247
     272
     284
     229
     235
     227
     253
     247
     250
     266
     244
     244
     226
     238
     266
     246
     230
     247
     275
     234
     247
     228
     253
     217
     243
     226
     261
     267
     237
     220
     252
     230
     222
     231
     230
     269
     230
     250
     239
     247
     233
     266
     255
     255
     280
     252
     254
     221
     218
     227
     217
     197
     210
     192
     178
     210
     211
     192
     221
     201
     197
     185
     216
     211
     212
     189
     194
     198
     230
     200
     192
     204
     199
     180
     182
     170
     204
     198
     185
     179
     188
     160
     194
     178
     195
     184
     167
     193
     183
     178
     180
     168
     176
     167
     174
     185
     151
     163
     177
     173
     171
     186
     167
     159
     164
     169
     172
     162
     160
     173
     175
     168
     158
     167
     156
     176
     149
     155
     154
     146
     168
     218
     158
     156
     160
     170
     144
     157
     138
     153
     163
     147
     160
     153
     155
     147
     148
     175
     141
     141
     174
     141
     130
     155
     168
     145
     145
     138
     147
     132
     150
     153
     129
     156
     144
     149
     131
     156
     140
     139
     145
     143
     138
     136
     147
     129
     137
     133
     126
     142
     127
     127
     162
     154
     146
     126
     135
     133
     141
     171
     178
     229
     275
     354
     380
     483
     383
     308
     193
     176
     146
     141
     139
     141
     136
     126
     117
     123
     119
     144
     119
     163
     168
     178
     181
     163
     186
     195
     150
     150
     142
     133
     122
     130
     119
     125
     118
     128
     129
     110
     124
     132
     129
     138
     143
     120
     110
     130
     112
     158
     105
     134
     128
     114
     138
     132
     142
     136
     125
     112
     132
     138
     149
     201
     197
     191
     229
     229
     193
     150
     133
     129
     123
     121
     136
     137
     130
     148
     151
     166
     186
     275
     307
     315
     272
     194
     175
     133
     118
     116
     130
     133
     106
     130
     115
     121
     120
     131
     120
     127
     115
     132
     141
     137
     123
     121
     138
     110
     141
     114
     120
     117
     130
     128
     116
     103
     139
     114
     134
     125
     139
     108
     120
     122
     131
     114
     139
     126
     142
     119
     141
     119
     118
     126
     110
     122
     132
     131
     128
     143
     129
     127
     116
     129
     120
     117
     123
     123
     109
     110
     108
     130
     127
     109
     103
     119
     136
     122
      92
     114
     123
     101
     132
     122
     102
     135
     118
     113
     122
     150
     132
     118
     116
     128
     109
     112
     119
     122
     124
     127
     142
     120
     114
     121
     128
     135
     132
     102
     135
     109
     134
     127
     128
     133
     108
     114
     115
     146
     137
     131
     144
     117
     126
     154
     147
     146
     196
     220
     225
     315
     411
     563
     993
    1806
    3632
    6681
   10949
   14981
   16677
   14923
   10904
    6277
    2928
    1139
     357
     154
      91
      75
      66
      84
      69
      64
      82
      71
      79
      71
      74
      76
      68
      64
      57
      80
      79
      78
      84
      81
      71
      86
      68
      82
      77
      81
      60
      66
      59
      79
      75
      96
      73
      79
      66
      61
      81
      87
      74
      67
      73
      77
      76
      56
      62
      77
      69
      77
      84
      74
      71
      80
      73
      82
      87
      72
      80
      57
      67
      84
      74
      66
      84
      74
      59
      71
      72
      86
      73
      71
      62
      72
      67
      61
      84
      76
      67
      91
      76
     102
     137
     145
     145
     134
     119
     103
      84
      88
      64
      90
      65
      78
      79
      83
     101
      92
      93
     101
     105
      80
      92
      62
      67
      70
      82
      82
      71
      67
      77
      65
      78
     100
      91
     126
     165
     216
     222
     210
     179
     111
     101
      73
      71
      97
      96
      87
      90
      88
      76
      72
      70
      64
      69
      62
      71
      61
      73
      86
      63
      65
      72
      85
      64
      81
      49
      73
      80
      81
      75
      62
      75
      67
      73
      93
      56
      74
      68
      82
      70
      70
      87
      73
      54
      57
      67
      71
      92
      67
      70
      67
      74
      56
      67
      56
      71
      66
      68
      61
      76
      79
      57
      67
      72
     101
      75
      61
      69
      60
      78
      71
     105
     112
     104
      91
      71
      76
      64
      65
      66
      78
      60
      59
      81
      85
      85
      82
      72
      80
      68
      74
      68
      46
      52
      71
      74
      83
      48
      57
      72
      69
      68
      80
      71
      60
      64
      62
      50
      76
      50
      53
      64
      55
      68
      70
      65
      68
      67
      71
      70
      81
      77
      71
      61
      55
      76
      59
      55
      52
      61
      57
      58
      55
      75
      56
      52
      59
      70
      64
      70
      52
      55
      63
      60
      60
      54
      57
      53
      58
      57
      71
      57
      59
      66
      70
      59
      61
      65
      60
      43
      64
      57
      66
      60
      64
      40
      59
      52
      57
      53
      49
      55
      55
      56
      59
      63
      71
      89
      74
     102
      97
      97
      95
      93
      99
      95
     107
     134
      91
      89
      80
      74
      73
      66
      60
      96
     121
     156
     224
     248
     241
     255
     218
     149
      93
      83
     126
     123
     202
     219
     287
     273
     264
     201
     143
     118
      69
      66
      75
      63
      62
      55
      49
      51
      76
      50
      55
      55
      87
      75
      73
      62
      55
      75
      56
      55
      70
      54
      61
      57
      60
      56
      64
      46
      48
      58
      65
      67
      49
      65
      64
      68
      55
      50
      63
      68
      62
      57
      51
      55
      48
      50
      50
      61
      45
      60
      45
      51
      64
      67
      54
      59
      45
      61
      53
      64
      65
      57
      74
      68
      78
     122
     142
     128
     121
     137
     102
      80
      57
      51
      60
      56
      75
      70
      60
      69
      56
      49
      57
      45
      48
      50
      59
      72
      83
      83
      99
     130
     133
     168
     149
      95
      69
      65
      53
      55
      47
      43
      46
      52
      42
      56
      45
      52
      48
      78
      85
      80
      71
      82
      81
      66
      57
      46
      44
      54
      51
      40
      60
      59
      44
      44
      40
      36
      49
      40
      55
      64
      52
      44
      54
      50
      39
      51
      40
      47
      60
      38
      42
      44
      44
      45
      38
      53
      44
      46
      52
      41
      47
      39
      35
      49
      39
      38
      51
      57
      58
      58
      41
      46
      57
      57
      70
      72
      88
      89
     110
     113
      94
     111
      85
      70
      51
      43
      51
      45
      50
      49
      52
      47
      70
      55
      59
      59
      39
      41
      43
      41
      43
      39
      39
      39
      41
      46
      41
      47
      53
      43
      51
      60
      44
      50
      47
      37
      50
      52
      59
      51
      42
      59
      57
      50
      56
      42
      47
      45
      40
      42
      56
      42
      45
      45
      39
      66
      57
      64
      64
      68
      52
      53
      45
      51
      52
      56
      54
      34
      49
      36
      42
      44
      58
      41
      47
      54
      43
      54
      58
      60
      56
      60
      56
      67
      39
      56
      51
      44
      40
      37
      42
      43
      50
      43
      42
      58
      47
      45
      43
      40
      52
      47
      53
      48
      44
      40
      59
      49
      55
      36
      43
      44
      49
      42
      32
      43
      42
      41
      53
      46
      40
      41
      28
      30
      54
      48
      48
      43
      37
      37
      40
      47
      31
      27
      47
      43
      35
      44
      36
      41
      49
      45
      32
      37
      29
      36
      30
      46
      38
      35
      50
      31
      40
      40
      36
      42
      32
      33
      40
      47
      38
      54
      50
      32
      51
      38
      38
      48
      43
      55
      56
      86
     119
     181
     221
     247
     217
     157
     129
      63
      68
      49
      46
      43
      36
      47
      52
      49
      48
      47
      40
      51
      39
      40
      47
      29
      56
      31
      40
      45
      59
      35
      39
      42
      36
      37
      43
      40
      37
      48
      34
      43
      56
      47
      46
      50
      40
      38
      36
      34
      39
      40
      36
      47
      36
      32
      50
      40
      44
      42
      41
      44
      36
      29
      47
      43
      42
      41
      44
      38
      36
      31
      40
      34
      45
      47
      56
      49
      39
      42
      56
      53
      42
      38
      50
      55
      63
      70
     113
     162
     305
     424
     692
     893
     997
     977
     776
     512
     304
     140
      86
      51
      56
      41
      37
      39
      36
      42
      46
      34
      48
      32
      38
      43
      43
      49
      39
      33
      38
      41
      36
      39
      32
      38
      27
      32
      39
      30
      45
      32
      35
      33
      40
      38
      38
      49
      38
      35
      33
      36
      49
      44
      34
      51
      51
      41
      29
      33
      52
      30
      37
      35
      47
      40
      32
      39
      34
      49
      33
      40
      32
      45
      32
      32
      34
      34
      41
      40
      31
      30
      42
      35
      28
      48
      44
      43
      43
      36
      37
      26
      34
      38
      43
      34
      31
      34
      51
      34
      36
      33
      39
      36
      37
      39
      28
      46
      35
      43
      58
      40
      48
      49
      48
      44
      51
      39
      38
      35
      41
      37
      44
      29
      41
      45
      37
      37
      27
      33
      38
      47
      34
      40
      43
      44
      33
      31
      41
      48
      32
      33
      30
      50
      31
      37
      41
      51
      39
      46
      34
      45
      36
      47
      40
      35
      38
      34
      50
      41
      31
      33
      31
      35
      36
      45
      41
      43
      42
      40
      35
      42
      37
      46
      34
      32
      36
      38
      44
      44
      33
      35
      30
      38
      29
      53
      38
      41
      52
      44
      37
      45
      43
      49
      59
      60
      61
      66
      50
      56
      44
      41
      31
      48
      41
      28
      40
      35
      38
      38
      39
      34
      52
      57
      57
      91
      80
     124
     120
     144
     138
     120
     104
      68
      54
      40
      37
      40
      37
      28
      42
      47
      30
      43
      30
      39
      43
      32
      36
      40
      38
      31
      43
      34
      38
      32
      41
      38
      32
      33
      35
      36
      31
      34
      43
      40
      42
      33
      46
      34
      44
      49
      33
      22
      36
      31
      30
      37
      39
      29
      43
      43
      37
      41
      44
      41
      25
      38
      50
      46
      39
      61
      34
      55
      48
      53
      49
      47
      46
      37
      43
      48
      25
      40
      28
      35
      28
      18
      40
      37
      47
      38
      34
      41
      30
      42
      38
      34
      36
      42
      41
      36
      38
      34
      35
      42
      40
      34
      34
      48
      53
      35
      37
      41
      39
      42
      36
      35
      65
      38
      55
      38
      29
      42
      35
      34
      36
      44
      36
      53
      39
      42
      41
      50
      51
      48
      42
      49
      30
      38
      40
      56
      31
      55
      40
      44
      31
      36
      42
      30
      26
      46
      44
      24
      39
      29
      36
      31
      29
      41
      47
      41
      35
      42
      42
      38
      40
      45
      31
      28
      28
      45
      42
      39
      32
      32
      35
      37
      37
      38
      48
      39
      45
      44
      53
      40
      37
      40
      49
      48
      43
      35
      31
      47
      47
      44
      36
      36
      28
      42
      33
      25
      36
      51
      42
      26
      43
      40
      37
      39
      36
      32
      46
      45
      38
      40
      42
      33
      38
      38
      42
      39
      40
      52
      41
      42
      24
      48
      42
      38
      37
      43
      36
      38
      49
      43
      43
      43
      52
      37
      40
      49
      41
      42
      44
      44
      45
      36
      44
      34
      31
      48
      39
      19
      41
      36
      32
      29
      34
      41
      36
      36
      43
      40
      36
      45
      47
      47
      43
      43
      27
      44
      41
      44
      41
      36
      33
      46
      34
      46
      39
      33
      33
      37
      33
      34
      33
      35
      43
      35
      30
      41
      30
      32
      36
      43
      33
      31
      32
      33
      46
      40
      24
      30
      42
      43
      30
      45
      34
      36
      37
      31
      40
      41
      38
      28
      36
      35
      40
      37
      45
      35
      42
      49
      48
      31
      38
      32
      40
      33
      41
      40
      32
      29
      33
      19
      38
      37
      27
      29
      40
      30
      33
      37
      32
      38
      29
      40
      39
      38
      35
      25
      33
      35
      39
      27
      37
      29
      27
      36
      36
      40
      28
      30
      34
      45
      34
      32
      37
      24
      36
      33
      48
      34
      36
      31
      29
      35
      42
      34
      31
      26
      44
      34
      37
      45
      38
      28
      32
      38
      38
      27
      39
      26
      33
      28
      36
      39
      30
      35
      28
      38
      19
      31
      42
      29
      39
      28
      44
      42
      36
      33
      29
      31
      24
      39
      32
      36
      44
      27
      31
      39
      31
      30
      28
      36
      38
      50
      35
      31
      37
      40
      30
      41
      38
      29
      32
      32
      31
      48
      29
      25
      36
      23
      27
      30
      28
      33
      36
      36
      29
      37
      29
      22
      41
      27
      33
      30
      38
      40
      39
      36
      33
      31
      34
      38
      32
      28
      43
      27
      38
      37
      28
      34
      27
      34
      39
      28
      30
      47
      33
      35
      39
      41
      34
      33
      31
      39
      27
      40
      35
      38
      31
      36
      28
      37
      44
      35
      36
      33
      25
      37
      28
      28
      32
      29
      34
      40
      35
      21
      35
      34
      41
      38
      36
      38
      43
      43
      26
      35
      33
      34
      36
      31
      32
      32
      18
      39
      36
      31
      26
      33
      37
      24
      44
      29
      36
      25
      35
      35
      32
      35
      34
      31
      50
      30
      25
      29
      35
      31
      27
      35
      25
      34
      34
      34
      27
      28
      24
      23
      38
      28
      29
      33
      28
      30
      36
      36
      27
      33
      30
      33
      42
      39
      29
      30
      27
      33
      35
      33
      35
      23
      34
      24
      22
      33
      29
      35
      28
      23
      30
      28
      39
      29
      24
      38
      27
      25
      33
      28
      33
      30
      44
      39
      32
      33
      33
      35
      35
      28
      26
      38
      28
      36
      21
      51
      26
      29
      33
      26
      31
      28
      32
      39
      32
      28
      41
      36
      33
      33
      40
      34
      33
      29
      32
      36
      31
      32
      40
      38
      37
      36
      29
      33
      23
      23
      31
      29
      20
      23
      36
      33
      30
      27
      37
      35
      41
      47
      64
      50
      88
     102
     158
     176
     203
     210
     213
     182
     194
     148
     123
     105
      58
      56
      39
      33
      46
      45
      38
      49
      35
      42
      43
      42
      38
      26
      27
      33
      29
      34
      30
      37
      31
      31
      35
      29
      30
      38
      32
      57
      38
      57
      60
      88
     104
      98
      74
      64
      70
      44
      45
      37
      36
      40
      27
      35
      33
      34
      39
      37
      24
      26
      36
      23
      28
      32
      37
      25
      32
      37
      31
      27
      39
      29
      39
      26
      34
      37
      25
      28
      32
      26
      36
      29
      34
      24
      31
      28
      33
      37
      28
      39
      28
      38
      33
      30
      33
      28
      46
      33
      46
      28
      32
      33
      34
      24
      29
      25
      41
      18
      36
      37
      31
      33
      35
      42
      26
      37
      42
      24
      24
      39
      34
      34
      35
      25
      33
      26
      31
      32
      40
      34
      27
      37
      27
      23
      41
      29
      29
      36
      41
      34
      26
      31
      26
      33
      29
      24
      35
      34
      26
      29
      30
      28
      40
      28
      39
      32
      40
      36
      34
      38
      38
      30
      31
      29
      35
      37
      35
      46
      41
      21
      37
      36
      31
      29
      33
      36
      27
      31
      40
      36
      28
      38
      34
      33
      26
      34
      33
      34
      35
      24
      38
      23
      28
      29
      34
      24
      22
      26
      19
      38
      38
      33
      42
      42
      36
      42
      38
      38
      35
      38
      42
      33
      43
      33
      35
      32
      26
      29
      26
      29
      24
      30
      21
      32
      34
      45
      33
      33
      29
      33
      42
      42
      31
      28
      27
      29
      31
      33
      29
      23
      33
      44
      39
      35
      51
      35
      39
      27
      38
      43
      35
      42
      30
      42
      50
      39
      77
      80
     129
     200
     224
     287
     291
     312
     220
     166
     104
      72
      47
      33
      42
      31
      40
      43
      34
      37
      41
      41
      47
      30
      38
      34
      43
      31
      23
      34
      32
      38
      38
      37
      26
      31
      44
      30
      32
      35
      36
      36
      40
      26
      35
      33
      30
      36
      33
      30
      37
      36
      25
      35
      34
      39
      22
      25
      32
      26
      36
      35
      31
      46
      36
      32
      35
      25
      29
      34
      27
      26
      36
      27
      34
      42
      29
      23
      31
      41
      33
      31
      32
      27
      34
      29
      25
      24
      35
      25
      31
      41
      36
      38
      31
      42
      38
      39
      24
      40
      33
      31
      33
      27
      40
      33
      32
      26
      40
      27
      28
      29
      39
      32
      36
      31
      40
      41
      28
      35
      34
      39
      30
      38
      27
      38
      27
      39
      39
      39
      35
      44
      37
      19
      32
      28
      35
      35
      39
      31
      31
      30
      34
      37
      32
      30
      34
      31
      30
      35
      31
      31
      34
      33
      41
      34
      35
      35
      37
      30
      43
      26
      36
      44
      29
      33
      31
      40
      39
      51
      31
      34
      28
      33
      32
      35
      42
      35
      37
      37
      41
      31
      41
      41
      38
      37
      30
      38
      37
      32
      29
      38
      43
      45
      36
      30
      40
      39
      45
      41
      31
      22
      31
      38
      48
      32
      36
      39
      42
      38
      24
      21
      39
      35
      41
      32
      37
      33
      39
      34
      35
      39
      30
      36
      30
      33
      35
      30
      28
      35
      39
      43
      42
      41
      57
      41
      43
      61
      36
      41
      35
      41
      47
      40
      43
      42
      38
      38
      31
      35
      33
      31
      47
      51
      44
      30
      37
      41
      47
      30
      36
      33
      32
      41
      37
      39
      31
      40
      38
      38
      31
      33
      41
      35
      44
      44
      35
      41
      35
      30
      28
      37
      36
      43
      39
      34
      38
      29
      41
      39
      50
      40
      47
      26
      35
      39
      42
      37
      43
      50
      46
      53
      27
      51
      41
      45
      49
      38
      34
      46
      37
      46
      35
      41
      37
      38
      30
      46
      41
      43
      41
      44
      40
      28
      47
      43
      32
      34
      35
      47
      52
      42
      46
      27
      39
      43
      43
      50
      31
      42
      27
      46
      35
      31
      39
      36
      50
      39
      46
      35
      43
      20
      48
      39
      41
      44
      40
      41
      38
      43
      42
      45
      46
      44
      51
      42
      36
      40
      50
      31
      37
      39
      40
      35
      41
      46
      46
      47
      37
      39
      44
      36
      43
      40
      44
      35
      37
      31
      42
      25
      37
      50
      44
      40
      42
      50
      41
      42
      39
      42
      54
      52
      54
      44
      35
      43
      33
      41
      37
      37
      47
      40
      40
      50
      43
      50
      53
      58
      40
      45
      38
      50
      34
      38
      50
      59
      47
      57
      41
      49
      49
      46
      43
      42
      62
      49
      48
      34
      51
      32
      38
      40
      35
      48
      58
      43
      42
      36
      51
      43
      34
      36
      35
      40
      33
      44
      44
      39
      31
      52
      22
      32
      47
      48
      31
      26
      34
      37
      34
      33
      33
      39
      22
      30
      33
      37
      38
      18
      25
      35
      40
      29
      35
      35
      31
      31
      15
      26
      37
      22
      26
      36
      37
      29
      36
      31
      29
      31
      37
      24
      22
      30
      24
      29
      32
      31
      25
      27
      25
      22
      20
      32
      31
      34
      25
      28
      35
      28
      30
      30
      33
      21
      19
      26
      32
      22
      25
      25
      25
      13
      26
      25
      18
      27
      24
      28
      28
      22
      38
      19
      21
      30
      34
      22
      21
      24
      26
      18
      34
      26
      19
      21
      20
      21
      21
      29
      25
      23
      23
      28
      30
      29
      16
      25
      31
      24
      25
      23
      17
      31
      20
      22
      20
      34
      22
      20
      27
      27
      16
      26
      19
      30
      24
      26
      23
      25
      21
      26
      18
      32
      30
      18
      24
      21
      22
      25
      25
      33
      27
      23
      29
      20
      15
      29
      23
      22
      27
      26
      23
      22
      22
      19
      25
      31
      27
      24
      21
      41
      19
      24
      19
      31
      31
      22
      24
      39
      40
      58
      70
      80
      98
      87
      89
      74
      56
      50
      29
      26
      32
      26
      22
      22
      21
      23
      27
      21
      21
      14
      14
      22
      20
      22
      16
      26
      18
      16
      16
      16
      14
      11
      14
      15
      23
      10
      20
      26
      24
      11
      17
      15
      21
      24
      20
      20
      14
      17
      21
      14
      16
      19
      22
      15
      20
      21
      24
      18
      23
      25
      13
       8
      23
      19
      17
      15
      13
      14
      13
      12
       7
      22
      16
      16
      12
      14
      19
      16
       9
       9
      11
      14
      21
      15
      18
      15
      21
      10
      20
      12
      14
       8
      15
      19
      12
      15
      20
      14
      23
       8
      10
       8
      10
      13
      12
      11
      13
      14
      12
      19
      14
       7
      10
       8
      15
      15
       9
      13
      16
       8
       4
      14
       8
       8
      10
      12
      10
      12
       8
      13
      10
       8
       9
      12
      10
       8
      10
      10
       4
      11
      11
      13
      12
      11
       9
       8
       8
       5
      12
       9
       8
      10
       7
      14
      13
       9
      12
      13
      13
       8
       9
       3
      12
       7
      12
       3
      11
       8
      10
      11
       7
      12
       7
       8
       8
       6
       4
       9
      14
      10
       7
      10
       6
       3
       4
       4
       5
       6
       6
      11
       7
       4
       6
      10
       8
       7
       5
       3
       7
       3
       5
      10
       4
       6
      12
       5
       6
       2
       5
       6
      13
       8
       5
       7
       5
       8
       5
       8
       4
       1
       5
       8
       8
       4
       4
       6
       4
       7
       6
       2
       4
       9
       6
       5
       4
       6
       8
       5
       0
       3
       4
       3
       6
       3
       4
       6
       8
       5
       7
       1
       4
       7
       3
       3
       5
       6
       3
       4
       6
       9
       6
      11
       4
       1
       6
      11
       4
       5
       2
       3
       4
       2
      10
       6
       8
       4
       5
       5
       6
       1
       5
       5
       4
       7
       2
       3
       5
       6
       7
       6
       3
      10
       6
       3
       5
       6
       7
       5
       6
       8
       7
       8
       7
       4
       4
       5
       6
       5
       4
       5
       7
       7
       3
      11
       6
       8
       7
       6
       3
       4
       2
       3
       6
       5
       4
       4
       4
      10
       6
      10
       7
       4
       8
       0
       6
       4
       2
       7
       5
       5
       4
       6
       3
       3
       7
       4
       3
       1
       3
       3
       3
       5
       4
       2
      10
       6
       6
       3
       5
       7
       3
       3
       9
       4
       6
      10
       3
       5
       5
       4
       8
       3
       4
       2
       4
       5
       6
       6
      12
       5
       6
      10
       4
       5
       7
       3
       6
       4
       5
       8
       3
       7
       4
       4
       4
       4
       2
       5
      10
       6
       9
       4
       3
       4
       8
       4
       7
       8
       7
       7
       3
       6
       6
      11
      14
      11
      17
      20
      17
      28
      50
      47
      81
      89
     160
     247
     431
     618
     933
    1181
    1487
    1567
    1423
    1254
     882
     540
     333
     154
      82
      13
       8
       5
       1
       1
       2
       1
       1
       1
       2
       3
       2
       3
       1
       1
       2
       0
       1
       1
       1
       3
       1
       3
       2
       4
       2
       1
       2
       2
       1
       0
       0
       5
       0
       2
       2
       1
       1
       0
       2
       0
       1
       1
       0
       2
       1
       2
       1
       3
       3
       2
       2
       2
       2
       1
       3
       1
       2
       2
       3
       3
       0
       4
       1
       2
       0
       1
       1
       0
       0
       3
       1
       1
       2
       2
       2
       1
       0
       0
       0
       3
       3
       1
       1
       2
       1
       2
       1
       0
       1
       1
       0
       0
       1
       0
       1
       2
       1
       3
       0
       2
       0
       1
       1
       0
       2
       1
       0
       4
       1
       1
       0
       2
       4
       1
       2
       0
       0
       2
       3
       1
       0
       2
       2
       1
       0
       0
       1
       0
       2
       1
       1
       0
       0
       1
       1
       4
       1
       3
       0
       3
       1
       1
       3
       3
       1
       2
       0
       1
       1
       0
       3
       1
       0
       1
       1
       5
       1
       0
       4
       0
       1
       1
       2
       1
       0
       2
       0
       3
       2
       0
       1
       0
       0
       1
       2
       0
       2
       1
       0
       1
       1
       1
       1
       2
       2
       2
       2
       0
       2
       0
       0
       2
       3
       1
       4
       7
       7
       2
       1
       1
       2
       4
       2
       0
       2
       3
       0
       0
       1
       0
       3
       3
       2
       1
       2
       1
       0
       3
       1
       4
       3
       2
       1
       0
       1
       6
       1
       2
       2
       0
       0
       2
       0
       0
       1
       3
       0
       4
       1
       1
       0
       1
       2
       1
       3
       1
       1
       1
       0
       1
       0
       0
       1
       3
       2
       2
       2
       0
       1
       4
       1
       1
       1
       4
       2
       3
       1
       4
       4
       3
       1
       0
       2
       3
       3
       1
       1
       1
       3
       1
       3
       0
       2
       2
       3
       1
       2
       2
       0
       3
       2
       1
       2
       2
       3
       0
       2
       1
       1
       0
       3
       0
       3
       2
       1
       2
       2
       1
       1
       1
       1
       1
       3
       0
       1
       1
       0
       0
       0
       2
       2
       0
       3
       2
       0
       0
       1
       1
       1
       2
       0
       2
       1
       1
       0
       0
       3
       2
       1
       0
       1
       1
       1
       1
       1
       1
       0
       1
       2
       1
       0
       1
       1
       2
       1
       1
       0
       3
       3
       4
       1
       1
       0
       2
       1
       0
       1
       1
       1
       3
       1
       0
       2
       0
       3
       1
       1
       1
       2
       2
       0
       0
       1
       3
       5
       1
       0
       0
       1
       4
       0
       3
       1
       1
       1
       1
       2
       3
       1
       0
       2
       1
       0
       2
       0
       0
       1
       2
       1
       1
       2
       1
       0
       2
       2
       1
       2
       2
       1
       0
       1
       2
       3
       0
       1
       2
       1
       2
       0
       0
       0
       3
       0
       2
       1
       0
       1
       0
       1
       1
       1
       2
       2
       0
       1
       1
       0
       2
       1
       4
       1
       0
       1
       2
       1
       2
       2
       1
       4
       1
       1
       1
       1
       0
       1
       1
       2
       3
       0
       0
       3
       2
       1
       2
       0
       1
       1
       3
       3
       1
       0
       1
       0
       1
       0
       1
       0
       2
       2
       1
       5
       3
       0
       1
       1
       3
       0
       1
       3
       0
       2
       2
       1
       2
       1
       3
       2
       0
       0
       0
       1
       1
       1
       0
       0
       0
       0
       2
       2
       3
       3
       2
       0
       0
       0
       3
       2
       1
       0
       0
       1
       1
       0
       0
       2
       0
       0
       1
       1
       1
       0
       1
       2
       0
       1
       0
       1
       0
       1
       2
       0
       1
       4
       1
       1
       1
       2
       1
       1
       2
       1
       0
       2
       3
       1
       1
       4
       1
       1
       1
       3
       2
       1
       0
       3
       0
       1
       2
       2
       1
       2
       0
       2
       0
       2
       0
       1
       0
       0
       0
       1
       1
       0
       3
       2
       0
       1
       1
       3
       2
       3
       1
       2
       0
       1
       0
       2
       1
       3
       3
       1
       2
       0
       0
       1
       2
       2
       0
       2
       2
       2
       2
       0
       2
       3
       3
       3
       0
       1
       1
       1
       2
       1
       1
       1
       1
       0
       4
       1
       0
       1
       1
       1
       0
       5
       3
       2
       2
       1
       1
       1
       0
       2
       0
       1
       1
       1
       3
       2
       1
       0
       0
       0
       0
       0
       2
       1
       1
       2
       0
       0
       0
       2
       1
       0
       3
       0
       0
       0
       0
       3
       0
       1
       0
       1
       1
       0
       1
       1
       2
       0
       2
       0
       2
       1
       0
       1
       2
       1
       2
       0
       1
       0
       0
       1
       2
       1
       0
       2
       0
       0
       0
       1
       1
       1
       2
       3
       0
       0
       2
       1
       3
       0
       1
       0
       0
       2
       0
       1
       0
       2
       0
       0
       2
       1
       0
       0
       0
       0
       0
       2
       0
       2
       0
       2
       1
       2
       1
       0
       1
       1
       0
       1
       1
       1
       2
       0
       1
       2
       2
       1
       1
       0
       2
       1
       1
       3
       4
       1
       0
       1
       3
       1
       1
       1
       1
       1
       2
       1
       2
       0
       0
       0
       2
       0
       3
       2
       2
       0
       1
       1
       2
       1
       0
       1
       2
       1
       1
       0
       0
       0
       1
       1
       0
       0
       1
       1
       1
       2
       0
       0
       1
       0
       1
       0
       0
       1
       4
       1
       0
       3
       3
       2
       0
       0
       0
       1
       1
       1
       1
       3
       0
       2
       2
       1
       0
       0
       1
       1
       3
       2
       0
       0
       1
       1
       0
       0
       2
       1
       1
       3
       1
       2
       1
       0
       1
       0
       2
       0
       0
       1
       1
       1
       1
       1
       0
       2
       0
       0
       3
       2
       0
       2
       0
       0
       0
       1
       0
       0
       2
       0
       2
       2
       0
       1
       0
       0
       2
       3
       0
       0
       0
       1
       0
       2
       1
       2
       0
       1
       1
       1
       0
       1
       0
       0
       1
       0
       0
       1
       1
       2
       0
       3
       0
       0
       2
       1
       0
       2
       0
       2
       1
       6
       2
       3
       0
       2
       1
       2
       0
       2
       2
       0
       2
       2
       2
       1
       0
       2
       1
       1
       2
       0
       1
       2
       0
       1
       2
       1
       0
       0
       0
       2
       1
       1
       1
       0
       0
       0
       0
       2
       0
       0
       1
       0
       0
       0
       1
       0
       0
       2
       0
       0
       2
       1
       0
       2
       1
       4
       5
       1
       4
       2
       0
       2
       2
       2
       1
       1
       1
       0
       1
       2
       0
       2
       1
       0
       1
       2
       0
       1
       2
       0
       1
       1
       0
       0
       1
       1
       0
       1
       0
       0
       0
       2
       2
       1
       0
       1
       1
       0
       0
       1
       1
       0
       1
       0
       0
       1
       0
       2
       1
       1
       1
       0
       3
       2
       1
       2
       1
       1
       2
       2
       2
       0
       1
       0
       0
       1
       1
       2
       0
       0
       2
       0
       1
       0
       1
       1
       0
       2
       2
       2
       2
       1
       1
       2
       1
       0
       3
       0
       3
       0
       5
       0
       1
       0
       2
       1
       0
       1
       2
       2
       1
       0
       2
       1
       1
       0
       0
       0
       0
       2
       2
       1
       0
       2
       2
       1
       0
       2
       2
       2
       1
       1
       0
       3
       0
       0
       0
       2
       0
       1
       0
       0
       2
       3
       0
       1
       1
       3
       2
       1
       2
       1
       1
       3
       2
       0
       2
       0
       0
       1
       0
       1
       0
       0
       1
       0
       0
       0
       0
       0
       0
       1
       2
       0
       0
       4
       2
       0
       0
       3
       0
       0
       1
       1
       2
       1
       2
       1
       0
       1
       0
       0
       1
       3
       2
       3
       0
       1
       1
       0
       2
       0
       0
       0
       0
       1
       1
       1
       2
       1
       2
       0
       1
       1
       0
       1
       0
       2
       1
       2
       2
       1
       0
       2
       0
       2
       0
       2
       0
       0
       4
       2
       0
       2
       3
       2
       1
       1
       1
       1
       2
       1
       0
       0
       2
       0
       0
       2
       2
       4
       0
       0
       1
       0
       0
       2
       1
       0
       1
       1
       2
       1
       1
       1
       1
       0
       0
       1
       1
       0
       1
       0
       0
       0
       0
       0
       1
       0
       0
       1
       2
       1
       3
       0
       2
       2
       0
       0
       1
       1
       1
       0
       1
       0
       1
       1
       3
       0
       0
       1
       0
       0
       2
       1
       2
       1
       2
       1
       2
       1
       0
       1
       1
       1
       2
       1
       0
       1
       0
       1
       0
       0
       1
       4
       2
       1
       0
       0
       0
       0
       0
       0
       1
       1
       0
       2
       0
       1
       3
       0
       0
       0
       1
       1
       1
       0
       1
       0
       1
       2
       2
       0
       1
       0
       0
       1
       0
       1
       2
       0
       0
       1
       1
       0
       1
       0
       0
       1
       0
       3
       2
       1
       2
       0
       1
       0
       0
       0
       0
       0
       0
       0
       0
       0
       0
       0
       0
       0
       0
       0
       0
       0
       0
       0
       0
       0
       0
       0
       0
       0
       0
       0
       0
       0
       0
       0
       0
       0
       0
       0
       0
       0
       0
       0
       0
       0
       0
       0
       0
       0
       0
       0
       0
       0
       0
       0
       0
       0
       0
       0
       0
       0
       0
       0
       0
       0
       0
       0
       0
       0
       0
       0
       0
       0
       0
       0
       0
       0
       0
       0
       0
       0
       0
       0
       0
       0
       0
       0
       0
       0
       0
       0
       0
       0
       0
       0
       0
       0
       0
       0
       0
       0
       0
       0
       0
       0
       0
       0
       0
       0
       0
       0
       0
       0
       0
       0
       0
       0
       0
       0
       0
       0
       0
       0
       0
       0
       0
       0
       0
       0
       0
       0
       0
$ROI:
7
1414 1476
1682 1717
2991 3027
3386 3449
3571 3617
3731 3753
6671 6744
$PRESETS:
None
0
0
$ENER_FIT:
2.018625 0.389176
$MCA_CAL:
3
2.018625E+000 3.891756E-001 0.000000E+000 keV
$SHAPE_CAL:
3
1.996070E+000 8.735535E-004 0.000000E+000
