$SPEC_ID:
No sample description was entered.
$SPEC_REM:
DET# 1
DETDESC# DESKTOP-PNQJTCJ Easy-MCA-8k SN 09161357
AP# Maestro Version 7.01
$DATE_MEA:
03/08/2017 15:32:03
$MEAS_TIM:
528 589
$DATA:
0 8191
       0
       0
       0
       0
       0
       0
       0
       0
       0
       0
       0
       0
       0
       0
       0
       0
       0
       0
       0
       0
       0
       0
       0
       0
       0
       0
       0
       0
       0
       0
       0
       0
       0
      13
      67
     399
    1675
    1769
    1381
    1907
    2689
    2853
    3829
    5587
    4395
    4561
    4214
    3209
    1909
    1028
     585
     458
     432
     378
     386
     418
     398
     411
     437
     424
     385
     406
     397
     381
     380
     393
     393
     391
     410
     383
     328
     352
     345
     383
     373
     412
     373
     382
     360
     379
     372
     376
     370
     343
     364
     382
     382
     423
     367
     386
     370
     385
     361
     408
     384
     383
     380
     406
     382
     374
     374
     377
     364
     338
     382
     377
     339
     368
     360
     375
     368
     360
     364
     356
     390
     363
     377
     398
     390
     388
     399
     398
     379
     405
     390
     444
     374
     350
     408
     376
     399
     389
     379
     395
     403
     399
     420
     419
     418
     418
     457
     446
     468
     443
     406
     445
     415
     442
     410
     440
     418
     444
     409
     472
     440
     446
     474
     474
     471
     455
     480
     484
     482
     464
     446
     437
     461
     455
     464
     451
     473
     472
     482
     490
     482
     498
     500
     497
     507
     497
     469
     511
     516
     548
     571
     599
     612
     571
     587
     614
     751
     742
     627
     534
     509
     494
     483
     508
     520
     485
     481
     469
     485
     509
     509
     519
     518
     483
     526
     546
     490
     510
     489
     535
     496
     574
     663
     572
     566
     532
     512
     511
     556
     574
     570
     491
     500
     468
     530
     531
     550
     527
     539
     500
     477
     497
     511
     485
     494
     521
     486
     508
     541
     493
     515
     506
     505
     498
     489
     555
     484
     522
     514
     475
     531
     489
     492
     500
     484
     471
     489
     504
     505
     477
     520
     484
     500
     500
     476
     500
     491
     496
     471
     508
     491
     521
     487
     516
     494
     473
     503
     518
     466
     489
     449
     467
     511
     479
     483
     497
     492
     475
     469
     509
     462
     531
     536
     487
     455
     511
     499
     536
     460
     481
     527
     464
     466
     442
     522
     492
     558
     476
     504
     467
     474
     527
     518
     473
     492
     493
     447
     505
     481
     466
     530
     537
     463
     509
     490
     497
     470
     499
     498
     485
     490
     468
     475
     479
     466
     471
     472
     494
     450
     528
     515
     489
     522
     472
     518
     494
     455
     470
     473
     479
     437
     456
     444
     411
     489
     475
     459
     444
     458
     458
     499
     480
     443
     451
     425
     494
     470
     460
     468
     504
     462
     467
     451
     433
     458
     449
     453
     428
     439
     434
     466
     478
     502
     477
     468
     466
     432
     454
     416
     446
     458
     417
     449
     438
     462
     467
     501
     437
     459
     480
     465
     459
     427
     447
     467
     499
     435
     467
     420
     458
     430
     444
     423
     455
     436
     434
     423
     460
     466
     436
     459
     433
     440
     428
     454
     431
     462
     454
     418
     466
     503
     463
     452
     437
     484
     433
     453
     439
     427
     431
     483
     395
     438
     424
     410
     413
     411
     400
     450
     425
     453
     447
     444
     424
     450
     449
     429
     430
     427
     447
     455
     444
     443
     432
     491
     435
     429
     432
     426
     438
     439
     421
     440
     441
     436
     441
     448
     400
     438
     445
     440
     441
     478
     418
     413
     439
     398
     440
     424
     441
     421
     389
     446
     436
     412
     439
     449
     441
     434
     417
     433
     426
     422
     444
     390
     460
     412
     399
     455
     396
     423
     455
     438
     461
     432
     391
     446
     430
     401
     451
     440
     423
     459
     402
     411
     389
     455
     430
     442
     461
     479
     489
     450
     462
     469
     490
     469
     479
     475
     495
     495
     484
     465
     498
     470
     493
     486
     513
     496
     490
     498
     502
     489
     505
     486
     520
     502
     485
     480
     482
     521
     458
     467
     461
     469
     484
     470
     494
     427
     460
     459
     469
     401
     461
     476
     434
     448
     441
     456
     454
     411
     458
     422
     451
     419
     428
     479
     444
     430
     424
     442
     473
     395
     459
     463
     454
     445
     437
     435
     451
     445
     409
     436
     408
     381
     453
     499
     500
     489
     439
     459
     414
     415
     406
     435
     463
     394
     411
     432
     436
     405
     389
     418
     436
     403
     393
     405
     406
     381
     438
     384
     373
     446
     391
     391
     417
     441
     390
     368
     415
     401
     398
     400
     405
     455
     401
     431
     383
     397
     360
     439
     395
     361
     386
     411
     400
     379
     404
     408
     406
     368
     433
     373
     373
     411
     384
     409
     419
     405
     379
     387
     385
     368
     390
     374
     410
     380
     424
     384
     401
     392
     383
     376
     336
     369
     370
     388
     370
     410
     382
     426
     384
     388
     367
     341
     355
     376
     356
     380
     410
     386
     395
     393
     390
     380
     386
     376
     355
     366
     386
     375
     382
     399
     400
     383
     351
     342
     374
     380
     360
     359
     378
     354
     369
     368
     385
     399
     360
     388
     388
     386
     355
     366
     407
     394
     405
     345
     392
     378
     374
     373
     364
     373
     347
     367
     406
     362
     350
     369
     413
     377
     395
     401
     404
     393
     388
     379
     354
     389
     361
     353
     382
     356
     348
     369
     390
     367
     351
     368
     336
     412
     381
     399
     388
     377
     350
     409
     351
     339
     380
     335
     331
     363
     338
     377
     380
     313
     401
     359
     418
     433
     445
     450
     391
     372
     389
     349
     357
     371
     375
     334
     406
     382
     353
     331
     389
     347
     322
     362
     379
     352
     374
     355
     327
     348
     366
     356
     384
     358
     359
     363
     371
     365
     362
     363
     392
     355
     351
     340
     320
     349
     333
     353
     343
     366
     363
     375
     370
     375
     353
     340
     356
     372
     370
     356
     308
     371
     345
     319
     355
     344
     384
     371
     356
     343
     350
     341
     345
     360
     336
     343
     392
     368
     358
     373
     350
     374
     334
     326
     330
     340
     360
     351
     369
     348
     371
     374
     348
     348
     348
     320
     364
     373
     348
     356
     358
     354
     370
     383
     352
     347
     314
     359
     354
     303
     344
     377
     429
     395
     413
     401
     342
     375
     351
     373
     342
     338
     350
     328
     340
     365
     348
     356
     350
     350
     351
     308
     370
     338
     351
     365
     349
     360
     337
     314
     331
     367
     359
     343
     344
     319
     343
     303
     336
     328
     320
     313
     338
     353
     355
     343
     371
     353
     371
     333
     367
     379
     364
     357
     331
     366
     359
     316
     328
     394
     371
     338
     374
     372
     331
     344
     346
     336
     365
     350
     343
     343
     318
     348
     328
     355
     329
     358
     339
     353
     329
     346
     354
     332
     322
     337
     313
     327
     345
     359
     347
     348
     335
     379
     284
     337
     374
     370
     338
     308
     333
     367
     317
     371
     335
     357
     342
     348
     330
     368
     348
     315
     348
     387
     341
     323
     340
     368
     328
     366
     358
     328
     317
     337
     329
     320
     347
     320
     358
     336
     346
     361
     309
     305
     336
     347
     329
     334
     349
     339
     327
     361
     320
     309
     359
     341
     359
     357
     367
     318
     358
     328
     347
     347
     333
     338
     341
     325
     342
     330
     363
     311
     331
     346
     333
     322
     353
     333
     347
     363
     350
     324
     353
     306
     333
     350
     372
     351
     350
     333
     351
     351
     349
     329
     329
     320
     330
     341
     372
     310
     353
     358
     346
     350
     365
     355
     344
     328
     322
     398
     317
     352
     364
     329
     336
     303
     363
     337
     333
     313
     347
     342
     361
     363
     333
     319
     355
     334
     342
     325
     351
     317
     346
     344
     334
     351
     341
     322
     337
     338
     322
     334
     340
     359
     343
     316
     326
     336
     335
     346
     339
     369
     330
     327
     393
     340
     359
     339
     355
     348
     360
     357
     394
     356
     361
     327
     349
     339
     368
     345
     342
     328
     345
     356
     337
     337
     343
     337
     321
     355
     325
     327
     364
     361
     354
     356
     323
     322
     344
     356
     326
     333
     348
     311
     353
     309
     354
     342
     339
     339
     324
     298
     345
     344
     347
     316
     357
     332
     335
     329
     351
     332
     348
     356
     329
     323
     330
     333
     328
     317
     336
     311
     357
     339
     316
     336
     313
     332
     341
     335
     315
     374
     353
     322
     334
     331
     331
     330
     360
     326
     320
     326
     337
     377
     335
     320
     344
     330
     324
     365
     337
     352
     311
     332
     320
     359
     329
     330
     349
     343
     327
     341
     352
     337
     322
     306
     341
     313
     343
     341
     343
     357
     341
     329
     352
     375
     339
     344
     378
     317
     345
     365
     341
     343
     358
     300
     362
     348
     346
     327
     365
     352
     343
     351
     339
     366
     340
     294
     325
     339
     348
     325
     328
     330
     372
     307
     330
     326
     324
     384
     314
     336
     328
     367
     359
     357
     322
     365
     335
     394
     391
     384
     396
     366
     362
     361
     385
     367
     348
     345
     343
     329
     338
     330
     330
     329
     302
     324
     304
     330
     358
     348
     344
     347
     309
     334
     305
     309
     336
     346
     363
     345
     309
     335
     311
     354
     341
     349
     338
     336
     311
     343
     324
     347
     344
     333
     329
     331
     315
     341
     350
     343
     321
     339
     339
     320
     343
     324
     335
     332
     330
     318
     327
     339
     313
     319
     353
     338
     381
     334
     345
     318
     343
     338
     302
     322
     343
     332
     363
     339
     349
     333
     314
     301
     334
     337
     348
     359
     340
     354
     306
     353
     324
     345
     352
     341
     320
     327
     333
     327
     337
     326
     343
     329
     356
     298
     320
     354
     354
     358
     321
     309
     336
     340
     370
     316
     370
     368
     328
     317
     318
     363
     317
     316
     350
     324
     315
     319
     316
     341
     346
     335
     346
     324
     369
     333
     319
     361
     348
     305
     314
     338
     332
     323
     321
     356
     306
     352
     349
     316
     316
     321
     314
     323
     346
     347
     335
     366
     338
     317
     333
     314
     308
     321
     316
     337
     375
     304
     331
     342
     329
     347
     328
     340
     334
     329
     356
     321
     325
     286
     342
     332
     330
     354
     366
     400
     386
     380
     355
     338
     341
     316
     333
     343
     337
     352
     334
     331
     338
     335
     348
     362
     359
     345
     360
     326
     325
     347
     348
     327
     355
     328
     349
     345
     330
     330
     367
     350
     343
     353
     338
     370
     338
     321
     322
     327
     354
     362
     326
     375
     306
     307
     362
     329
     335
     330
     322
     353
     352
     359
     345
     336
     342
     340
     335
     316
     351
     365
     349
     345
     359
     354
     366
     419
     382
     330
     354
     351
     314
     365
     333
     315
     314
     354
     349
     364
     332
     329
     317
     330
     338
     344
     346
     358
     329
     325
     330
     346
     348
     377
     362
     328
     354
     350
     352
     344
     337
     336
     354
     330
     373
     372
     331
     339
     339
     363
     345
     359
     321
     313
     304
     342
     316
     342
     316
     309
     317
     305
     373
     319
     355
     330
     350
     342
     349
     331
     371
     351
     332
     358
     350
     346
     311
     357
     314
     363
     333
     359
     316
     365
     359
     329
     323
     373
     339
     318
     308
     346
     317
     321
     327
     361
     325
     350
     369
     349
     339
     310
     347
     337
     347
     357
     384
     377
     349
     348
     352
     332
     333
     316
     335
     368
     353
     364
     383
     356
     343
     352
     378
     346
     340
     315
     324
     331
     376
     350
     361
     326
     347
     342
     334
     326
     329
     365
     337
     385
     343
     321
     361
     344
     339
     351
     348
     352
     321
     360
     364
     333
     338
     366
     315
     370
     356
     378
     367
     357
     316
     331
     315
     353
     371
     340
     325
     356
     374
     325
     402
     331
     368
     323
     366
     331
     363
     350
     373
     330
     363
     336
     330
     323
     348
     340
     342
     375
     333
     335
     310
     333
     368
     333
     365
     333
     355
     370
     347
     345
     355
     366
     335
     317
     352
     355
     341
     305
     336
     332
     347
     366
     365
     372
     369
     356
     374
     334
     373
     355
     326
     369
     338
     384
     352
     371
     378
     371
     366
     352
     326
     363
     334
     399
     322
     328
     323
     356
     360
     357
     378
     350
     346
     359
     342
     351
     332
     364
     382
     326
     355
     359
     338
     322
     372
     359
     380
     348
     328
     373
     343
     349
     353
     340
     399
     351
     376
     343
     385
     361
     363
     353
     393
     351
     335
     362
     373
     357
     358
     354
     341
     366
     361
     330
     376
     337
     338
     374
     348
     340
     374
     369
     347
     418
     384
     330
     356
     344
     324
     366
     354
     378
     361
     362
     399
     354
     355
     352
     393
     407
     377
     379
     394
     377
     376
     356
     352
     376
     353
     352
     346
     374
     371
     371
     391
     392
     388
     372
     390
     353
     392
     357
     373
     377
     348
     357
     342
     387
     380
     376
     358
     376
     361
     395
     372
     385
     367
     372
     359
     364
     385
     353
     335
     362
     389
     372
     372
     338
     358
     352
     341
     350
     349
     344
     362
     378
     375
     356
     367
     362
     346
     360
     393
     373
     345
     377
     371
     374
     358
     386
     379
     376
     410
     387
     374
     380
     361
     378
     412
     373
     380
     415
     390
     385
     382
     358
     387
     398
     365
     396
     363
     388
     378
     385
     353
     347
     372
     343
     338
     387
     357
     408
     386
     359
     371
     373
     409
     393
     373
     398
     411
     358
     378
     409
     364
     382
     395
     394
     345
     409
     379
     392
     411
     414
     394
     392
     386
     360
     395
     377
     371
     434
     382
     371
     399
     378
     416
     385
     394
     378
     370
     398
     367
     378
     356
     364
     383
     432
     375
     409
     376
     395
     377
     398
     391
     367
     382
     417
     374
     391
     395
     409
     376
     398
     374
     421
     369
     364
     380
     368
     406
     411
     387
     363
     395
     358
     395
     399
     424
     390
     395
     357
     360
     375
     410
     438
     381
     377
     403
     377
     397
     358
     344
     393
     385
     381
     393
     361
     369
     384
     380
     400
     399
     386
     405
     392
     408
     434
     386
     411
     418
     378
     370
     355
     411
     352
     405
     391
     410
     379
     412
     398
     391
     393
     400
     399
     388
     388
     393
     378
     409
     430
     454
     433
     421
     433
     442
     414
     431
     451
     447
     436
     441
     461
     438
     433
     398
     458
     420
     405
     377
     388
     420
     425
     386
     413
     427
     406
     415
     397
     421
     401
     374
     396
     427
     441
     398
     435
     404
     426
     414
     472
     436
     449
     416
     406
     424
     385
     424
     416
     402
     432
     418
     361
     407
     422
     380
     431
     464
     397
     442
     417
     435
     433
     395
     414
     412
     385
     442
     411
     406
     432
     428
     444
     415
     427
     444
     473
     433
     440
     415
     432
     445
     437
     446
     463
     411
     385
     427
     444
     453
     460
     431
     437
     459
     402
     434
     451
     440
     439
     417
     432
     462
     427
     410
     440
     400
     431
     426
     437
     443
     456
     457
     428
     433
     434
     456
     451
     492
     436
     409
     451
     445
     478
     426
     469
     468
     467
     429
     475
     478
     464
     425
     455
     439
     456
     472
     443
     463
     410
     502
     449
     464
     457
     480
     434
     449
     476
     465
     450
     481
     435
     434
     461
     476
     406
     503
     478
     452
     455
     474
     461
     444
     505
     524
     451
     480
     445
     481
     457
     459
     448
     468
     445
     460
     460
     445
     479
     436
     413
     493
     474
     462
     460
     467
     505
     471
     479
     457
     456
     462
     503
     502
     501
     420
     506
     495
     523
     502
     482
     470
     499
     451
     491
     489
     483
     532
     508
     535
     511
     530
     478
     479
     466
     493
     492
     466
     495
     477
     483
     521
     483
     530
     505
     552
     487
     501
     534
     510
     518
     524
     495
     508
     519
     533
     487
     462
     520
     482
     529
     474
     545
     573
     536
     484
     533
     527
     533
     527
     514
     540
     524
     494
     493
     539
     532
     522
     543
     539
     531
     591
     511
     562
     521
     509
     546
     531
     566
     564
     583
     528
     546
     566
     550
     533
     525
     561
     544
     544
     551
     571
     541
     551
     546
     596
     568
     560
     560
     586
     540
     557
     527
     531
     561
     595
     513
     562
     552
     551
     585
     573
     543
     522
     551
     587
     552
     551
     521
     568
     571
     576
     534
     566
     626
     552
     539
     597
     553
     596
     613
     596
     509
     581
     564
     630
     576
     541
     574
     550
     562
     590
     557
     604
     586
     602
     577
     604
     627
     577
     562
     602
     552
     558
     578
     576
     572
     580
     576
     551
     566
     637
     587
     573
     579
     594
     550
     600
     571
     581
     586
     552
     607
     577
     542
     618
     579
     545
     546
     528
     527
     538
     564
     596
     544
     529
     533
     518
     507
     505
     512
     471
     518
     532
     476
     479
     468
     456
     456
     459
     468
     462
     477
     467
     432
     451
     452
     421
     466
     414
     462
     485
     437
     453
     394
     433
     420
     427
     482
     432
     477
     428
     462
     468
     380
     432
     457
     408
     446
     404
     429
     424
     419
     404
     410
     459
     448
     460
     441
     404
     410
     439
     413
     429
     453
     446
     459
     423
     460
     419
     392
     425
     439
     443
     394
     448
     443
     419
     421
     451
     439
     407
     430
     444
     401
     417
     444
     435
     375
     442
     388
     395
     391
     389
     417
     409
     438
     418
     404
     445
     368
     404
     396
     417
     441
     432
     430
     383
     426
     400
     411
     424
     438
     396
     402
     407
     396
     404
     445
     368
     407
     410
     418
     397
     419
     413
     409
     422
     401
     410
     408
     387
     399
     427
     452
     420
     405
     406
     414
     379
     408
     354
     369
     360
     399
     384
     413
     368
     392
     406
     390
     399
     422
     428
     388
     381
     400
     372
     389
     379
     402
     363
     374
     371
     393
     362
     421
     387
     388
     423
     385
     369
     397
     405
     398
     369
     411
     377
     366
     405
     359
     387
     378
     380
     343
     388
     390
     369
     416
     417
     418
     375
     360
     387
     379
     379
     373
     415
     373
     365
     402
     402
     384
     375
     347
     402
     348
     368
     392
     400
     386
     363
     359
     365
     381
     386
     353
     380
     374
     362
     404
     380
     373
     381
     402
     345
     388
     395
     400
     382
     372
     348
     368
     376
     350
     380
     394
     371
     373
     353
     350
     381
     364
     416
     355
     365
     393
     381
     397
     371
     373
     345
     341
     396
     337
     378
     371
     400
     376
     377
     383
     359
     354
     385
     391
     343
     380
     380
     375
     378
     365
     347
     376
     389
     349
     384
     362
     350
     381
     370
     331
     367
     401
     403
     378
     371
     346
     354
     413
     385
     376
     378
     379
     366
     380
     346
     385
     344
     386
     368
     374
     376
     338
     338
     390
     383
     358
     365
     386
     379
     379
     371
     372
     344
     355
     412
     371
     341
     364
     347
     379
     408
     379
     342
     343
     380
     397
     384
     364
     413
     368
     393
     376
     357
     373
     389
     365
     366
     383
     402
     380
     360
     371
     375
     388
     359
     395
     350
     382
     392
     377
     386
     382
     364
     387
     379
     405
     371
     379
     392
     397
     398
     387
     371
     378
     398
     358
     413
     395
     395
     404
     354
     374
     384
     397
     383
     358
     389
     348
     332
     404
     370
     346
     352
     386
     382
     393
     383
     356
     370
     368
     372
     340
     347
     388
     355
     342
     335
     303
     324
     338
     312
     326
     340
     310
     328
     300
     309
     307
     306
     283
     288
     305
     305
     269
     251
     250
     278
     282
     253
     301
     272
     249
     256
     253
     261
     246
     251
     237
     226
     238
     258
     250
     241
     218
     240
     227
     261
     214
     251
     217
     246
     200
     236
     218
     216
     225
     256
     242
     224
     207
     201
     210
     227
     242
     236
     239
     216
     225
     207
     224
     208
     250
     238
     224
     218
     226
     234
     214
     238
     210
     207
     218
     221
     229
     224
     230
     213
     187
     226
     183
     199
     207
     235
     215
     222
     173
     197
     199
     204
     222
     232
     188
     196
     196
     205
     206
     187
     201
     219
     205
     212
     191
     211
     223
     206
     203
     239
     195
     214
     192
     192
     209
     211
     206
     225
     191
     194
     188
     187
     233
     198
     225
     230
     217
     256
     285
     295
     385
     367
     335
     417
     430
     466
     506
     536
     544
     681
     799
    1171
    1912
    3880
    7579
   13531
   18938
   21411
   18436
   12141
    6122
    2313
     799
     305
     195
     156
     178
     178
     154
     143
     144
     171
     174
     166
     158
     180
     127
     179
     167
     148
     144
     136
     141
     172
     118
     136
     155
     150
     157
     147
     149
     138
     151
     142
     136
     138
     130
     147
     142
     145
     115
     157
     160
     137
     114
     129
     123
     104
     121
     125
     139
     130
     125
     128
     127
     124
     120
     124
     124
     106
     111
     124
     105
     128
     127
     105
     126
     116
     108
     106
     125
     104
      98
     110
     110
     109
     119
     104
     109
      95
     115
     108
      95
      93
     102
      89
     111
      97
     122
     111
      91
     107
      96
      87
      98
      94
      94
      94
      86
      92
      67
      80
      80
      99
      94
      83
      88
      88
     100
      68
      76
      90
     103
      85
      67
      75
      76
      80
      77
      75
      78
      89
      72
      82
      79
      85
      95
      75
      84
      67
      76
      69
      71
      70
      76
      98
      55
      70
      65
      74
      61
      65
      66
      60
      74
      68
      67
      78
      63
      76
      71
      54
      58
      65
      64
      58
      62
      59
      57
      70
      73
      67
      58
      65
      59
      58
      53
      56
      51
      49
      61
      54
      66
      48
      46
      52
      73
      49
      52
      64
      57
      46
      49
      46
      53
      52
      67
      56
      51
      58
      51
      43
      53
      45
      44
      54
      55
      57
      36
      50
      59
      58
      39
      47
      57
      48
      51
      56
      50
      71
      51
      44
      48
      57
      48
      49
      51
      35
      40
      40
      49
      50
      45
      49
      47
      41
      42
      44
      49
      35
      41
      36
      53
      42
      48
      43
      40
      38
      51
      47
      47
      46
      43
      45
      41
      50
      38
      52
      50
      41
      41
      42
      45
      40
      38
      52
      33
      31
      50
      45
      48
      35
      50
      38
      38
      43
      41
      51
      44
      44
      35
      38
      45
      43
      32
      41
      41
      47
      37
      43
      49
      38
      54
      36
      23
      39
      47
      40
      55
      47
      48
      40
      39
      37
      40
      47
      41
      45
      52
      39
      47
      41
      39
      42
      52
      41
      39
      43
      40
      47
      49
      51
      25
      49
      35
      34
      34
      35
      46
      36
      57
      42
      42
      49
      28
      43
      34
      42
      42
      42
      48
      35
      31
      37
      38
      37
      49
      36
      41
      35
      40
      43
      35
      45
      35
      37
      36
      40
      39
      41
      49
      35
      35
      36
      41
      29
      35
      34
      41
      33
      34
      33
      42
      35
      47
      35
      35
      46
      33
      36
      41
      39
      36
      45
      66
      40
      45
      50
      52
      68
      56
      58
      68
      84
      68
      81
     121
     165
     160
     189
     214
     243
     257
     308
     301
     339
     412
     459
     586
     852
    1327
    2493
    5029
    9106
   14291
   17879
   17928
   13989
    8585
    4074
    1550
     466
     121
      44
      44
      22
      24
      22
      31
      33
      30
      35
      17
      32
      25
      22
      25
      29
      33
      24
      21
      20
      27
      22
      17
      37
      22
      26
      23
      28
      16
      24
      25
      25
      20
      18
      28
      21
      21
      21
      16
      22
      18
      15
      13
      18
      14
      29
      18
      18
      24
      21
      29
      16
      18
      27
      24
      20
       9
      28
      16
      19
      19
      18
      19
      23
      21
      21
      18
      18
      21
      20
      23
      20
      22
      18
      16
      19
      22
      24
      24
      21
      24
      23
      16
      24
      16
      26
      23
      16
      26
      16
      13
      12
      19
      14
      10
      20
      24
      14
      28
      26
      14
      17
      23
      16
      22
      16
      18
      25
      29
      25
      24
      18
      22
      18
      11
      18
      22
      18
      14
      21
      19
       8
      16
      13
      19
      21
      22
      17
      13
      21
      17
      12
      18
      13
      13
      19
      16
      16
       8
      12
      23
      12
      13
      15
      21
      15
      21
      30
      20
      24
      27
      26
      11
      10
      14
      15
      15
      16
      13
      19
      19
      16
      11
      17
      13
      15
      15
      28
      13
      22
      16
      16
      27
      24
      16
      17
      15
      24
      15
      24
      12
      12
      10
      24
      19
      20
      13
      14
      13
      18
      21
      14
      17
      20
      16
      25
      23
      16
      20
      22
      10
      26
      23
      14
      18
      15
      30
      14
      16
      20
      13
      13
      22
      18
      21
      14
      20
      16
      12
      20
      17
      19
      21
      10
      14
      11
      13
      20
      19
      11
      26
      11
      20
      15
      14
      17
      16
      12
      15
      17
      12
      15
      14
      21
      19
      14
      17
      13
       9
      13
      16
      16
      20
      14
      17
      15
      16
      14
      23
       7
       8
      19
       9
      19
      16
      20
      18
      15
      14
      21
      23
      12
       9
      17
      13
      11
      18
      17
      22
      18
      11
      15
      10
      14
      13
      14
      14
      17
       9
      19
      24
      14
      18
      14
      17
      13
      14
       8
      17
      10
      10
      16
      15
      10
      11
      12
      14
      23
      17
      20
      12
      13
      19
      25
      15
      29
      22
      29
      38
      63
      81
     128
     160
     179
     148
      89
      59
      35
      20
      16
      10
      13
      19
      13
      15
      14
      16
       9
      19
      16
      11
       9
      24
      18
      12
      15
      11
      14
      21
      14
      11
      14
      17
       8
      15
      11
       8
      16
      14
      20
      13
       6
      12
       8
      11
      18
      10
      15
      16
      11
      20
      11
      14
      14
      11
      16
      20
      16
      20
      14
      15
      20
      15
      16
      18
      18
      15
      17
      10
      18
       8
      11
      12
      17
      12
      16
       9
      16
      13
      18
      16
      11
      16
      15
      17
      12
      12
      11
      11
      17
      14
      13
      15
       9
      20
      14
      10
      13
      21
      19
       7
      16
      17
      16
      19
       8
      21
      10
      16
      13
      16
       9
      16
      20
      19
      10
       6
      10
      12
      12
      11
      15
      12
      15
      10
      13
      11
      22
      24
       7
      21
      11
      17
      10
       4
      16
      18
      10
      22
       9
      15
      11
      12
       9
      18
      11
      14
      13
      18
      10
      11
       9
      15
      13
      13
      10
      11
      13
      13
      15
       7
      14
       7
      14
      11
      12
       9
      16
      13
      14
      15
      15
      15
      10
      10
       5
      13
      25
      12
       6
      14
      14
      11
      12
      11
      17
      13
      10
      14
      11
      16
      18
      11
      19
      18
      13
      17
      12
      15
       9
      17
      18
       9
      14
      10
      13
       9
      17
      15
      14
      10
      11
      14
      13
      17
      14
      10
      13
      12
      10
      13
       6
      17
      16
       8
       7
      13
       8
      10
      16
       8
      13
      13
       7
      18
      20
      12
      13
       6
       8
      16
       9
      12
      11
      10
      15
       7
      10
      14
      14
      13
      12
      11
      12
      11
       8
      11
      14
      19
      12
      15
      10
      15
       9
      17
       6
      10
      15
      14
       9
      18
      14
       7
      16
      14
      15
       6
       9
      12
      12
      11
      10
      16
      13
      10
      11
       8
      17
       9
      11
      18
      10
      17
      16
      11
      14
      16
      11
      14
      14
      21
      10
      13
      10
      11
      16
       8
       7
       8
       9
      13
       9
      14
       8
      13
      14
      12
      12
      14
      13
      13
      10
      14
       8
      12
      14
       9
      21
      12
      25
      15
      15
       8
      12
      15
       8
      11
      16
      13
      19
      21
      11
      11
      14
      13
       6
      11
      14
       6
      11
      10
      15
      16
      10
       9
      16
      14
      13
       9
       9
      12
      13
      14
      10
       8
      15
      10
       9
       9
      16
       9
      17
      11
      14
       6
       7
      11
       8
       7
      15
      12
      19
      10
      15
      18
      10
      14
       8
       6
      10
      11
      11
      18
      11
      12
      22
      16
      11
       8
      20
       7
       8
       7
      16
       7
      11
       8
      10
      13
      18
      13
      13
      16
       4
       9
      10
      16
      10
       8
       5
      14
       7
       9
      10
       9
      15
      12
      13
      12
      14
      10
       9
      11
       9
      14
      10
       7
      15
      18
      11
       8
      11
       9
       9
      10
      14
      12
      13
      14
      15
       5
      11
      14
       9
      10
       7
       7
      11
       7
      10
      10
      12
      15
      12
       8
      15
      11
      11
      10
      11
      10
      14
      11
      11
      11
      12
      13
       8
       8
      11
      17
      10
      10
      13
      11
      10
      11
      14
       9
       9
      14
      11
       8
       6
      12
       7
       8
       8
      14
       7
      12
       9
       6
       8
       7
      12
       9
       9
       8
      11
       7
       9
       9
       9
       9
      10
      18
       7
      12
      14
      11
       9
      18
      11
       5
      11
      14
       9
       8
      11
      12
      13
       8
      14
       8
       4
       8
       8
       5
       7
       8
      12
       9
       4
       7
       9
      12
       3
       9
      12
       6
      12
      12
       6
      11
      14
       7
      11
      10
       9
       9
      12
       8
       6
      15
      11
      14
       8
       5
       5
      11
      16
       5
      10
      12
       8
      11
      13
       7
       7
      11
      16
       7
      11
       8
       7
      13
      10
      12
       7
       7
      10
      13
       8
       6
       6
      13
       8
       4
       8
      13
       7
      10
      14
       4
      15
       6
      12
       6
       7
       9
      14
      10
       6
       7
      11
       6
       6
       6
       7
      10
       4
      13
      14
       7
       7
       6
       9
      11
      13
       6
      13
       9
      17
       8
      12
       6
       6
      14
       8
       7
       7
      10
       8
       8
       7
       7
      13
      11
       9
       5
       5
       4
      11
      10
       8
      10
       7
       9
      10
      10
      16
       8
      10
      13
      14
      14
       4
       8
       9
      12
      11
      10
      12
       6
      12
       7
       9
       7
       5
       9
      10
       4
       7
      11
       9
      14
      10
       4
       8
       9
      12
      15
       9
       5
       9
      10
       9
      13
       8
       6
      14
      10
       9
       9
       4
       9
       8
       2
       6
       5
       7
       7
      10
       9
      13
      10
       8
       8
       9
       9
       9
       9
       8
      12
       8
       9
       8
      10
       5
      12
       8
       5
       8
      15
      10
       8
       7
      12
       5
      10
       6
       5
       5
       9
       6
      11
       5
       9
      11
      10
       4
      15
       6
       8
       8
       5
       6
       9
       6
       7
       8
       9
      13
      12
      10
       9
       8
       9
       4
       8
      10
       8
      10
      12
      11
      17
       9
      19
      16
      17
      25
      14
      20
      18
      12
       6
      12
       9
      10
       8
       7
       8
       7
      12
      11
       9
       6
       5
      10
       6
       6
       7
      11
       5
       3
      14
      13
      10
       7
       8
      10
       6
       4
       9
       7
       6
       8
       8
       7
       9
      10
       5
      12
      10
       8
      11
       6
      11
       8
       9
       9
       9
       8
      10
       8
       7
       6
       4
       4
       4
       6
       9
       6
      10
       6
      10
       6
      10
       9
      11
      10
      10
       7
      11
       8
       6
      11
       8
       7
       8
       9
       2
       8
       9
      11
       8
       7
      15
       6
       9
       5
       3
      10
       9
       9
       6
       5
       7
       8
      10
      10
       5
       7
       8
      11
       8
       7
       9
       7
       8
       3
       7
       3
       7
       3
      10
       8
      10
      10
       5
      11
       5
       4
       4
       9
       4
      14
       5
       6
      13
      10
       7
      14
       9
       7
       4
       8
       5
       7
       4
       6
       9
       7
      10
       6
       4
       9
       8
       4
       4
      10
      11
      14
      11
       6
       4
      11
       5
       4
      13
       5
       6
      12
      10
       4
      10
       8
       5
      12
       6
      11
       7
       9
       5
       6
       6
       6
      10
       5
       8
       6
       9
       7
       7
       3
       9
       7
       3
       9
       6
      13
       9
       7
       4
       7
       6
       9
       2
       4
       5
       6
       9
       6
       9
      15
       7
       9
      10
       9
       7
      13
       5
      14
       7
      12
      13
      13
       7
       5
      12
       9
       8
       6
       9
       7
       9
       8
       7
       4
       9
       2
       5
       8
       4
       6
       7
       9
       5
       4
       7
       7
      11
       3
       9
       4
       4
       7
       9
       4
       3
       5
       9
       9
       6
       3
       5
       4
       7
       9
      10
       5
       7
       9
       8
       5
       5
       6
       9
       8
       8
       8
       4
       8
      10
      15
       8
      11
       3
       7
       7
       9
       5
       4
       8
       8
       8
       9
       9
       9
       4
       8
      12
       8
       6
       5
       2
       5
       5
       6
       6
      12
       8
       6
       5
       5
       5
       4
       8
       1
       4
       6
       6
      12
       8
       8
       8
       8
       4
       9
       9
       7
       5
       6
       6
      11
       4
       4
       7
      14
       6
       3
       4
       5
       8
       3
       8
      10
       4
      10
      10
       5
       9
       8
       5
      10
       9
       7
       9
       5
       9
       3
       5
       6
      10
       3
       6
       4
       7
       8
       8
       6
       7
       6
       8
       7
       3
       4
       6
       1
      13
       6
       3
       5
       7
       7
       6
       7
       6
       7
       4
      11
       4
      13
       8
       6
       7
       8
       9
       8
       8
       5
       6
       7
       8
       8
       2
       8
       8
       7
       7
       7
       5
       8
       2
       1
       9
       5
       8
       3
       3
       5
       6
       7
       5
       6
       9
       5
       3
       7
       4
       9
       2
       8
       3
       6
       5
       3
       7
       4
       3
       5
       8
       5
       6
       7
       5
       9
      11
       4
       7
       4
       6
       7
       7
       1
       5
       8
      10
       6
       5
       5
       6
       9
       5
       5
       4
       9
       5
       8
      11
       9
       7
       4
       6
       7
       4
       6
       2
       8
       4
       4
      11
       4
       6
       5
       5
       4
       2
       2
       7
      10
       6
       8
       8
       2
       7
       5
       3
       8
       4
       4
       9
       8
       4
       1
       2
       7
       8
       7
      11
       7
       6
       7
       1
       6
      13
       6
      10
       3
       7
       5
       5
       4
       2
       5
       9
       6
       7
       4
       8
       5
       6
       6
       5
       2
       5
       9
       7
       3
       8
       9
       8
       8
       3
       3
       5
       6
       5
       4
       4
       4
       6
       4
       6
       5
       7
       6
       6
       3
       4
       5
       3
       7
       9
      10
       9
       8
       5
       4
       3
       3
       7
       6
      11
       6
       9
       5
       4
       9
       8
       5
      10
       3
       5
       7
       4
       8
       5
       7
       6
       7
       6
       4
       3
       8
       5
       7
       2
       5
       6
       4
       6
       3
       8
       2
       8
       7
       6
       5
       5
       7
       4
       6
       6
       7
       4
       1
       7
       3
       6
       3
       4
       3
       5
       3
       7
       3
       7
       5
       2
       9
       2
       9
       4
       7
       3
      14
       4
       9
       2
       6
       9
      10
       3
       6
       7
       9
      11
       2
       5
       6
       7
       6
       3
       6
       2
       4
       6
       0
       7
       6
       3
       6
       5
       5
       7
       6
       8
       3
       5
       7
       3
       5
       4
       7
       5
       5
       7
       2
       8
       7
       6
       5
       9
       7
       4
       6
       6
       8
       7
       9
       7
       4
       7
       6
       6
       6
       9
       5
       5
       5
       7
       3
       4
       5
       4
       1
       4
       8
       2
      10
       5
       4
       4
      10
       4
       4
       4
       2
       4
       3
       5
       8
       5
       4
       6
       4
      10
       7
       3
       3
       7
       4
       6
       8
      11
       7
       7
       5
       6
       5
       5
       2
       8
       6
       3
       4
       3
       1
       8
       2
       5
       4
       2
       5
       3
       5
       5
       9
       4
       4
       8
       2
       4
       7
       4
       4
       6
       8
       9
       6
       2
       3
       0
       5
       2
       5
       2
       5
       5
       4
       3
       8
       5
       7
      11
       5
       7
       8
       5
       8
       7
       1
       3
       4
       4
       3
       9
       9
       7
       6
       4
       5
       6
       3
       7
       5
       3
       2
       3
       5
       7
       3
       6
       4
       6
       4
       4
       7
       3
       3
       6
       7
       3
       3
       2
       6
       5
       5
       2
       2
       3
       3
       3
       3
       5
       6
       5
       8
       3
       6
       1
       5
       6
       3
       4
       4
       7
       2
       5
       7
       4
       4
       1
       4
       7
       7
       4
       3
       2
       5
       6
       4
       3
       5
       8
       2
       9
       1
       2
       3
       1
       5
       9
       5
       4
       2
       5
       5
       8
       4
       8
      12
       8
       2
       6
       3
       4
       5
       1
       6
       6
       6
       3
       6
       3
       8
       2
       4
       5
       3
       5
       5
       4
       5
       6
       1
       5
       3
       4
       7
       5
       4
       2
       1
       3
       9
       4
       0
       4
       6
       8
       1
       5
       4
       7
       6
       3
       3
       7
       3
       6
       4
       6
       4
       6
       3
       4
       2
       2
       4
       4
       4
       2
       5
       7
       5
       5
       8
       1
       6
       7
       3
       4
       6
       2
       3
       7
       2
       4
       0
       3
       6
       4
       3
       4
       1
       5
       6
       2
       2
       2
       1
       6
       2
       2
       5
       3
       1
       3
      10
       1
       3
       3
       5
       4
       6
       1
       1
       3
       5
       5
       2
       4
       0
       6
       3
       5
       5
       3
       1
       2
       6
       5
       2
       4
       6
       6
       4
       2
       6
       0
       3
       3
       4
       3
       3
       3
       5
       4
       5
       4
       5
       2
       3
       3
       3
       4
       6
       2
       3
       0
       2
       0
       6
       3
       5
       2
       2
       4
       6
       4
       3
       1
       6
       4
       3
       4
       3
       7
       3
       3
       3
       4
       5
       5
       4
       1
       2
       2
       4
       2
       7
       1
       6
       3
       5
       3
       3
       0
       0
       5
       4
       5
       4
       4
       5
       3
       4
       1
       4
       3
       5
       1
       2
       7
       5
       2
       5
       1
       5
       2
       5
       5
       5
       5
       1
       5
       6
       6
       1
       3
       5
       3
       2
       7
       2
       3
      12
       2
       6
       1
       2
       5
       7
       3
       0
       4
       7
       0
       5
       3
       8
       2
       2
       5
       3
       1
       4
       3
       4
       3
       2
       2
       3
       5
       1
       5
       2
       6
       8
       3
       4
       6
       6
       3
       8
       2
       2
       3
       3
       3
       2
       5
       1
       3
       3
       2
       2
       5
       1
       2
       2
       5
       4
       4
       1
       2
       2
       2
       2
       4
       7
       5
       2
       5
       3
       3
       3
       4
       4
       6
       6
       4
       7
       6
       3
       2
       2
       3
       4
       5
       4
       2
       4
       2
       7
       5
       4
       1
       4
       2
       2
       2
       4
       2
       6
       3
       7
       3
       2
       4
       3
       2
       1
       4
       3
       2
       0
       5
       6
       2
       2
       3
       4
       1
       3
       1
       5
       3
       2
       2
       3
       2
       3
       3
       9
       4
       1
       4
       4
       4
       5
       5
       0
       5
       2
       1
       4
       1
       5
       7
       5
       2
       4
       4
       1
       1
       4
       4
       5
       2
       4
       5
       3
       3
       6
       4
       3
       1
       3
       2
       3
       4
       3
       2
       0
       4
       5
       4
       2
       1
       1
       2
       0
       2
       3
       3
       8
       6
       3
       3
       0
       5
       1
       1
       3
       4
       5
       5
       2
       2
       4
       1
       4
       2
       2
       6
       2
       4
       2
       5
       6
       1
       2
       2
       2
       1
       1
       0
       2
       3
       5
       3
       1
       5
       1
       6
       3
       4
       2
       1
       5
       3
       3
       5
       4
       5
       2
       4
       3
       2
       2
       3
       4
       5
       2
       5
       4
       1
       2
       3
       0
       2
       8
       2
       4
       1
       4
       2
       1
       4
       4
       5
       2
       3
       0
       5
       2
       3
       6
       3
       3
       4
       3
       2
       5
       1
       7
       3
       3
       3
       4
       4
       1
       3
       2
       7
       2
       2
       3
       3
       3
       2
       2
       2
       0
       3
       1
       1
       1
       2
       2
       3
       1
       0
       1
       2
       1
       3
       0
       4
       2
       3
       0
       3
       1
       4
       2
       3
       2
       2
       3
       4
       3
       0
       4
       1
       3
       2
       3
       1
       2
       3
       6
       2
       6
       1
       2
       5
       5
       3
       2
       1
       3
       1
       0
       1
       2
       4
       2
       0
       1
       1
       2
       0
       3
       2
       3
       3
       0
       1
       2
       2
       4
       0
       3
       3
       1
       4
       2
       3
       4
       0
       3
       4
       4
       1
       3
       4
       1
       7
       2
       1
       0
       3
       4
       4
       4
       0
       1
       4
       5
       0
       1
       1
       2
       2
       5
       4
       6
       5
       5
       5
       2
       0
       2
       3
       1
       4
       2
       2
       4
       0
       3
       0
       3
       0
       0
       1
       5
       4
       2
       3
       0
       2
       2
       1
       3
       1
       3
       1
       3
       1
       2
       1
       4
       2
       3
       3
       1
       2
       2
       2
       2
       0
       2
       3
       2
       5
       2
       2
       5
       1
       4
       1
       2
       2
       4
       1
       2
       2
       3
       2
       3
       1
       0
       5
       2
       1
       1
       5
       2
       2
       1
       3
       2
       3
       2
       1
       2
       2
       0
       2
       1
       4
       1
       0
       4
       4
       1
       2
       2
       2
       2
       2
       1
       2
       0
       0
       2
       0
       1
       2
       1
       1
       1
       1
       5
       4
       2
       3
       2
       1
       0
       2
       2
       1
       2
       2
       2
       0
       2
       2
       1
       1
       0
       2
       1
       0
       3
       3
       1
       6
       0
       2
       2
       2
       0
       1
       1
       1
       3
       1
       2
       2
       2
       1
       3
       1
       5
       3
       0
       0
       2
       1
       1
       2
       2
       0
       0
       1
       1
       1
       1
       0
       3
       1
       1
       0
       0
       0
       2
       1
       2
       1
       2
       1
       0
       1
       2
       2
       0
       5
       1
       1
       2
       1
       4
       0
       3
       2
       2
       1
       1
       1
       1
       0
       2
       0
       0
       2
       0
       2
       1
       2
       1
       0
       1
       2
       4
       0
       1
       2
       0
       0
       3
       1
       0
       0
       3
       2
       2
       4
       2
       1
       0
       1
       2
       4
       2
       1
       0
       0
       0
       3
       0
       3
       2
       0
       1
       0
       2
       1
       1
       1
       1
       3
       1
       4
       2
       2
       2
       0
       0
       2
       1
       0
       3
       2
       2
       2
       1
       3
       4
       5
       1
       1
       3
       1
       0
       1
       1
       1
       1
       1
       2
       0
       1
       2
       2
       2
       1
       1
       0
       1
       0
       2
       4
       1
       0
       2
       0
       0
       0
       3
       1
       2
       1
       2
       2
       1
       0
       1
       2
       1
       2
       1
       2
       2
       2
       3
       3
       2
       3
       1
       3
       0
       1
       1
       0
       0
       0
       0
       0
       0
       1
       2
       0
       0
       1
       1
       0
       0
       3
       0
       0
       0
       0
       3
       0
       3
       2
       1
       1
       1
       0
       1
       1
       3
       0
       0
       0
       1
       0
       1
       2
       2
       0
       1
       2
       1
       2
       1
       1
       1
       2
       0
       2
       3
       0
       1
       0
       1
       3
       1
       2
       2
       1
       3
       1
       3
       3
       1
       0
       2
       1
       5
       1
       2
       4
       2
      10
       4
       1
       0
       4
       2
       1
       1
       1
       3
       4
       0
       2
       7
       5
       4
       6
      12
      14
      14
      10
       6
       5
       7
       4
       3
       1
       1
       0
       1
       1
       0
       0
       0
       0
       0
       0
       1
       0
       1
       0
       0
       0
       1
       1
       0
       0
       0
       1
       0
       0
       0
       1
       0
       2
       0
       0
       1
       1
       0
       0
       0
       0
       0
       0
       3
       1
       1
       2
       0
       0
       2
       1
       1
       0
       0
       0
       1
       1
       0
       0
       1
       0
       0
       0
       0
       1
       1
       0
       3
       0
       0
       1
       0
       0
       0
       0
       0
       0
       0
       1
       0
       1
       0
       0
       0
       0
       0
       0
       0
       0
       0
       0
       0
       1
       0
       0
       2
       0
       0
       0
       0
       1
       0
       0
       2
       0
       0
       0
       1
       0
       0
       0
       0
       0
       0
       0
       0
       1
       0
       0
       1
       0
       1
       1
       0
       0
       0
       0
       0
       0
       1
       1
       0
       0
       2
       0
       0
       1
       0
       1
       0
       0
       0
       0
       1
       0
       0
       0
       1
       0
       0
       1
       2
       1
       0
       1
       0
       0
       1
       2
       0
       0
       2
       0
       2
       1
       0
       1
       0
       0
       0
       0
       0
       0
       0
       0
       0
       0
       0
       1
       0
       0
       0
       0
       0
       0
       0
       1
       1
       0
       0
       0
       0
       0
       1
       2
       1
       1
       1
       1
       0
       0
       0
       1
       0
       1
       0
       0
       0
       0
       0
       1
       1
       0
       0
       0
       0
       0
       0
       0
       0
       2
       1
       0
       1
       0
       0
       0
       2
       1
       0
       0
       1
       0
       1
       0
       0
       0
       1
       0
       1
       0
       1
       0
       0
       0
       1
       0
       1
       0
       0
       1
       1
       0
       0
       1
       1
       0
       0
       1
       0
       0
       0
       0
       0
       1
       0
       1
       1
       1
       0
       0
       1
       7
       3
       9
       8
      13
      23
      13
      11
      11
       6
       4
       0
       3
       1
       0
       0
       0
       0
       0
       0
       0
       0
       0
       0
       0
       0
       0
       1
       0
       0
       0
       0
       0
       2
       0
       0
       0
       0
       1
       0
       1
       0
       0
       0
       0
       0
       1
       1
       2
       0
       0
       0
       0
       0
       2
       1
       2
       1
       0
       2
       0
       1
       0
       0
       0
       0
       0
       0
       0
       1
       1
       0
       0
       1
       0
       0
       1
       0
       0
       1
       0
       1
       0
       1
       0
       0
       0
       1
       0
       0
       0
       0
       0
       1
       1
       0
       1
       0
       0
       1
       0
       0
       1
       1
       1
       0
       1
       1
       1
       0
       0
       1
       0
       1
       2
       0
       1
       1
       0
       1
       1
       0
       2
       2
       0
       0
       2
       1
       1
       2
       3
       1
       0
       0
       0
       1
       2
       1
       0
       0
       1
       0
       1
       0
       0
       1
       0
       0
       0
       0
       0
       0
       0
       0
       1
       0
       0
       0
       1
       0
       0
       0
       0
       1
       0
       1
       1
       1
       0
       0
       1
       0
       0
       0
       0
       0
       0
       1
       0
       0
       0
       0
       0
       0
       1
       0
       0
       0
       0
       0
       0
       0
       0
       0
       0
       0
       0
       0
       0
       1
       0
       0
       0
       0
       0
       0
       0
       0
       0
       0
       0
       0
       1
       0
       1
       0
       1
       0
       0
       1
       0
       0
       0
       1
       0
       0
       0
       0
       1
       0
       0
       0
       0
       0
       0
       0
       0
       0
       0
       0
       2
       0
       1
       0
       0
       0
       0
       0
       0
       0
       0
       0
       0
       1
       0
       0
       0
       0
       1
       0
       0
       0
       0
       0
       0
       0
       0
       0
       0
       0
       0
       0
       0
       0
       0
       0
       0
       0
       0
       0
       0
       1
       0
       0
       0
       0
       0
       0
       0
       0
       0
       0
       0
       0
       0
       0
       1
       0
       0
       0
       1
       0
       0
       1
       0
       0
       0
       0
       0
       0
       0
       0
       0
       0
       0
       1
       0
       0
       1
       0
       0
       0
       0
       0
       0
       0
       0
       0
       0
       0
       0
       0
       1
       0
       0
       0
       0
       0
       0
       0
       1
       0
       0
       1
       1
       0
       0
       1
       0
       0
       0
       0
       0
       0
       0
       0
       0
       0
       0
       0
       0
       0
       0
       1
       0
       0
       0
       0
       0
       1
       0
       0
       1
       0
       0
       0
       0
       0
       0
       0
       0
       0
       0
       0
       1
       0
       1
       0
       0
       0
       0
       0
       0
       0
       0
       1
       0
       0
       0
       0
       0
       0
       0
       0
       0
       0
       0
       1
       0
       0
       0
       0
       0
       1
       0
       0
       0
       0
       0
       0
       0
       0
       0
       0
       0
       0
       0
       1
       0
       0
       0
       0
       0
       0
       0
       0
       0
       0
       0
       0
       0
       0
       0
       0
       1
       0
       0
       0
       0
       0
       0
       0
       0
       0
       0
       0
       0
       1
       0
       0
       0
       0
       0
       0
       0
       0
       1
       0
       0
       0
       0
       0
       0
       0
       1
       1
       0
       0
       0
       0
       0
       0
       0
       0
       0
       0
       0
       0
       0
       0
       1
       0
       0
       0
       0
       1
       0
       0
       0
       0
       0
       0
       1
       0
       0
       0
       0
       0
       0
       0
       0
       1
       0
       0
       0
       1
       1
       0
       0
       0
       0
       0
       0
       0
       0
       0
       0
       0
       0
       0
       0
       0
       0
       0
       0
       0
       0
       1
       0
       0
       0
       0
       0
       2
       0
       0
       0
       0
       0
       0
       0
       0
       0
       0
       0
       0
       0
       0
       0
       0
       0
       0
       0
       0
       0
       0
       0
       0
       0
       0
       0
       1
       0
       0
       0
       0
       0
       0
       0
       0
       0
       0
       0
       0
       0
       1
       0
       0
       0
       0
       0
       0
       0
       0
       0
       0
       0
       0
       0
       0
       0
       0
       0
       0
       0
       0
       0
       0
       0
       0
       0
       0
       0
       0
       0
       0
       0
       0
       0
       0
       0
       0
       0
       0
       0
       0
       0
       0
       0
       0
       0
       0
       0
       0
       0
       1
       0
       0
       0
       0
       2
       0
       0
       0
       0
       0
       0
       0
       0
       0
       0
       0
       0
       0
       0
       0
       0
       0
       0
       0
       0
       0
       0
       0
       0
       0
       0
       0
       0
       1
       0
       0
       0
       0
       0
       0
       0
       0
       0
       0
       0
       0
       0
       0
       0
       0
       0
       0
       0
       0
       0
       0
       0
       0
       0
       0
       0
       0
       0
       0
       0
       0
       0
       0
       0
       0
       0
       0
       1
       0
       0
       0
       0
       1
       0
       0
       0
       0
       0
       0
       0
       0
       0
       0
       0
       0
       0
       0
       0
       0
       0
       0
       0
       0
       0
       0
       0
       0
       0
       1
       0
       0
       0
       0
       0
       0
       0
       0
       0
       0
       0
       0
       0
       0
       0
       0
       0
       0
       0
       0
       0
       0
       0
       0
       0
       0
       0
       0
       0
       0
       0
       0
       0
       0
       0
       0
       0
       0
       0
       0
       0
       0
       0
       0
       0
       0
       0
       0
       0
       1
       0
       0
       0
       0
       0
       0
       0
       0
       0
       0
       0
       0
       0
       0
       0
       0
       0
       0
       0
       1
       0
       0
       0
       0
       0
       0
       0
       0
       0
       0
       0
       1
       0
       0
       0
       0
       0
       0
       0
       0
       0
       0
       0
       0
       0
       0
       0
       0
       0
       1
       0
       0
       0
       1
       0
       0
       0
       0
       0
       0
       0
       0
       0
       0
       0
       0
       1
       0
       0
       0
       0
       0
       0
       0
       0
       0
       0
       0
       0
       1
       0
       0
       1
       0
       0
       0
       0
       0
       0
       0
       1
       0
       0
       0
       0
       0
       0
       0
       0
       0
       0
       0
       0
       0
       0
       0
       0
       0
       0
       0
       0
       0
       0
       0
       1
       0
       0
       1
       0
       0
       0
       0
       0
       0
       1
       0
       0
       0
       0
       0
       0
       0
       0
       0
       0
       1
       0
       0
       0
       1
       0
       0
       0
       0
       0
       1
       0
       0
       0
       0
       0
       0
       0
       1
       0
       0
       1
       0
       0
       0
       0
       0
       0
       0
       0
       0
       0
       0
       0
       0
       0
       1
       0
       0
       0
       0
       0
       0
       0
       0
       0
       0
       0
       0
       0
       0
       0
       0
       0
       0
       0
       0
       0
       0
       1
       0
       0
       0
       0
       0
       0
       0
       0
       0
       0
       0
       0
       0
       0
       0
       0
       0
       0
       0
       0
       0
       0
       0
       0
       0
       0
       0
       0
       0
       0
       0
       0
       0
       0
       0
       0
       0
       0
       0
       0
       0
       0
       0
       0
       1
       0
       0
       0
       0
       0
       0
       0
       0
       0
       0
       0
       0
       0
       0
       0
       0
       0
       0
       0
       1
       0
       0
       0
       0
       0
       0
       0
       0
       0
       0
       0
       0
       0
       0
       0
       0
       0
       0
       0
       0
       0
       0
       0
       0
       0
       1
       0
       0
       0
       0
       0
       0
       0
       0
       0
       0
       0
       0
       0
       0
       0
       1
       0
       1
       0
       0
       0
       0
       0
       1
       1
       0
       0
       0
       1
       0
       0
       0
       0
       0
       0
       0
       0
       0
       0
       0
       0
       0
       0
       0
       0
       0
       0
       0
       0
       0
       0
       0
       0
       0
       0
       0
       0
       0
       0
       0
       0
       0
       0
       0
       1
       0
       0
       0
       0
       0
       0
       0
       0
       1
       0
       0
       0
       0
       0
       0
       0
       0
       0
       0
       0
       0
       0
       0
       0
       0
       0
       0
       0
       0
       0
       0
       0
       1
       0
       0
       0
       0
       0
       0
       1
       0
       0
       0
       0
       0
       0
       0
       0
       0
       0
       0
       0
       0
       0
       0
       0
       0
       0
       0
       0
       0
       0
       0
       0
       0
       0
       0
       0
       0
       0
       0
       0
       0
       0
       0
       0
       0
       0
       0
       0
       0
       0
       0
       0
       0
       0
       1
       0
       0
       0
       0
       0
       0
       0
       0
       0
       0
       0
       0
       0
       0
       0
       0
       0
       0
       0
       1
       0
       0
       0
       0
       0
       0
       0
       0
       0
       0
       0
       0
       0
       0
       1
       0
       0
       0
       0
       0
       0
       0
       0
       0
       0
       0
       0
       0
       0
       0
       0
       0
       0
       0
       0
       1
       0
       0
       0
       0
       0
       0
       0
       0
       0
       0
       0
       0
       0
       0
       0
       0
       0
       0
       0
       0
       0
       0
       0
       0
       0
       0
       0
       0
       0
       0
       0
       0
       0
       0
       0
       0
       0
       0
       0
       0
       0
       0
       0
       0
       1
       0
       0
       0
       0
       0
       0
       0
       0
       0
       0
       0
       0
       0
       0
       0
       0
       0
       0
       0
       0
       0
       0
       0
       0
       0
       0
       0
       0
       0
       0
       0
       0
       0
       0
       0
       0
       0
       0
       0
       0
       0
       0
       0
       0
       0
       0
       0
       0
       0
       0
       0
       0
       0
       0
       0
       0
       0
       0
       0
       0
       0
       0
       0
       0
       0
       0
       0
       0
       0
       0
       0
       0
       0
       0
       0
       0
       0
       0
       0
       0
       0
       0
       0
       0
       0
       0
       0
       0
       0
       0
       0
       0
       0
       0
       0
       0
       0
       0
       0
       0
       0
       0
       0
       0
       0
       0
       0
       0
       0
       0
       0
       0
       0
       0
       0
       0
       0
       0
       0
       0
       0
       0
       0
       0
       0
       0
       0
       0
       0
       0
       0
       0
       0
       0
       0
       0
       0
       0
       0
       0
       0
       0
       0
       0
       0
       0
       0
       0
       0
       0
       0
       0
       0
       0
       0
       0
       0
       0
       0
       0
       0
       0
$ROI:
4
1414 1476
2991 3027
3386 3449
3571 3617
$PRESETS:
None
0
0
$ENER_FIT:
2.018625 0.389176
$MCA_CAL:
3
2.018625E+000 3.891756E-001 0.000000E+000 keV
$SHAPE_CAL:
3
1.996070E+000 8.735535E-004 0.000000E+000
