$SPEC_ID:
No sample description was entered.
$SPEC_REM:
DET# 1
DETDESC# DESKTOP-PNQJTCJ Easy-MCA-8k SN 09161357
AP# Maestro Version 7.01
$DATE_MEA:
03/09/2017 09:57:30
$MEAS_TIM:
1986 1998
$DATA:
0 8191
       0
       0
       0
       0
       0
       0
       0
       0
       0
       0
       0
       0
       0
       0
       0
       0
       0
       0
       0
       0
       0
       0
       0
       0
       0
       0
       0
       0
       0
       0
       0
       0
       2
      12
      66
     226
     553
     478
     456
     653
     866
     894
    1256
    2107
    1361
    1270
    1212
     881
     428
     258
     255
     255
     248
     236
     228
     224
     255
     287
     230
     238
     242
     194
     202
     189
     231
     218
     229
     198
     196
     213
     229
     196
     221
     217
     169
     181
     177
     182
     199
     231
     187
     187
     189
     180
     179
     181
     192
     199
     201
     209
     184
     221
     185
     216
     190
     204
     219
     225
     188
     207
     205
     220
     176
     216
     191
     183
     177
     181
     198
     196
     177
     197
     207
     220
     233
     230
     223
     225
     231
     198
     250
     252
     245
     246
     263
     250
     264
     282
     243
     283
     291
     295
     286
     266
     302
     290
     314
     288
     316
     331
     335
     341
     340
     323
     339
     356
     371
     346
     431
     375
     422
     401
     377
     417
     448
     406
     441
     449
     436
     462
     470
     479
     482
     468
     501
     459
     435
     454
     495
     470
     490
     539
     510
     539
     510
     530
     590
     514
     540
     556
     581
     538
     599
     640
     683
     708
     687
     637
     647
     715
     856
     901
     733
     609
     592
     667
     709
     634
     628
     567
     533
     590
     597
     579
     566
     610
     571
     604
     561
     611
     610
     584
     648
     676
     670
     734
     718
     731
     633
     655
     604
     641
     707
     693
     610
     590
     602
     587
     653
     654
     628
     583
     596
     614
     616
     626
     658
     650
     668
     581
     573
     608
     652
     613
     583
     625
     544
     630
     633
     642
     593
     615
     640
     578
     606
     646
     609
     628
     582
     572
     636
     623
     622
     614
     625
     611
     594
     612
     576
     593
     612
     557
     585
     574
     572
     608
     563
     604
     620
     598
     576
     601
     560
     579
     559
     564
     597
     554
     597
     566
     565
     578
     586
     580
     589
     580
     520
     581
     556
     547
     551
     550
     512
     574
     556
     560
     597
     585
     547
     589
     531
     564
     523
     535
     514
     603
     536
     490
     536
     513
     515
     542
     543
     539
     503
     512
     576
     527
     497
     511
     527
     448
     523
     521
     466
     512
     468
     457
     536
     511
     509
     506
     493
     472
     475
     494
     515
     467
     503
     471
     480
     485
     478
     486
     516
     448
     472
     496
     456
     448
     413
     453
     462
     452
     417
     490
     441
     477
     458
     445
     440
     444
     412
     438
     433
     419
     473
     420
     426
     408
     418
     435
     375
     442
     412
     398
     442
     432
     436
     423
     453
     389
     369
     458
     372
     442
     422
     408
     386
     401
     395
     371
     372
     370
     373
     359
     353
     405
     364
     375
     413
     353
     391
     404
     379
     358
     383
     347
     353
     369
     352
     354
     344
     368
     379
     354
     366
     352
     360
     334
     329
     318
     380
     353
     342
     321
     361
     350
     334
     333
     380
     356
     321
     317
     319
     322
     310
     346
     324
     317
     295
     347
     349
     291
     312
     311
     344
     291
     332
     343
     328
     293
     316
     276
     287
     315
     277
     303
     331
     324
     312
     305
     322
     323
     320
     347
     378
     342
     315
     293
     261
     295
     255
     273
     286
     299
     263
     274
     280
     261
     272
     283
     279
     266
     320
     261
     282
     268
     269
     255
     263
     289
     284
     250
     258
     253
     247
     269
     254
     275
     275
     277
     271
     258
     226
     273
     258
     274
     243
     242
     219
     256
     230
     266
     247
     237
     267
     270
     245
     275
     230
     229
     229
     256
     250
     280
     244
     247
     251
     245
     231
     239
     216
     245
     237
     236
     255
     231
     211
     220
     219
     214
     222
     213
     226
     201
     220
     199
     203
     237
     181
     220
     197
     245
     214
     219
     209
     200
     226
     251
     222
     217
     212
     226
     213
     206
     217
     212
     208
     218
     224
     203
     204
     216
     198
     205
     196
     225
     202
     219
     206
     209
     197
     180
     202
     179
     198
     163
     183
     194
     210
     187
     194
     179
     207
     208
     185
     160
     229
     296
     476
     486
     416
     253
     188
     205
     200
     213
     236
     242
     257
     208
     168
     165
     162
     160
     160
     187
     164
     160
     156
     175
     149
     146
     151
     144
     156
     190
     154
     157
     160
     166
     153
     160
     168
     145
     148
     157
     166
     163
     159
     172
     137
     144
     154
     145
     150
     157
     150
     151
     181
     160
     144
     152
     142
     156
     141
     134
     147
     139
     135
     136
     126
     157
     139
     148
     126
     140
     153
     139
     141
     140
     135
     129
     126
     147
     147
     128
     138
     137
     150
     157
     166
     165
     141
     132
     121
     127
     133
     124
     131
     126
     129
     123
     123
     143
     126
     136
     144
     124
     145
     135
     145
     127
     130
     129
     105
     102
     114
     132
     119
     113
     133
     119
     113
     127
     125
     127
     114
     143
     128
     125
     145
      94
     117
     105
      99
     131
     134
     124
     142
     106
     108
     123
     110
     136
      98
     119
     117
     118
     120
     141
     121
     113
     157
     217
     246
     255
     153
     106
     112
     123
     118
     117
     127
     117
     118
     113
     110
     155
     137
     112
     101
      93
     103
      85
     100
     118
      92
      87
      80
     103
     100
      96
      83
     109
     102
      91
      99
     101
     103
     101
      88
     101
      80
     109
      96
     108
      93
      92
     102
      92
      84
      98
      90
     103
      95
     114
     117
      82
     105
     101
      88
      94
      87
      87
      98
      81
      91
     101
      83
      91
     101
      89
      81
      94
      85
      98
      91
      94
      96
      89
      84
     101
      89
     103
      84
      92
      82
     113
     118
     107
     121
      82
      95
      97
      83
      71
      94
      94
      92
     100
     107
      79
      77
      78
      75
      78
      89
      81
      95
      98
      86
      86
      95
     128
     136
     171
     136
      91
      82
     120
      94
      81
      83
      99
      84
      71
      77
      86
      97
      76
      72
      78
      79
      76
      75
      78
      95
      86
      75
      76
      88
      62
      68
      71
      93
      80
      88
     111
     199
     288
     338
     284
     132
      97
      73
      75
      74
      76
      80
      89
      67
      77
      71
      71
      73
      66
      79
      58
      73
      72
      73
      63
      68
      53
      78
      79
      69
      82
      66
      70
      73
      76
      78
      52
      80
      77
      76
      75
      80
      63
      63
      66
      66
      58
      66
      59
      63
      53
      61
      63
      68
      74
      76
      69
      77
      55
      76
      70
      69
      66
      66
      69
      70
      64
      77
      70
      53
      73
      64
      79
      57
      67
      71
      53
      80
      65
      67
      59
      62
      54
      59
      49
      63
      55
      62
      59
      47
      54
      74
      62
      45
      63
      66
      50
      52
      58
      74
      52
      53
      69
      67
      59
      62
      67
      57
      57
      64
      69
      53
      67
      67
      51
      44
      57
      77
      64
      54
      73
      70
      56
      62
      69
      66
      70
      54
      64
      65
      59
      45
      66
      69
      54
      62
      63
      61
      62
      65
      57
      52
      63
      71
      51
      60
      70
      59
      63
      48
      72
      58
      60
      60
      64
      62
      49
      49
      51
      61
      64
      52
      68
      47
      53
      55
      63
      62
      59
      61
      42
      51
      56
      61
      50
      50
      67
      55
      67
      49
      63
      46
      59
      50
      57
      44
      59
      55
      46
      57
      47
      41
      50
      59
      62
      59
      66
      60
      54
      53
      58
      50
      61
      54
      48
      48
      50
      51
      66
      54
      49
      56
      46
      48
      45
      46
      64
      59
      39
      59
      58
      40
      50
      48
      59
      58
      46
      56
      58
      55
      50
      46
      42
      46
      43
      57
      43
      45
      31
      46
      46
      53
      64
      57
      48
      55
      46
      46
      51
      47
      49
      55
      45
      50
      39
      52
      45
      51
      51
      52
      48
      43
      49
      35
      47
      54
      56
      47
      37
      48
      49
      51
      41
      41
      44
      44
      42
      34
      63
      47
      53
      48
      60
      53
      50
      45
      78
      68
      67
      62
      65
      42
      38
      47
      47
      50
      50
      43
      43
      38
      50
      38
      35
      40
      33
      45
      48
      47
      46
      36
      40
      40
      43
      41
      52
      49
      46
      49
      50
      36
      30
      32
      58
      48
      40
      38
      38
      41
      39
      42
      44
      51
      37
      47
      40
      35
      34
      37
      35
      39
      42
      41
      37
      44
      37
      39
      38
      33
      39
      47
      51
      41
      52
      33
      43
      38
      51
      40
      41
      45
      30
      40
      41
      39
      41
      47
      39
      48
      50
      39
      39
      43
      39
      45
      46
      30
      41
      35
      36
      47
      45
      42
      41
      44
      31
      43
      37
      41
      28
      40
      44
      44
      34
      40
      42
      51
      42
      32
      34
      40
      43
      33
      29
      39
      36
      39
      52
      59
      80
      83
      99
     111
      77
      62
      48
      63
      50
      37
      43
      41
      32
      39
      29
      46
      54
      42
      45
      33
      36
      40
      39
      47
      36
      38
      38
      32
      48
      31
      32
      41
      36
      37
      47
      39
      36
      48
      31
      37
      33
      38
      35
      43
      32
      46
      31
      35
      28
      38
      25
      38
      31
      36
      44
      45
      44
      45
      38
      42
      26
      57
      46
      33
      37
      29
      26
      32
      40
      31
      34
      29
      34
      31
      38
      37
      33
      37
      34
      40
      37
      30
      36
      27
      44
      32
      30
      31
      28
      45
      28
      36
      38
      34
      41
      49
      40
      30
      29
      26
      35
      24
      36
      23
      37
      42
      38
      27
      38
      27
      32
      43
      37
      19
      34
      24
      33
      33
      46
      29
      34
      24
      39
      34
      35
      32
      35
      28
      27
      26
      34
      29
      36
      38
      29
      39
      32
      49
      37
      28
      27
      30
      45
      28
      36
      38
      33
      30
      34
      31
      34
      23
      27
      40
      27
      29
      38
      27
      33
      36
      35
      35
      28
      20
      29
      33
      35
      23
      29
      25
      27
      37
      38
      37
      33
      28
      38
      43
      33
      27
      29
      41
      37
      21
      53
      49
      85
     141
     180
     143
     101
      50
      34
      38
      40
      32
      23
      29
      25
      24
      27
      26
      32
      26
      36
      34
      28
      37
      24
      18
      39
      26
      30
      39
      30
      30
      29
      28
      28
      27
      29
      28
      35
      27
      32
      29
      38
      20
      29
      28
      25
      26
      36
      27
      28
      34
      36
      22
      37
      36
      27
      29
      28
      23
      35
      28
      20
      28
      27
      29
      32
      38
      46
     106
     187
     253
     222
     125
      84
      43
      34
      25
      28
      33
      27
      25
      25
      23
      35
      23
      26
      28
      30
      27
      29
      26
      33
      34
      24
      15
      22
      28
      28
      33
      23
      29
      23
      20
      25
      24
      23
      38
      27
      18
      23
      18
      27
      14
      28
      17
      27
      31
      30
      27
      28
      27
      26
      27
      29
      29
      24
      27
      18
      30
      35
      33
      38
      31
      21
      33
      31
      34
      23
      26
      25
      25
      30
      26
      24
      25
      24
      33
      18
      27
      34
      31
      16
      30
      23
      26
      18
      23
      20
      18
      21
      24
      17
      34
      33
      24
      21
      18
      29
      29
      16
      25
      29
      23
      23
      22
      26
      29
      27
      26
      27
      22
      19
      24
      30
      30
      28
      29
      25
      29
      28
      23
      23
      25
      26
      34
      22
      24
      29
      29
      20
      22
      26
      21
      33
      31
      25
      25
      23
      30
      26
      30
      32
      19
      20
      38
      31
      22
      25
      26
      32
      22
      25
      20
      22
      23
      28
      30
      15
      29
      19
      21
      25
      19
      16
      34
      27
      18
      28
      17
      23
      38
      22
      23
      23
      25
      20
      17
      29
      21
      20
      30
      18
      23
      23
      18
      17
      21
      19
      21
      25
      28
      32
      29
      26
      28
      22
      26
      23
      27
      26
      20
      27
      30
      19
      38
      23
      14
      16
      24
      16
      24
      26
      33
      28
      21
      20
      26
      24
      28
      25
      19
      28
      18
      28
      29
      30
      18
      22
      18
      19
      27
      24
      26
      24
      20
      28
      24
      30
      28
      19
      27
      25
      18
      31
      16
      25
      32
      21
      22
      19
      22
      18
      19
      32
      25
      16
      24
      24
      25
      15
      20
      28
      21
      26
      25
      19
      20
      25
      20
      24
      27
      20
      21
      22
      18
      23
      18
      30
      19
      17
      21
      32
      18
      19
      29
      22
      22
      17
      24
      25
      18
      17
      26
      24
      19
      25
      21
      19
      18
      28
      35
      35
      42
      55
      45
      35
      36
      27
      23
      19
      18
      18
      25
      16
      31
      21
      20
      19
      17
      18
      25
      24
      19
      22
      18
      20
      25
      20
      17
      20
      28
      22
      16
      17
      19
      26
      18
      20
      11
      24
      22
      23
      20
      25
      24
      23
      15
      14
      23
      21
      19
      21
      21
      17
      22
      26
      17
      21
      18
      18
      17
      19
      19
      21
      25
      25
      21
      24
      22
      23
      22
      15
      19
      27
      19
      25
      33
      28
      15
      31
      16
      31
      19
      25
      24
      14
      26
      24
      25
      17
      22
      34
      23
      15
      22
      19
      28
      22
      21
      28
      17
      21
      26
      19
      28
      21
      34
      29
      35
      42
      30
      16
      22
      29
      19
      22
      28
      20
      21
      22
      20
      21
      16
      20
      13
      14
      17
      17
      20
      12
      21
      25
      14
      25
      25
      17
      25
      26
      17
      26
      10
      22
      20
      24
      17
      14
      18
      17
      16
      21
      18
      22
      23
      35
      23
      22
      23
      18
      14
      21
      19
      18
      16
      19
      27
      19
      13
      20
      27
      24
      23
      21
      22
      22
      25
      21
      38
      30
      19
      19
      14
      25
      19
      11
      25
      15
      21
      19
      22
      23
      18
      22
      18
      17
      15
      15
      20
      21
      18
      22
      12
       9
      22
      30
      21
      27
      24
      25
      29
      12
      24
      15
      12
      17
      32
      12
      24
      15
      22
      19
      19
      17
      15
      12
      18
      15
      19
      22
      18
      14
      10
      11
      20
      27
      18
      23
      21
      24
      23
      16
      16
      21
      21
      16
      18
      14
      23
      14
      12
      15
      20
      19
      16
      18
      12
      22
      23
      16
      20
      19
      20
      10
      17
      15
      17
      16
      17
      18
      20
      18
      23
      11
      11
      12
      19
      26
      20
      16
      17
      18
      28
      23
      26
      17
      12
      21
      23
      10
      18
      15
      16
      22
      23
      28
      21
      19
      17
      19
      19
      22
      23
      23
      20
      21
      24
      13
      17
      14
      24
      12
      22
      23
      19
      27
      20
      16
      12
      17
      22
      18
      27
      21
      18
      16
      12
      20
      20
      15
      11
      17
      20
      15
      16
      21
      21
      23
      20
       9
      13
      19
      14
      23
      16
      37
      30
      34
      37
      29
      25
      19
      19
      24
      14
      25
      17
      16
      18
      19
      13
      20
      15
      18
      20
      15
      13
      12
      20
      19
      19
       6
      15
      12
      19
      18
      10
      17
      16
      21
      14
      18
      15
      20
      10
      13
      10
       9
      25
      16
      16
      17
      18
      13
      17
      19
      21
      15
      18
      20
      16
      22
      20
      17
      23
       7
      15
      15
      24
      21
      15
      13
      17
      14
      22
      24
      19
      15
      15
      16
       9
      12
      15
      19
      20
      17
      21
      15
      21
      17
      10
      19
       9
      12
      12
       9
      23
      17
      20
      11
      20
      15
      22
      15
      19
      10
      28
      15
      19
      15
      21
      22
      10
      16
      18
      12
      17
      21
      20
      20
      13
      16
      17
      23
      15
      14
      13
      15
      12
      10
      22
      17
      22
      33
      49
      54
      96
     111
      90
      67
      43
      28
      22
      19
      16
      10
      11
      22
       9
      18
      20
      15
      22
       8
      14
      12
      19
      18
      16
      15
      17
      18
      22
      10
      23
      23
      18
      16
      15
      10
      14
      20
      14
      16
      13
      13
      18
      21
      11
      12
      13
      13
      22
      18
      21
      22
      14
      17
      20
      15
      14
      14
      13
       9
      20
      32
      29
      20
      13
      16
      11
      16
      15
      17
       9
      11
      17
      19
      21
      13
       7
      14
      14
      13
      17
      18
       8
      11
      13
      13
      17
      21
      17
      16
      10
      15
       9
      16
      12
      14
      16
      16
      22
      22
      21
      13
      17
      18
      17
      15
      13
      12
      17
      21
      16
      15
      15
      12
      13
      11
      20
      17
      13
      16
      13
      22
      14
       8
      14
      23
      23
      22
      28
      13
      20
      15
      18
      11
      20
      15
      18
      28
      18
      30
      27
      33
      33
      19
      13
      13
      23
      25
      27
      43
      58
      72
      75
      55
      32
      22
      17
      15
      10
      10
      17
      10
       6
      19
      12
      11
      17
       9
      13
      21
      12
      23
      14
      12
      14
       9
      21
      17
       9
      17
      12
      13
      15
      14
      17
      14
       8
      12
      12
      14
      15
      16
      17
      18
      21
       9
      14
      11
      10
      12
      16
      14
       8
      18
      17
      24
      10
      14
      11
      19
      13
      15
      15
      14
      16
      13
      13
      21
      15
      13
      19
      10
      18
      12
      18
      18
      20
       6
      13
      18
      14
      14
      15
      17
      26
      15
      13
      13
      16
      14
      15
      18
      15
      14
      14
      13
      11
      17
      14
      15
      21
      17
      19
      13
      18
      18
      12
      13
      11
       9
      14
      14
      22
      19
      10
      15
      13
      18
      12
      15
      13
      13
      17
      10
      13
      13
      18
      14
      12
      13
      20
       9
      13
      10
      16
      14
      14
      19
      11
      13
      22
      19
      10
      13
      16
      13
      15
      10
       9
      18
       9
      15
      12
      17
      15
       6
      15
      17
      22
      11
      25
      12
      11
      10
      21
      19
      12
      20
      15
      16
      18
       9
      10
       8
      13
      13
      21
      23
      17
      10
      14
      16
      10
      18
      11
      15
      12
      17
      22
      14
      18
      21
      14
      17
      14
      18
      13
      14
      20
      13
      12
      12
      18
       8
      22
      10
      18
      11
      12
      14
      17
      12
      13
      15
      16
       6
       9
      12
      18
      14
      14
       9
      13
      11
      14
      12
      13
      12
      15
      17
      11
      15
      13
       9
      21
      27
      15
      12
      17
       7
      19
      13
      12
       9
      14
      14
      13
      18
      10
      17
      17
      13
      14
      18
      21
      23
      11
      15
      17
      16
       9
       7
      10
      12
      10
      20
      20
      16
      10
      14
      13
      20
      13
      12
      10
      12
      17
      18
      14
       8
      33
      16
      16
      18
       9
      15
      10
      22
      12
      12
      14
      13
      14
      19
       5
      10
      17
       7
      17
      11
      18
      11
      16
       8
      13
      26
      13
      16
      19
      11
      12
       9
      15
      10
      15
      13
      16
      12
       8
      13
      18
      11
      13
      19
      17
       9
      11
      14
      20
      15
       7
      15
      15
      14
      18
      12
      16
      20
      10
       9
      13
      20
      15
      12
      15
      14
      19
      14
      11
      10
      14
      18
      11
      19
      12
      13
      16
      15
      17
       8
      12
      17
      16
       8
       9
      12
      11
      18
      17
      14
      14
      22
       9
      13
       8
       9
      19
      18
      10
      11
      10
      15
       8
      11
      16
      19
      27
      39
      48
      57
      60
      45
      35
      25
      18
      15
      13
      20
      19
      13
      15
       9
       8
      13
      13
      12
      12
      24
      13
       9
       8
      17
      14
       8
      11
      13
      11
      21
      17
      14
      20
      12
      18
       8
      16
      15
      12
      17
       9
      12
      15
      15
      15
      13
       9
      17
      13
      13
      19
      16
      16
       8
      18
      16
       5
      16
       9
      16
      17
      12
      16
      18
      16
      11
      14
      14
      17
      15
      15
      11
      11
      17
      12
      10
      16
      20
      23
      13
      11
      15
      14
      11
      16
      13
      17
      13
      16
      17
      27
      17
      20
      21
       8
      17
       9
      16
      21
       9
      13
      16
      16
      18
      14
      20
      17
      19
      10
      13
      12
      17
      24
      24
      13
      11
      14
      17
      12
      15
      22
      24
      17
      14
      15
       9
      14
      20
       8
      15
      20
      14
      12
      16
      22
      12
      18
      14
      17
      12
      15
       8
      16
      14
      15
      20
      12
      21
      12
      14
      17
      17
      17
       9
      15
      12
      19
      13
      19
      18
      16
      16
      14
       6
      18
      20
      16
      13
      18
      23
      11
      14
      19
      10
      15
      12
      11
      11
      16
      20
      13
      14
      15
      14
      25
      14
      16
      17
      20
      20
      24
      13
      11
      15
      24
      12
      20
      18
      14
      15
      10
      14
      10
      17
      22
      17
      10
       8
      17
      13
      19
       9
      10
      20
      17
      17
      12
      18
      21
      15
      21
      14
      12
      14
      17
      16
      19
      13
      24
      12
      18
      13
       4
      15
      16
       5
      17
       9
      19
      15
      19
      24
      12
      21
      17
       9
      15
      16
      17
      21
      18
      17
      14
      15
      17
      23
      15
      24
      19
      11
      15
      13
      15
      19
      14
      18
      20
      15
      17
      17
      18
      20
      14
      15
      14
      23
      10
      15
      27
      23
      17
      17
      17
      12
      19
      11
      14
      12
      14
      16
      15
      19
      23
      19
      14
      17
      11
      19
      14
      19
      17
      26
      23
      35
      32
      24
      19
      20
      15
      19
      18
      28
      18
      14
      23
      12
      18
      17
      12
      16
      16
      17
      13
      13
      16
      12
      20
       7
       8
       8
      12
      14
      13
      15
      18
      17
      10
      12
      10
      13
      12
      12
      14
      14
      11
      11
       6
      12
       7
      10
      16
      12
      17
      13
      12
      13
       7
       8
      14
      11
      10
       9
      16
       6
       9
      12
      17
       8
      16
      16
      10
      14
      16
      13
       5
       7
       9
      12
       4
       9
       7
       8
      11
      11
       7
      16
      11
      16
       9
       9
      14
      19
      12
      11
      13
      12
       8
       7
       9
       7
      12
      11
      10
      12
      10
       5
      12
      10
      14
      12
      11
      10
      12
      10
      18
      23
      15
      12
      13
       7
      12
       8
      11
      14
       6
      10
       9
      11
      14
       6
       8
      10
       5
      14
       8
       6
      10
      10
       9
      12
       7
      11
       8
       8
      10
      13
      10
       4
       9
       8
       4
      15
      11
      10
       8
       5
       7
       9
       6
      14
       9
       9
       5
       9
       9
       8
       7
      13
       8
      11
      10
       5
      13
       6
      10
      10
      12
      12
      10
       8
       9
       7
       9
      13
       5
       6
      10
      13
       6
       5
       5
       9
       1
       6
       9
      11
      13
       6
       7
      10
      16
       6
       5
       6
      14
       6
       8
       2
       7
       6
       7
       5
       7
       9
       8
      10
      10
       6
       5
       9
       7
      14
      15
       7
      13
       7
       6
       9
       7
       7
       6
       7
       5
       7
       9
       4
       9
       4
       6
       5
       9
      11
       7
       7
       9
       7
       9
       5
       6
       9
       6
       7
       5
       4
       7
      11
       8
       9
       7
       7
       8
       7
      10
       4
       8
       5
       5
       2
       4
       7
       5
      10
       6
       6
      11
       3
      12
       7
       4
       4
      10
       5
       5
       2
       5
       5
       7
       8
       5
       2
       6
       4
       6
       3
       9
       4
       1
       6
       3
       3
       7
       9
       4
       7
       7
       5
       9
       5
      10
       4
       6
       8
       8
       4
       4
       2
       4
      14
       7
       5
       3
       7
       2
       4
       6
       3
       3
       9
       7
       7
       1
       3
       4
       9
       7
       6
       7
       5
       2
       8
       4
       1
       3
       3
       4
       4
       8
       4
       4
       2
       3
       5
       4
       8
       3
       7
       1
       7
       9
      13
      15
      17
      16
      24
      11
       8
       8
       5
       3
       3
       6
       4
       9
       6
       7
       3
       8
       3
       4
       8
       4
      11
      10
       7
       5
       1
       2
      10
       3
       8
       5
       4
       4
       7
       3
       5
       2
       5
       7
       8
       6
       3
       2
       6
       6
       7
       4
       4
       6
       7
       3
       0
       5
       7
       2
       2
       4
       6
       6
       4
       6
       4
       9
      11
       5
      12
       6
       5
       1
       7
       8
       4
       3
       2
       6
       1
       3
       9
       7
      13
      21
       2
       8
       4
       7
       5
       1
       6
      10
       6
       1
       7
       7
       4
       5
       5
       5
       4
      11
       4
       2
       7
       6
       3
       5
       3
       6
       3
       1
       3
       6
       5
       3
       7
       2
       5
       2
       6
       6
       4
       6
      12
       8
       4
       4
       4
       1
       4
       2
       6
       3
       7
       5
       4
       4
       6
       2
       4
       6
       4
       3
       6
       7
       3
       6
       6
       4
       2
       6
       4
       2
       3
       6
       4
       5
       2
       4
       6
       4
       1
       4
       5
       2
       2
       3
       7
       4
       4
       7
       7
       6
       5
       7
       4
       1
       3
       3
       3
       3
       6
       4
       1
       5
       2
       4
       4
       5
       8
       6
       1
       2
       2
       5
       8
       0
       7
       3
       2
       6
       5
       8
       7
       5
       6
       8
      12
      16
       8
      16
      39
      61
     120
     221
     370
     549
     591
     569
     414
     231
     119
      39
      11
       6
       4
       3
       1
       1
       3
       1
       2
       2
       2
       2
       3
       6
       0
       2
       2
       3
       6
       3
       1
       3
       4
       1
       0
       2
       3
       3
       5
       6
       2
       5
       3
       4
       2
       1
       6
       1
       7
       2
       1
       3
       4
       5
       2
       0
       1
       1
       2
       3
       3
       3
       1
       3
       1
       2
       1
       2
       3
       3
       3
       4
       4
       1
       4
       1
       4
       0
       3
       1
       3
       2
       2
       4
       0
       1
       2
       2
       5
       2
       5
       6
       3
       4
       7
       2
       4
       1
       3
       2
       1
       3
       5
       3
       2
       4
       2
       2
       5
       3
       2
       4
       3
       6
       3
       3
       5
       2
       5
       4
       5
       2
       1
       3
       5
       3
       4
       4
       1
       7
       6
       6
       5
       5
       2
       2
       2
       4
       6
       4
       3
       4
       4
       0
       0
       4
       1
       4
       2
       3
       2
       2
       1
       3
       0
       1
       3
       6
       1
       1
       2
       1
       3
       4
       0
       1
       4
       1
       3
       3
       3
       1
       2
       3
       3
       0
       2
       1
       3
       3
       3
       3
       2
       0
       6
       3
       1
       1
       4
       2
       0
       3
       1
       5
       3
       2
       3
       2
       3
       5
       1
       3
       2
       2
       1
       4
       1
       1
       1
       2
       2
       2
       5
       2
       4
       4
       3
       4
       3
       6
       6
       4
       2
       2
       2
       1
       3
       4
       1
       2
       4
       1
       2
       3
       2
       1
       2
       2
       2
       2
       2
       1
       4
       0
       2
       0
       4
       6
       3
       4
       3
       4
       1
       6
       1
       1
       1
       1
       2
       1
       4
       2
       4
       4
       1
       1
       2
       2
       2
       5
       1
       1
       5
       1
       6
       0
       2
       3
       1
       1
       4
       3
       1
       3
       0
       0
       4
       1
       2
       2
       2
       4
       3
       4
       3
       2
       5
       2
       0
       0
       1
       2
       1
       4
       4
       4
       2
       4
       2
       4
       2
       2
       5
       3
       3
       1
       4
       3
       6
       1
       2
       2
       2
       1
       3
       4
       7
       6
       5
       5
       3
      16
      12
       6
       1
       2
       1
       3
       7
       7
       8
       8
       7
      14
       5
       9
       4
       2
       4
       3
       3
       1
       3
       2
       2
       0
       1
       1
       2
       4
       2
       2
       2
       4
       2
       0
       1
       4
       2
       3
       0
       0
       2
       3
       0
       1
       1
       2
       2
       3
       1
       3
       2
       2
       1
       2
       2
       2
       1
       0
       1
       2
       0
       0
       2
       3
       4
       2
       3
       1
       1
       0
       3
       0
       4
       5
       2
       0
       1
       4
       1
       3
       4
       7
       7
       7
       1
       5
       3
       1
       3
       1
       4
       0
       1
       1
       1
       1
       0
       2
       2
       1
       1
       0
       4
       4
       1
       2
       6
       4
      10
       4
       3
       5
       3
       3
       2
       2
       2
       3
       4
       1
       0
       0
       2
       2
       4
       6
       3
       1
       1
       4
       2
       4
       2
       1
       2
       0
       4
       1
       1
       2
       4
       1
       2
       1
       2
       3
       0
       4
       3
       2
       3
       2
       3
       2
       0
       2
       1
       2
       1
       0
       2
       0
       1
       0
       2
       0
       1
       1
       2
       3
       1
       1
       4
       0
       3
       0
       0
       2
       1
       2
       4
       4
       1
       4
       1
       2
       7
       1
       6
       1
       3
       1
       3
       5
       3
       1
       1
       1
       2
       2
       1
       1
       1
       0
       1
       3
       2
       0
       1
       3
       1
       0
       0
       1
       0
       0
       1
       3
       0
       1
       2
       1
       1
       3
       1
       0
       2
       0
       2
       3
       4
       2
       3
       0
       3
       1
       1
       3
       2
       2
       4
       0
       1
       2
       1
       2
       2
       1
       2
       1
       2
       1
       3
       1
       0
       0
       0
       0
       0
       2
       1
       1
       0
       1
       1
       2
       2
       3
       2
       3
       0
       1
       1
       4
       2
       1
       1
       1
       1
       1
       0
       0
       1
       1
       1
       1
       2
       3
       2
       3
       0
       0
       1
       3
       3
       1
       2
       2
       3
       1
       1
       0
       2
       0
       2
       0
       2
       3
       0
       1
       2
       1
       3
       1
       2
       0
       2
       1
       2
       2
       1
       3
       1
       2
       1
       2
       2
       0
       0
       1
       4
       3
       1
       1
       2
       2
       1
       2
       3
       0
       0
       1
       1
       2
       0
       1
       1
       1
       1
       2
       1
       1
       0
       0
       1
       1
       1
       1
       1
       5
       6
       8
      11
       6
       4
       4
       3
       1
       2
       3
       6
       0
       2
       2
       1
       1
       2
       1
       1
       1
       0
       2
       0
       1
       1
       1
       2
       0
       1
       2
       1
       1
       1
       2
       1
       3
       4
       2
       2
       1
       0
       0
       2
       0
       1
       2
       3
       1
       2
       3
       1
       0
       2
       0
       0
       1
       2
       0
       1
       1
       1
       2
       1
       1
       0
       1
       2
       2
       0
       1
       1
       0
       0
       0
       1
       2
       2
       0
       2
       2
       1
       1
       3
       2
       2
       6
       8
      17
      13
      25
      31
      33
      37
      37
      35
      15
       5
       3
       2
       2
       1
       3
       0
       0
       1
       1
       2
       1
       1
       1
       1
       0
       1
       2
       1
       3
       0
       0
       0
       0
       1
       0
       2
       2
       1
       1
       0
       1
       1
       1
       2
       1
       4
       1
       0
       4
       1
       3
       2
       1
       1
       3
       2
       1
       1
       1
       2
       2
       1
       1
       0
       1
       1
       1
       1
       0
       1
       0
       2
       0
       1
       1
       2
       3
       3
       2
       1
       1
       0
       1
       1
       0
       1
       0
       1
       1
       1
       1
       2
       1
       0
       1
       2
       2
       2
       1
       3
       1
       1
       5
       0
       1
       1
       0
       1
       1
       1
       2
       0
       0
       0
       1
       0
       1
       0
       1
       2
       3
       0
       1
       1
       0
       0
       2
       0
       1
       4
       1
       0
       3
       2
       3
       0
       0
       0
       0
       1
       4
       0
       2
       1
       1
       0
       0
       1
       1
       2
       1
       1
       0
       4
       3
       1
       1
       2
       2
       2
       3
       1
       1
       1
       2
       0
       1
       1
       1
       3
       0
       2
       1
       0
       4
       0
       0
       0
       1
       3
       2
       2
       3
       3
       4
       0
       0
       1
       2
       1
       2
       3
       2
       4
       0
       5
       3
       1
       2
       0
       2
       1
       2
       2
       3
       1
       3
       0
       0
       1
       4
       1
       1
       2
       3
       2
       7
       4
      10
       6
      12
       1
       0
       2
       0
       1
       1
       0
       0
       1
       1
       0
       1
       1
       1
       0
       3
       2
       3
       2
       2
       0
       2
       2
       1
       2
       2
       2
       1
       0
       2
       0
       1
       2
       0
       2
       2
       1
       1
       1
       0
       1
       1
       0
       2
       1
       0
       2
       2
       1
       2
       1
       1
       4
       1
       3
       2
       1
       0
       1
       1
       1
       2
       1
       0
       1
       1
       0
       3
       1
       0
       1
       1
       1
       1
       1
       1
       1
       0
       2
       3
       4
       2
       0
       3
       1
       0
       4
       0
       1
       2
       0
       2
       1
       0
       0
       3
       2
       0
       1
       0
       0
       2
       3
       4
       2
       1
       3
       1
       1
       0
       2
       0
       0
       2
       0
       5
       0
       2
       1
       0
       1
       0
       2
       3
       2
       0
       4
       1
       1
       2
       0
       2
       2
       1
       3
       1
       2
       2
       1
       2
       2
       1
       2
       1
       2
       3
       1
       2
       0
       3
       3
       1
       2
       2
       2
       0
       2
       1
       0
       1
       3
       1
       0
       1
       3
       1
       1
       2
       2
       2
       0
       4
       3
       3
       2
       0
       1
       3
       4
       0
       1
       1
       0
       2
       0
       1
       2
       2
       3
       2
       1
       3
       2
       0
       1
       1
       2
       3
       1
       5
       1
       1
       1
       1
       0
       1
       3
       2
       1
       2
       2
       0
       0
       0
       2
       1
       1
       1
       1
       1
       2
       3
       3
       2
       2
       0
       1
       1
       3
       3
       3
       1
       3
       1
       0
       1
       3
       1
       2
       2
       3
       2
       0
       0
       2
       1
       2
       0
       0
       2
       1
       2
       4
       1
       3
       1
       0
       3
       0
       0
       2
       4
       2
       3
       2
       3
       1
       2
       0
       2
       1
       1
       0
       0
       1
       0
       1
       0
       1
       0
       3
       2
       2
       0
       0
       2
       0
       1
       1
       4
       0
       1
       1
       1
       0
       0
       1
       1
       3
       1
       3
       1
       3
       1
       2
       0
       0
       2
       1
       1
       2
       2
       1
       0
       2
       1
       0
       2
       2
       0
       0
       1
       1
       0
       1
       0
       2
       2
       0
       0
       1
       5
       0
       0
       0
       3
       1
       2
       1
       1
       2
       2
       1
       1
       1
       0
       3
       1
       1
       0
       1
       1
       0
       1
       2
       0
       1
       3
       0
       1
       3
       1
       1
       1
       1
       1
       1
       1
       2
       0
       0
       1
       0
       0
       0
       2
       1
       0
       3
       1
       3
       1
       2
       0
       2
       0
       0
       1
       2
       1
       0
       1
       3
       0
       1
       2
       1
       2
       1
       1
       0
       1
       0
       3
       1
       0
       3
       1
       0
       1
       0
       1
       0
       0
       2
       0
       2
       1
       4
       2
       0
       1
       3
       2
       1
       1
       1
       2
       2
       2
       1
       0
       0
       1
       1
       2
       3
       2
       2
       2
       2
       0
       1
       1
       1
       3
       1
       2
       4
       3
       0
       2
       0
       0
       3
       1
       1
       0
       0
       2
       4
       0
       2
       1
       2
       0
       2
       2
       2
       2
       2
       2
       3
       1
       3
       0
       0
       4
       4
       0
       0
       0
       4
       1
       3
       0
       1
       1
       0
       1
       2
       0
       1
       0
       2
       1
       0
       2
       0
       0
       0
       3
       0
       1
       1
       0
       1
       1
       1
       1
       1
       3
       1
       3
       2
       1
       2
       0
       0
       3
       0
       0
       1
       1
       0
       2
       0
       1
       2
       0
       0
       1
       1
       0
       2
       2
       2
       0
       1
       1
       0
       1
       0
       2
       0
       2
       1
       2
       1
       1
       1
       1
       1
       1
       2
       1
       1
       2
       2
       2
       0
       2
       1
       0
       1
       2
       1
       1
       1
       2
       0
       1
       0
       1
       2
       1
       1
       1
       2
       2
       0
       1
       6
       2
       1
       0
       2
       0
       0
       1
       4
       1
       0
       3
       0
       1
       3
       0
       0
       3
       3
       1
       2
       3
       1
       2
       0
       1
       1
       0
       1
       1
       3
       0
       1
       1
       0
       3
       2
       0
       0
       2
       2
       1
       0
       4
       1
       3
       1
       1
       2
       1
       1
       2
       2
       1
       0
       1
       2
       2
       1
       5
       2
       1
       0
       3
       1
       5
       2
       6
       6
       3
       9
      11
       3
       5
       5
       2
       3
       1
       4
       0
       0
       0
       4
       3
       1
       1
       1
       1
       0
       2
       0
       0
       1
       0
       1
       2
       1
       3
       2
       1
       1
       0
       0
       1
       0
       1
       3
       1
       4
       4
       7
       4
       2
       3
       0
       1
       3
       1
       0
       2
       0
       2
       0
       2
       0
       1
       1
       2
       1
       1
       0
       2
       1
       1
       1
       0
       0
       1
       3
       1
       0
       0
       2
       1
       4
       1
       2
       0
       1
       2
       3
       1
       0
       2
       1
       1
       0
       1
       0
       2
       0
       0
       3
       2
       2
       0
       1
       1
       0
       2
       3
       2
       4
       3
       1
       0
       1
       1
       0
       0
       1
       2
       0
       1
       1
       2
       0
       1
       3
       3
       0
       1
       0
       1
       0
       2
       1
       0
       0
       1
       3
       2
       2
       0
       0
       0
       0
       0
       2
       0
       1
       3
       1
       1
       1
       3
       1
       0
       1
       1
       0
       1
       0
       1
       1
       1
       1
       2
       1
       1
       2
       1
       0
       1
       1
       2
       0
       1
       3
       1
       2
       1
       0
       1
       2
       0
       1
       1
       2
       0
       0
       0
       3
       1
       2
       2
       1
       1
       0
       0
       1
       1
       2
       2
       0
       1
       4
       4
       0
       0
       2
       0
       2
       3
       2
       2
       3
       1
       1
       2
       2
       0
       0
       5
       0
       1
       2
       3
       1
       1
       1
       0
       1
       1
       1
       0
       0
       1
       1
       1
       1
       0
       0
       1
       1
       1
       2
       1
       0
       2
       1
       2
       4
       0
       1
       0
       0
       2
       4
       0
       0
       2
       3
       3
       4
       3
       7
       9
       4
      11
      11
       9
       4
       3
       4
       2
       2
       2
       3
       1
       2
       3
       2
       1
       1
       0
       0
       2
       1
       3
       2
       3
       2
       4
       0
       0
       2
       2
       3
       0
       2
       3
       0
       0
       1
       1
       0
       2
       3
       2
       1
       0
       0
       0
       4
       2
       0
       1
       1
       0
       1
       2
       0
       0
       0
       0
       2
       1
       3
       0
       0
       5
       0
       1
       1
       1
       1
       1
       2
       0
       2
       0
       6
       1
       4
       0
       2
       0
       2
       0
       0
       0
       5
       0
       2
       1
       2
       1
       0
       3
       1
       3
       1
       0
       3
       2
       3
       0
       1
       3
       1
       2
       2
       2
       0
       1
       1
       0
       2
       3
       1
       2
       1
       0
       4
       1
       1
       0
       0
       0
       3
       3
       0
       2
       1
       1
       0
       3
       2
       2
       3
       0
       1
       0
       2
       1
       2
       0
       0
       0
       2
       0
       0
       1
       1
       3
       0
       2
       0
       2
       1
       5
       1
       2
       2
       2
       0
       1
       1
       3
       1
       1
       2
       1
       3
       2
       1
       3
       2
       2
       2
       0
       2
       1
       0
       1
       0
       0
       0
       0
       1
       3
       1
       1
       1
       0
       2
       0
       2
       0
       1
       1
       0
       2
       0
       0
       2
       0
       3
       3
       2
       0
       2
       1
       1
       3
       1
       2
       1
       1
       1
       1
       0
       3
       1
       1
       1
       2
       3
       0
       1
       4
       1
       3
       2
       2
       2
       1
       2
       3
       4
       1
       1
       1
       1
       1
       0
       2
       0
       1
       1
       2
       1
       3
       1
       0
       1
       1
       1
       1
       2
       1
       0
       1
       0
       1
       0
       1
       2
       1
       2
       2
       2
       0
       0
       1
       4
       2
       0
       1
       1
       1
       0
       1
       0
       1
       5
       2
       1
       1
       0
       0
       3
       1
       1
       0
       1
       1
       4
       1
       3
       0
       0
       1
       3
       1
       0
       3
       1
       2
       2
       0
       0
       3
       1
       1
       2
       0
       3
       4
       1
       2
       1
       2
       2
       2
       0
       2
       0
       0
       1
       4
       2
       3
       2
       2
       2
       1
       0
       3
       1
       1
       3
       1
       0
       1
       4
       1
       0
       2
       0
       2
       1
       0
       1
       0
       1
       1
       1
       6
       1
       1
       1
       1
       1
       2
       3
       3
       3
       1
       0
       1
       1
       3
       2
       2
       0
       0
       1
       0
       1
       2
       1
       1
       1
       4
       1
       0
       1
       1
       3
       0
       1
       0
       0
       2
       3
       2
       3
       1
       2
       2
       2
       1
       3
       0
       1
       1
       3
       0
       5
       2
       1
       2
       2
       3
       1
       2
       1
       2
       1
       2
       2
       1
       4
       1
       2
       3
       2
       2
       4
       2
       2
       2
       2
       2
       1
       1
       0
       2
       2
       0
       4
       0
       2
       3
       2
       1
       1
       1
       1
       1
       3
       3
       3
       0
       0
       2
       1
       0
       1
       2
       1
       2
       1
       3
       2
       2
       1
       1
       0
       1
       0
       2
       1
       0
       0
       1
       1
       0
       2
       3
       0
       2
       3
       1
       1
       3
       0
       0
       2
       1
       1
       0
       0
       1
       1
       1
       1
       1
       1
       1
       2
       2
       0
       1
       1
       2
       2
       2
       2
       1
       1
       1
       3
       3
       2
       1
       1
       2
       0
       0
       1
       1
       0
       0
       0
       1
       0
       1
       2
       1
       0
       0
       0
       1
       0
       1
       2
       1
       0
       0
       2
       0
       5
       1
       1
       0
       0
       0
       2
       0
       0
       1
       0
       3
       2
       2
       2
       2
       0
       0
       0
       1
       0
       0
       1
       0
       1
       1
       0
       1
       1
       0
       0
       1
       0
       0
       1
       0
       0
       2
       2
       0
       0
       0
       2
       3
       1
       0
       0
       3
       0
       0
       1
       1
       0
       1
       0
       1
       0
       0
       0
       2
       1
       1
       2
       1
       2
       0
       1
       1
       1
       1
       0
       2
       1
       0
       0
       2
       0
       3
       2
       1
       3
       0
       0
       4
       0
       2
       2
       1
       4
       1
       4
       2
       1
       0
       4
       0
       1
       1
       1
       0
       1
       1
       1
       0
       1
       2
       0
       0
       2
       0
       2
       1
       0
       0
       2
       0
       3
       0
       1
       1
       0
       3
       1
       0
       0
       1
       1
       1
       1
       1
       0
       0
       2
       0
       0
       1
       0
       2
       1
       0
       1
       1
       0
       1
       2
       0
       1
       0
       0
       0
       1
       0
       0
       0
       1
       0
       0
       1
       1
       1
       1
       0
       0
       1
       0
       0
       0
       2
       0
       1
       0
       0
       0
       0
       1
       0
       1
       0
       0
       0
       1
       0
       1
       2
       0
       1
       0
       0
       0
       1
       1
       0
       1
       0
       1
       0
       1
       2
       0
       0
       0
       0
       0
       0
       1
       0
       0
       0
       0
       1
       1
       0
       0
       0
       1
       0
       1
       1
       0
       3
       1
       1
       0
       0
       0
       0
       1
       0
       0
       0
       0
       0
       0
       1
       0
       0
       0
       0
       0
       0
       0
       0
       0
       0
       1
       0
       1
       0
       0
       0
       0
       0
       0
       0
       0
       0
       0
       0
       1
       0
       0
       0
       0
       1
       0
       0
       0
       0
       0
       0
       0
       0
       0
       0
       0
       0
       1
       0
       0
       0
       0
       0
       0
       0
       0
       1
       0
       0
       0
       0
       0
       0
       0
       0
       0
       0
       0
       1
       0
       0
       0
       2
       1
       1
       0
       0
       0
       1
       0
       0
       0
       1
       0
       0
       0
       0
       0
       0
       1
       0
       0
       1
       0
       0
       0
       0
       0
       0
       0
       1
       1
       0
       0
       1
       0
       0
       0
       1
       0
       0
       0
       0
       0
       0
       0
       0
       0
       0
       1
       0
       0
       0
       0
       0
       0
       0
       0
       0
       0
       0
       0
       0
       0
       0
       0
       0
       0
       0
       0
       0
       0
       0
       0
       0
       0
       0
       0
       0
       0
       0
       0
       0
       0
       1
       1
       1
       0
       0
       0
       0
       0
       0
       2
       0
       0
       0
       0
       0
       0
       0
       0
       0
       0
       0
       0
       0
       1
       0
       2
       0
       0
       1
       0
       0
       0
       0
       0
       0
       0
       0
       0
       0
       0
       0
       0
       0
       0
       0
       0
       0
       0
       0
       0
       0
       0
       0
       0
       1
       0
       0
       0
       0
       0
       0
       0
       0
       0
       2
       0
       1
       0
       1
       0
       0
       0
       1
       0
       0
       0
       1
       0
       0
       0
       0
       0
       0
       0
       0
       0
       0
       0
       0
       0
       1
       0
       0
       1
       2
       0
       2
       0
       0
       0
       0
       0
       0
       0
       0
       0
       0
       1
       0
       0
       0
       0
       0
       0
       0
       1
       0
       0
       0
       0
       1
       0
       1
       1
       3
       3
       2
       1
       4
      17
      11
      24
      20
      50
      49
      61
      68
      56
      46
      27
      10
       1
       2
       1
       1
       0
       0
       0
       0
       0
       0
       0
       0
       0
       0
       0
       0
       0
       0
       0
       0
       0
       0
       0
       0
       0
       1
       0
       0
       0
       0
       0
       0
       0
       0
       0
       0
       0
       0
       0
       0
       0
       0
       0
       0
       0
       0
       0
       0
       0
       0
       0
       0
       0
       0
       0
       0
       0
       0
       0
       0
       0
       0
       0
       0
       0
       0
       0
       0
       0
       0
       0
       0
       0
       0
       0
       0
       0
       0
       0
       0
       0
       0
       0
       0
       0
       0
       0
       0
       0
       0
       0
       0
       0
       0
       0
       0
       0
       0
       0
       0
       0
       0
       0
       0
       0
       0
       0
       0
       0
       0
       0
       0
       0
       0
       0
       0
       0
       0
       0
       0
       1
       0
       0
       0
       0
       0
       0
       0
       0
       0
       0
       0
       0
       0
       0
       0
       0
       0
       0
       0
       0
       0
       0
       0
       0
       0
       1
       0
       0
       0
       0
       0
       0
       0
       0
       0
       0
       0
       0
       0
       0
       0
       0
       0
       0
       0
       0
       0
       0
       0
       0
       0
       0
       0
       0
       0
       0
       0
       0
       0
       0
       0
       0
       0
       0
       0
       0
       0
       0
       0
       0
       0
       0
       0
       0
       0
       1
       0
       1
       1
       0
       0
       0
       0
       1
       0
       0
       0
       0
       0
       0
       0
       0
       0
       0
       0
       0
       0
       0
       0
       0
       0
       0
       0
       0
       0
       0
       0
       0
       0
       0
       0
       0
       0
       0
       0
       0
       0
       0
       0
       0
       0
       0
       0
       0
       0
       0
       0
       0
       0
       0
       0
       0
       1
       0
       0
       0
       0
       0
       0
       0
       0
       0
       0
       0
       0
       0
       0
       0
       0
       0
       0
       0
       0
       0
       0
       0
       0
       0
       0
       0
       0
       1
       0
       0
       0
       0
       0
       0
       0
       0
       0
       0
       0
       0
       0
       0
       0
       0
       0
       0
       0
       0
       0
       0
       0
       0
       0
       0
       0
       0
       0
       0
       0
       0
       0
       0
       0
       0
       0
       0
       0
       0
       0
       0
       0
       0
       0
       0
       0
       0
       0
       0
       1
       0
       0
       0
       0
       0
       0
       0
       0
       0
       0
       0
       0
       0
       0
       0
       0
       0
       0
       0
       0
       0
       0
       0
       0
       0
       1
       0
       0
       0
       0
       0
       0
       0
       1
       0
       0
       0
       0
       0
       0
       1
       0
       0
       0
       0
       0
       0
       0
       0
       0
       0
       0
       0
       0
       0
       0
       0
       0
       0
       0
       0
       0
       0
       0
       0
       0
       0
       0
       0
       1
       0
       0
       0
       0
       0
       0
       0
       0
       0
       0
       0
       0
       0
       0
       0
       0
       0
       0
       0
       0
       0
       0
       0
       0
       0
       0
       0
       0
       0
       0
       0
       0
       0
       0
       0
       0
       0
       1
       0
       0
       0
       0
       0
       0
       0
       0
       0
       0
       0
       0
       1
       0
       0
       0
       0
       0
       0
       0
       0
       0
       0
       0
       0
       0
       0
       0
       0
       0
       0
       0
       0
       0
       0
       0
       0
       0
       0
       0
       0
       0
       0
       0
       0
       0
       0
       0
       0
       0
       0
       0
       0
       0
       0
       0
       0
       0
       0
       0
       0
       0
       0
       0
       0
       0
       0
       0
       0
       0
       0
       0
       0
       0
       0
       0
       0
       0
       0
       0
       1
       0
       0
       0
       0
       0
       0
       0
       0
       0
       0
       0
       0
       0
       0
       0
       0
       0
       0
       1
       0
       0
       1
       0
       0
       0
       0
       0
       0
       0
       1
       0
       0
       0
       0
       0
       0
       0
       0
       0
       0
       0
       0
       0
       1
       0
       0
       0
       0
       0
       0
       0
       0
       0
       0
       0
       0
       0
       0
       0
       1
       0
       0
       0
       0
       0
       0
       0
       0
       0
       0
       0
       0
       0
       0
       0
       0
       1
       0
       0
       0
       0
       0
       0
       0
       0
       0
       0
       0
       0
       0
       0
       0
       0
       0
       0
       0
       0
       0
       0
       0
       0
       0
       0
       0
       0
       0
       0
       0
       0
       0
       0
       0
       0
       0
       0
       0
       1
       0
       0
       0
       0
       0
       0
       0
       0
       0
       0
       0
       0
       0
       0
       0
       0
       0
       0
       0
       0
       0
       0
       0
       0
       0
       0
       0
       0
       0
       0
       0
       0
       0
       0
       0
       0
       1
       0
       0
       1
       0
       0
       0
       0
       0
       0
       0
       0
       0
       0
       0
       0
       0
       0
       0
       0
       0
       1
       0
       0
       1
       0
       0
       0
       0
       0
       1
       0
       0
       0
       0
       0
       0
       0
       0
       0
       0
       0
       0
       0
       0
       0
       0
       0
       0
       0
       0
       0
       0
       0
       0
       0
       0
       0
       0
       0
       0
       0
       0
       0
       0
       0
       0
       0
       0
       0
       0
       0
       0
       0
       0
       0
       0
       0
       0
       0
       0
       0
       0
       0
       0
       0
       0
       0
       0
       0
       0
       0
       0
       0
       0
       0
       0
       0
       0
       1
       0
       0
       1
       0
       0
       0
       0
       0
       0
       0
       0
       0
       0
       0
       0
       0
       0
       0
       0
       0
       0
       0
       0
       0
       0
       0
       0
       0
       0
       0
       0
       0
       0
       0
       0
       0
       0
       0
       0
       0
       0
       0
       0
       0
       0
       0
       0
       0
       0
       0
       0
       0
       0
       0
       0
       0
       0
       0
       1
       0
       0
       0
       0
       0
       0
       0
       0
       0
       0
       0
       1
       0
       0
       0
       0
       0
       0
       0
       0
       0
       0
       0
       0
       0
       0
       0
       0
       0
       0
       0
       0
       0
       0
       0
       0
       0
       0
       0
       1
       0
       0
       0
       0
       0
       0
       0
       0
       0
       0
       0
       0
       0
       0
       0
       0
       0
       0
       0
       0
       0
       0
       0
       0
       0
       0
       0
       0
       0
       1
       1
       0
       0
       0
       0
       0
       0
       0
       0
       0
       0
       0
       0
       0
       0
       0
       0
       0
       0
       0
       0
       0
       0
       0
       0
       0
       0
       0
       1
       0
       0
       0
       0
       0
       0
       0
       0
       0
       0
       0
       0
       0
       0
       0
       0
       0
       0
       0
       0
       0
       0
       0
       0
       0
       0
       1
       0
       0
       0
       0
       0
       0
       0
       0
       0
       0
       0
       0
       0
       0
       0
       1
       0
       0
       0
       1
       0
       0
       0
       0
       1
       0
       0
       0
       0
       0
       0
       0
       0
       0
       0
       0
       0
       0
       0
       0
       0
       0
       0
       0
       0
       0
       0
       0
       0
       0
       0
       0
       0
       0
       0
       0
       0
       0
       0
       0
       0
       0
       0
       0
       0
       0
       0
       0
       0
       0
       0
       0
       0
       0
       0
       0
       0
       0
       0
       1
       0
       0
       0
       0
       0
       0
       0
       0
       0
       0
       0
       0
       0
       0
       0
       0
       0
       0
       0
       0
       0
       0
       0
       1
       0
       0
       0
       0
       0
       0
       0
       0
       0
       0
       0
       0
       0
       0
       0
       0
       0
       1
       0
       0
       0
       0
       0
       0
       0
       0
       0
       0
       0
       0
       0
       0
       0
       0
       0
       0
       0
       0
       0
       0
       0
       0
       1
       0
       0
       0
       0
       0
       0
       0
       0
       0
       0
       0
       0
       0
       0
       0
       0
       0
       0
       0
       0
       0
       0
       0
       0
       0
       1
       0
       0
       0
       0
       0
       0
       0
       0
       0
       0
       0
       0
       0
       0
       0
       0
       0
       0
       0
       0
       0
       0
       0
       1
       0
       0
       0
       0
       0
       0
       0
       0
       0
       0
       0
       0
       0
       0
       0
       0
       0
       0
       0
       0
       0
       0
       0
       0
       0
       0
       0
       0
       0
       0
       0
       0
       0
       0
       0
       0
       0
       0
       0
       0
       0
       0
       0
       0
       0
       0
       0
       0
       0
       0
       0
       0
       0
       0
       0
       0
       0
       0
       0
       0
       0
       0
       0
       0
       0
       0
       0
       0
       0
       0
       0
       0
       0
       0
       0
       0
       0
       0
       0
       0
       0
       0
       0
       0
       0
       0
       0
       0
       0
       0
       0
       0
       0
       0
       0
       0
       0
       0
       0
       0
       0
       0
       0
       0
       0
       0
       0
       0
       0
       0
       0
       0
       0
       0
       0
       0
       0
       0
       0
       0
       0
       0
       0
       0
       0
       0
       0
       0
       0
       0
       0
       0
       0
       1
       0
       0
       0
       0
       0
       0
       0
       0
       0
       0
       0
       0
       0
       0
       0
       0
       0
       0
       0
       0
       0
       0
       0
       1
       0
       0
       0
       0
       0
       0
       0
       0
       0
       0
       0
       0
       0
       0
       1
       1
       0
       0
       1
       0
       0
       0
       0
       0
       0
       0
       0
       0
       0
       0
       0
       0
       0
       0
       1
       0
       0
       0
       0
       0
       0
       0
       0
       0
       0
       0
       0
       0
       0
       0
       0
       0
       0
       0
       0
       0
       0
       0
       0
       0
       0
       0
       0
       0
       0
       0
       0
       0
       0
       0
       0
       0
       0
       0
       0
       0
       0
       0
       0
       0
       0
       0
       0
       0
       0
       0
       0
       0
       0
       0
       0
       0
       0
       0
       0
       0
       0
       0
       0
       0
       0
       0
       0
       0
       0
       0
       0
       0
       0
       0
       0
       0
       0
       0
       0
       0
       0
       0
       0
       0
       0
       0
       0
       0
       0
       0
       0
       0
       0
       0
       0
       0
       0
       0
       0
       0
       0
       0
       0
       0
       0
       0
       0
       0
       0
       0
       0
       0
       0
       0
       0
       0
       0
       0
       0
       0
       0
       0
       0
       0
       0
       0
       0
$ROI:
8
1414 1476
1553 1575
1682 1717
2991 3027
3386 3449
3571 3617
3731 3753
6671 6744
$PRESETS:
None
0
0
$ENER_FIT:
2.018625 0.389176
$MCA_CAL:
3
2.018625E+000 3.891756E-001 0.000000E+000 keV
$SHAPE_CAL:
3
1.996070E+000 8.735535E-004 0.000000E+000
