$SPEC_ID:
No sample description was entered.
$SPEC_REM:
DET# 1
DETDESC# DESKTOP-PNQJTCJ Easy-MCA-8k SN 09161357
AP# Maestro Version 7.01
$DATE_MEA:
03/15/2017 11:21:15
$MEAS_TIM:
11271 11508
$DATA:
0 8191
       0
       0
       0
       0
       0
       0
       0
       0
       2
       1
       2
       4
       1
       0
       1
       0
       2
       2
       1
       1
       3
       1
       2
       1
       0
       6
       1
       2
       1
       2
       2
     167
    8141
   73796
  218434
  359755
  393564
  362601
  331230
  334884
  318196
  295156
 1197761
 2990160
  298441
  117062
  111239
  110972
  122283
  134057
  129528
  109355
   82549
   60084
   45668
   36860
   30498
   25484
   21591
   17770
   14485
   11983
    9811
    7869
    6333
    4995
    4185
    3457
    2837
    2372
    1938
    1611
    1330
    1108
     963
     834
     665
     556
     501
     387
     363
     319
     284
     223
     239
     197
     187
     156
     136
     149
     128
     115
     107
     108
     132
      95
      99
      97
      78
      90
      89
      77
      69
      91
      80
      71
      79
      76
      54
      82
      81
      82
      62
      66
      76
      76
      76
      61
      68
      78
      65
      63
      69
      97
      74
      81
      61
      83
      65
      80
      85
      61
      67
      66
      81
      71
      70
      78
      83
      75
      66
      79
      68
      77
      78
      85
      74
      75
      69
      68
      77
      75
      51
      83
      83
      81
      63
      75
      83
      79
      64
      76
      80
      89
      90
      79
      73
      75
      69
      88
      59
      80
      77
      62
      60
      70
      73
      75
      84
      62
      64
      66
      75
      62
      72
      78
      62
      55
      83
      61
      84
      74
      74
      64
      73
      80
      63
      69
      95
      76
      74
      66
      73
      84
      71
      55
      62
      63
      74
      62
      69
      73
      67
      71
      84
      60
      64
      62
      91
      66
      73
      75
      60
      70
      77
      53
      68
      67
      56
      70
      67
      76
      60
      71
      78
      60
      77
      64
      75
      71
      67
      98
      68
      69
      73
      78
      77
      96
      67
      72
      63
      75
      77
      58
      87
      79
      68
      79
      72
      69
      81
      65
      70
      62
      74
      67
      72
      80
      74
      74
      62
      60
      49
      74
      68
      68
      69
      80
      78
      59
      58
      57
      67
      69
      58
      53
      73
      70
      55
      78
      75
      78
      71
      73
      79
      64
      61
      79
      78
      77
      72
      79
      73
      62
      61
      69
      61
      88
      80
      72
      56
      68
      90
      61
      68
      67
      74
      72
      71
      72
      66
      62
      63
      76
      67
      70
      58
      61
      79
      70
      80
      81
      64
      60
      82
      79
      66
      84
      78
      48
      73
      70
      63
      67
      75
      73
      98
      67
      72
      72
      66
      76
      81
      60
      62
      69
      64
      60
      66
      61
      63
      74
      55
      58
      75
      65
      65
      60
      72
      75
      65
      58
      70
      80
      78
      61
      62
      55
      65
      73
      73
      66
      87
      61
      83
      62
      84
      85
      81
      74
      84
      80
      74
      72
      76
      63
      70
      61
      74
      70
      57
      72
      59
      67
      86
      78
      83
      75
      70
      71
      71
      73
      69
      70
      61
      59
      81
      74
      79
      77
      60
      79
      78
      86
      70
      57
      69
      75
      56
      64
      64
      61
      66
      60
      74
      74
      61
      62
      80
      71
      71
      56
      66
      58
      73
      80
      63
      81
      63
      73
      76
      67
      75
      69
      65
      67
      73
      77
      86
      67
      57
      72
      53
      67
      65
      72
      65
      55
      75
      78
      61
      77
      64
      60
      68
      75
      77
      88
      82
      77
      67
      74
      61
      71
      57
      69
      70
      74
      68
      77
      77
      67
      81
      67
      74
      90
      76
      75
      69
      62
      60
      55
      84
      76
      53
      67
      63
      62
      72
      70
      90
      65
      64
      88
      72
      85
      78
      72
      65
      62
      77
      73
      75
      75
      80
      70
      68
      65
      69
      68
      76
      67
      71
      76
      81
      60
      77
      77
      66
      76
      66
      75
      71
      71
      70
      74
      96
      58
      58
      77
      77
      71
      60
      74
      78
      68
      88
      77
      66
      78
      86
      74
      72
      71
      79
      69
      64
      73
      51
      73
      84
      79
      74
      83
      67
      61
      79
      70
      74
      81
      68
      71
      70
      61
      59
      68
      75
      73
      68
      59
      80
      70
      75
      70
      70
      76
      73
      62
      83
      83
      85
      89
      71
      74
      81
      80
      82
      58
      73
      74
      84
      84
      91
      58
      81
      77
      66
      85
      74
      86
      59
      86
      85
      66
      73
      76
      72
      72
      77
      67
      67
      90
      80
      65
      81
      69
      82
      90
      77
      81
      70
      70
      70
      66
      84
      67
      60
      84
      91
      96
      64
      69
      77
      61
      65
      81
      78
      62
      62
      63
      66
      83
      62
      73
      89
      81
      67
      84
      81
      88
      67
      79
      85
      70
      62
      86
      83
      69
      96
      85
      81
      77
      73
      68
      87
      68
      84
      76
      75
      78
      80
      87
      68
      79
      67
      77
      77
      62
      71
      92
      71
      86
      86
      77
      84
      82
      74
      82
      71
      71
      83
      72
      81
      75
      87
      82
      91
      74
      80
      79
      75
      89
      69
      65
      75
      79
      90
      87
      85
      77
      76
      75
      77
      81
      92
      95
     101
      77
      84
      89
      94
      85
      94
      89
      92
      81
      79
      82
      80
      89
      83
      95
      71
      87
      90
      83
      80
      90
      81
     102
      81
      79
      77
      79
      65
      61
      80
      84
      79
      77
      83
      82
      79
      81
      74
      81
      74
      70
      65
      85
      84
      84
      71
      80
      72
      60
      87
      70
      77
      82
      84
      65
      85
      59
      80
      74
      73
      72
      88
      61
      89
      79
      66
      80
      76
      80
      69
      62
      71
      75
      71
      85
      76
      71
      71
      81
      78
      92
      65
      72
      64
      83
      74
      83
      77
      74
      64
      65
      73
      80
      84
      84
      65
      69
      71
      68
      68
      78
      79
      69
      77
      70
      69
      79
      64
      68
      63
      67
      74
      78
      71
      73
      87
      72
      74
      84
      79
      59
      73
      84
      89
      74
      68
      77
      78
      94
      94
      55
      69
      79
      88
      58
      70
      97
      81
      59
      80
      80
      73
      93
      86
      88
      79
      67
      77
      85
      76
      76
      76
      72
      97
      75
      79
      79
      76
      74
      65
      76
      70
      70
      77
      76
      66
      87
      97
      88
      71
      62
      73
      64
      73
      63
      82
      89
      71
      79
      67
      79
      78
      72
      86
      71
      68
      81
      87
      76
      48
      76
      73
      80
      70
      66
      93
      66
      69
      78
      82
      82
      68
      67
      74
      83
      89
      83
      74
      71
      78
      79
      70
      53
      65
      70
      69
      84
      86
      91
      65
      75
      71
      89
      76
      81
      84
      78
      62
      74
      70
      77
      68
      66
      75
      86
      85
      81
      78
      87
      82
      78
      73
      68
      65
      88
      76
      66
      80
      78
      77
      86
      77
      65
      64
      93
      78
      76
      79
      73
      81
      82
      85
      71
      71
      78
      71
      60
      76
      81
      76
      77
      68
      66
      75
      80
      76
      77
      66
      80
      85
      83
      75
      77
      93
      72
      66
      83
      64
      75
      68
      77
      70
      67
      87
      70
      76
      73
      80
      77
      88
      89
      88
      66
      75
      90
      78
      71
      51
      74
      67
      81
      72
      86
      72
      77
      88
      71
      79
      74
      72
      62
      66
      79
      79
      71
      59
      78
      78
      78
      58
      80
      75
      67
      82
      51
      67
      74
      67
      64
      81
      90
      75
      95
      75
      82
      77
      74
      55
      71
      86
      71
      84
      60
      68
      74
      76
      63
      57
      71
      80
      83
      63
      77
      81
      71
      75
      61
      84
      92
      62
      80
      61
      85
      70
      91
      58
      97
      68
      71
      85
      70
      82
      72
      90
      79
      80
      77
      79
      80
      73
      82
      82
      79
      65
      64
      80
      68
      77
      70
      66
      84
      78
      73
      65
      68
      73
      61
      74
      87
      74
      83
      73
      66
      70
      61
      79
      66
      63
      79
      70
      60
      74
      74
      69
      72
      72
      73
      67
      80
      78
      94
      90
      73
      76
      75
      72
      70
      54
      74
      84
      72
      72
      74
      72
      70
      85
      70
      81
      62
      83
      81
      77
      80
      87
      80
      86
      57
      76
      78
      88
      79
      76
      72
      84
      69
      81
      73
      71
      88
      86
      81
      58
     107
      80
      92
      75
      75
      92
      90
      79
      87
      80
      75
      91
     103
     101
      96
      89
      93
      88
     122
     119
     107
     114
     130
     112
     131
     130
     134
     154
     128
     151
     131
     155
     145
     170
     154
     169
     166
     178
     181
     196
     176
     170
     160
     182
     184
     207
     176
     202
     181
     164
     164
     189
     152
     188
     192
     157
     169
     181
     154
     148
     139
     128
     140
     134
     139
     127
     116
     121
     127
     124
     120
     113
     118
      93
      99
      88
     105
      93
      86
      82
      99
     100
      93
     101
      77
      74
      80
      87
      80
      79
      66
      80
      77
      86
      56
      74
      72
      65
      73
      66
      72
      80
      69
      77
      72
      73
      89
      83
      82
      61
      67
      68
      63
      81
      74
      79
      78
      72
      73
      76
      76
      62
      71
      59
      56
      63
      60
      67
      81
      69
      85
      80
      60
      72
      64
      79
      60
      76
      89
      96
      67
      77
      74
      68
      88
      63
      66
      65
      63
      48
      66
      76
      70
      67
      71
      83
      72
      73
      60
      73
      66
      93
      63
      72
      84
      66
      80
      80
      90
      88
      69
      79
      86
      86
      70
      73
      80
      73
      67
      91
      69
      87
      90
      75
      84
      86
      83
      73
      81
      83
      76
      98
      88
      89
      93
     108
      97
     109
      88
     100
     123
     104
     114
      98
     101
     100
      95
     109
     104
     109
     127
     113
     110
      99
     100
      97
     102
     101
      90
     106
      86
      91
     107
      94
     110
      97
      98
     106
      98
     109
      96
      84
      80
      98
     102
      90
      91
      94
      86
     100
      91
      84
      82
      73
      87
      81
      74
      73
      83
      91
      84
      71
      77
      72
      72
      84
      95
      87
      79
      78
      66
      69
      73
      64
      87
      69
      63
      76
      70
      83
      72
      66
      63
      95
      74
      83
      61
      65
      66
      69
      73
      58
      84
      88
      82
      59
      82
      71
      60
      79
      76
      71
      85
      87
      65
      65
      79
      82
      78
      69
      78
      62
      78
      81
      66
      67
      91
      73
      70
      78
      57
      92
      74
      82
      73
      63
      67
      66
      75
      76
      73
      83
      74
      76
      77
      77
      76
      77
      84
      76
      69
      78
      71
      70
      84
      66
      79
      82
      75
      69
      65
      65
      72
      83
      72
      92
      76
      68
      73
      63
      63
      69
      68
      80
      80
      82
      69
      73
      66
      73
      72
      82
      73
      74
      73
      65
      79
      68
      54
      75
      74
      63
      62
      67
      69
      81
      64
      75
      64
      75
      70
      65
      76
      54
      72
      60
      82
      59
      79
      80
      74
      66
      69
      49
      85
      77
      74
      78
      58
      70
      85
      79
      70
      70
      74
      74
      73
      65
      71
      84
      67
      66
      73
      75
      63
      61
      62
      70
      54
      74
      69
      83
      65
      71
      83
      71
      73
      73
      65
      63
      75
      75
      72
      82
      75
      92
      57
      59
      80
      67
      77
      57
      68
      72
      78
      76
      79
      64
      68
      66
      80
      73
      68
      68
      74
      88
      72
      88
      69
      87
      80
      85
      83
      64
      79
      72
      76
      77
      72
      81
      79
      71
      73
      68
      68
      63
      75
      72
      85
      68
      72
      73
      72
      96
      68
      73
      85
      71
      84
      62
      70
      75
      78
      70
      67
      71
      82
      59
      73
      59
      63
      73
      65
      66
      66
      76
      72
      70
      64
      91
      62
      57
      76
      77
      80
      81
      72
      58
      67
      75
      71
      75
      63
      72
      78
      75
      70
      65
      82
      79
      78
      80
      87
      67
      71
      55
      80
      79
      76
      64
      81
      68
      68
      82
      69
      87
      52
      53
      71
      84
      72
      79
      80
      68
      68
      73
      71
      72
      63
      72
      71
      66
      66
      88
      63
      62
      72
      81
      75
      66
      65
      63
      68
      73
      77
      62
      74
      63
      73
      55
      58
      64
      83
      83
      64
      66
      67
      74
      59
      67
      63
      72
      78
      61
      75
      67
      71
      70
      68
      70
      69
      75
      84
      64
      70
      78
      69
      84
      78
      62
      82
      71
      71
      66
      65
      63
      84
      71
      78
      67
      78
      76
      76
      76
      77
      62
      61
      60
      67
      78
      85
      77
      74
      81
      82
      55
      82
      77
      64
      91
      72
      57
      62
      72
      66
      76
      64
      61
      75
      73
      70
      76
      75
      62
      77
      79
      73
      66
      69
      78
      79
      85
      74
      62
      79
      52
      63
      83
      73
      72
      71
      72
      76
      77
      64
      62
      84
      83
      61
      78
      76
      75
      68
      77
      83
      74
      76
      63
      69
      66
      85
      69
      62
      75
      89
      62
      73
      87
      72
      73
      86
      71
      72
      72
      81
      67
      71
      75
      76
      60
      82
      56
      77
      74
      72
      70
      59
      74
      88
      74
      79
      72
      82
      78
      70
      70
      76
      67
      67
      65
      59
      79
      77
      73
      63
      68
      78
      69
      76
      79
      66
      67
      66
      78
      91
      62
      79
      75
      62
      70
      72
      66
      79
      62
      69
      59
      71
      67
      87
      68
      76
      68
      79
      60
      71
      69
      77
      68
      58
      78
      59
      66
      77
      71
      84
      58
      69
      69
      68
      78
      70
      85
      76
      77
      66
      76
      64
      77
      69
      62
      77
      55
      76
      68
      73
      81
      90
      70
      69
      65
      61
      62
      71
      86
      70
      79
      73
      75
      59
      83
      79
      74
      78
      78
      68
      77
      76
      82
      58
      72
      59
      65
      62
      73
      81
      62
      67
      75
      73
      83
      66
      76
      85
      90
      82
      72
      62
      73
      88
      69
      63
      69
      76
      68
      77
      80
      79
      71
      58
      71
      62
      75
      86
      76
      63
      85
      66
      72
      71
      45
      89
      76
      80
      69
      77
      65
      66
      82
      75
      71
      60
      68
      78
      67
      70
      64
      70
      66
      62
      68
      75
      78
      60
      71
      54
      72
      62
      83
      73
      72
      72
      76
      65
      71
      66
      91
      81
      72
      60
      75
      60
      83
      74
      73
      84
      71
      54
      71
      77
      51
      65
      64
      70
      68
      69
      73
      71
      79
      60
      72
      69
      72
      70
      72
      66
      73
      76
      82
      61
      72
      72
      61
      85
      67
      70
      53
      63
      67
      73
      77
      77
      71
      75
      71
      75
      64
      57
      62
      74
      65
      75
      69
      78
      73
      79
      69
      62
      64
      76
      74
      77
      63
      76
      63
      69
      71
      65
      81
      73
      61
      69
      67
      84
      72
      68
      68
      77
      56
      79
      74
      68
      72
      79
      64
      52
      70
      48
      71
      69
      68
      69
      66
      69
      69
      84
      61
      59
      55
      71
      72
      81
      64
      68
      67
      54
      64
      73
      65
      49
      62
      66
      57
      77
      58
      90
      61
      77
      66
      73
      75
      72
      86
      81
      66
      62
      73
      65
      48
      79
      71
      56
      80
      73
      82
      60
      89
      77
      68
      71
      59
      80
      62
      94
      80
      75
      68
      64
      70
      70
      70
      71
      54
      73
      69
      88
      65
      72
      75
      66
      83
      73
      79
      70
      77
      70
      80
      70
      62
      74
      63
      64
      62
      58
      69
      56
      68
      67
      80
      64
      69
      78
      69
      62
      67
      83
      67
      78
      73
      69
      81
      65
      79
      80
      76
      76
      68
      69
      65
      55
      56
      62
      58
      70
      85
      67
      75
      69
      64
      82
      85
      78
      69
      72
      48
      73
      79
      73
      77
      66
      82
      65
      59
      61
      90
      68
      70
      65
      67
      54
      79
      68
      65
      89
      86
      78
      81
      71
      66
      67
      73
      67
      72
      82
      63
      78
      75
      83
      69
      72
      86
      67
      71
      77
      79
      91
      68
      78
      76
      66
      82
      96
      78
      76
      84
      81
      75
      74
      69
      67
      85
      79
      81
      66
      79
      66
      70
      88
      75
      76
      72
      92
      80
      74
      76
      70
      71
      94
      99
      72
      79
      62
      75
      61
      80
      73
      74
      97
      86
      73
      82
      91
      70
      77
      93
      91
      78
      79
      77
      87
      87
      78
      87
      83
      84
      79
      99
      72
      81
      81
      84
      78
      76
      82
      74
      75
      75
      76
      80
      84
      85
      85
      84
      75
      88
      80
      84
      82
      85
      56
      78
      84
      86
      90
      69
      81
      77
      95
      64
      79
      79
      84
      71
      77
      77
      74
      88
      85
      92
      77
      86
      76
      82
      65
      76
      63
      94
      90
      88
      80
      64
      98
      71
      66
      89
      92
      95
      81
      63
      60
      67
      79
      87
      88
      90
      84
      89
      80
      68
      85
      80
      80
      80
      61
      99
      82
      81
      69
      74
      83
      88
      96
      73
      78
      71
      86
      81
      92
      82
      79
      90
      87
      75
      77
      72
      61
      75
      97
      80
      80
      74
      77
      68
      74
      75
      95
      95
      81
      83
      89
      80
      70
      94
      86
      85
      92
      82
      96
      93
      81
      85
      81
      67
      88
      92
      87
      94
      85
     102
      80
      79
      88
      83
      95
      80
      81
      69
      84
      80
      88
     100
      86
      90
      97
     102
      75
      89
      81
      88
      72
     103
      71
      78
      87
      85
      91
      96
      80
      92
      87
      89
      83
      72
      89
      85
      93
      61
      82
      74
      85
     101
      88
      77
      90
      77
      99
      91
      77
      88
      95
      77
      95
      81
      89
      85
     103
      85
      91
      93
      81
      73
      89
     109
      85
      88
      95
      83
      83
      91
      81
     108
      97
      89
     106
      84
      97
      93
      95
      90
      90
      84
      86
      95
      76
      86
      90
     108
      75
      80
      91
      76
      76
      79
      99
      92
      96
      77
      87
      96
     100
      83
     100
      88
      96
      95
      99
      85
      78
      81
      87
      88
      99
      81
      86
      74
     102
      87
     104
      86
      88
      96
      85
     102
      91
      94
     105
     105
      83
     131
     101
      87
      86
      80
      90
      94
      95
      91
      98
      71
      97
     102
      78
      99
      80
      94
     105
     109
     106
      93
      78
      82
      93
      95
     109
      85
      88
      92
      88
      89
      96
      90
      95
      77
      97
      88
     111
      98
      95
     102
      87
      83
     114
      94
      95
      98
      96
      95
     100
      94
     100
     111
     102
      97
      87
     102
      93
      98
     113
      98
      78
     109
     105
      90
     130
     101
     105
      99
      96
     102
      92
     119
      80
     101
      96
      93
     102
      97
      93
     106
      81
      99
     106
     109
     105
      98
      83
     122
      95
     110
      84
      90
     103
      98
     109
      84
     111
     102
      92
     100
     113
      94
     110
     108
     108
     105
     107
      94
      90
      87
     103
      94
     102
     100
      87
     101
      88
     105
      99
     129
      86
      97
     106
      82
      93
      97
      96
      93
     100
     107
      89
     106
     111
     104
     110
      98
     108
      89
      98
      98
     101
      99
     108
     103
     104
     101
     107
     108
      96
     101
     100
     103
      97
      92
     121
     110
      86
      91
     111
      93
     120
     121
     129
     105
     114
     130
      90
     111
     115
     112
      96
     129
     103
     105
     118
      98
     110
     117
     119
     107
      91
     108
     112
      74
      99
     115
      96
     109
     102
      88
     115
     102
     113
     117
     108
     115
      92
     107
     104
     102
     123
     109
     105
      98
      95
     111
     123
     114
     107
     102
     122
     106
     114
     100
     115
     103
     111
     102
      92
     123
     105
     106
     131
     120
      98
     109
     125
     111
     101
     108
     105
     120
     115
     102
     111
     132
     102
     115
     117
      91
     110
     126
     106
     119
     113
     111
     116
      99
      96
     105
     109
      89
     118
     124
     115
     114
     129
     115
     102
     103
     122
     113
     119
     111
     139
     116
     117
     112
     119
     110
     121
     115
     116
     115
     143
     109
     117
     108
     101
     102
     109
     117
     117
     131
     111
     120
     131
     111
     147
     112
     118
     113
     111
     116
     117
     128
     137
     110
     111
     111
     119
     128
     124
     122
     130
     112
     123
     122
     108
     140
     122
     118
     125
     109
     122
     114
     128
     114
     121
     112
     115
     104
     113
     102
     135
     124
     129
     121
     103
     122
     139
     110
     106
     109
     122
     117
     130
     125
     115
     130
     122
     119
     131
     137
     138
     115
     130
     139
     130
     101
     135
     110
     147
     132
     116
     109
     127
     130
     139
     115
     119
     127
     126
     109
     119
     133
     120
     134
     117
     129
     114
     132
     141
     136
     112
     120
     132
     139
     128
     144
     109
     137
     143
     123
     136
     144
     125
     134
     124
     149
     129
     123
     118
     114
     134
     154
     122
     139
     132
     142
     155
     149
     136
     123
     133
     122
     136
     122
     125
     140
     138
     139
     129
     107
     135
     135
     118
     135
     134
     123
     144
     137
     138
     121
     142
     129
     128
     130
     117
     139
     121
     125
     126
     119
     127
     146
     128
     137
     161
     130
     133
     153
     141
     133
     143
     133
     119
     139
     149
     130
     119
     126
     115
     127
     132
     143
     129
     124
     124
     138
     133
     118
     145
     147
     127
     136
     144
     127
     126
     153
     123
     145
     146
     138
     140
     127
     123
     146
     127
     125
     133
     126
     135
     152
     129
     141
     142
     123
     149
     138
     126
     152
     137
     133
     135
     128
     144
     138
     154
     137
     144
     138
     122
     140
     144
     144
     136
     141
     132
     144
     116
     140
     137
     142
     122
     117
     138
     149
     130
     140
     148
     138
     151
     144
     137
     133
     137
     145
     114
     148
     140
     142
     146
     148
     151
     153
     122
     132
     126
     127
     135
     134
     140
     129
     128
     133
     128
     129
     138
     143
     140
     123
     154
     146
     142
     140
     168
     132
     146
     148
     133
     159
     140
     142
     145
     153
     130
     148
     146
     134
     148
     122
     120
     134
     140
     134
     135
     162
     151
     140
     151
     138
     141
     140
     154
     153
     147
     162
     146
     158
     143
     148
     133
     187
     150
     155
     181
     156
     145
     129
     137
     127
     142
     154
     126
     143
     149
     138
     167
     164
     157
     149
     150
     160
     139
     138
     160
     141
     164
     144
     147
     158
     155
     130
     160
     157
     133
     168
     164
     148
     149
     153
     154
     156
     169
     157
     148
     135
     153
     155
     148
     149
     150
     143
     172
     147
     160
     158
     134
     157
     147
     161
     153
     115
     151
     154
     149
     152
     134
     139
     156
     150
     129
     144
     139
     167
     166
     145
     140
     131
     171
     153
     134
     166
     153
     173
     148
     152
     149
     153
     151
     158
     164
     158
     136
     153
     170
     137
     151
     169
     163
     153
     186
     155
     140
     151
     159
     165
     145
     150
     159
     170
     156
     153
     182
     169
     146
     142
     163
     161
     170
     138
     134
     162
     150
     150
     163
     176
     132
     167
     148
     166
     161
     172
     146
     166
     156
     151
     143
     156
     142
     156
     160
     154
     174
     134
     148
     143
     130
     175
     164
     146
     174
     145
     172
     162
     157
     140
     133
     172
     167
     137
     165
     152
     142
     171
     179
     172
     176
     146
     159
     145
     178
     155
     143
     148
     136
     153
     133
     156
     180
     162
     150
     187
     173
     165
     137
     154
     181
     175
     146
     156
     191
     130
     170
     176
     178
     139
     183
     176
     151
     169
     158
     160
     169
     166
     163
     165
     157
     152
     136
     184
     171
     169
     160
     169
     159
     190
     156
     182
     158
     164
     169
     183
     149
     138
     145
     165
     171
     177
     176
     173
     173
     192
     156
     167
     141
     164
     152
     166
     160
     181
     168
     154
     170
     183
     171
     169
     163
     161
     171
     167
     177
     165
     174
     163
     155
     160
     167
     153
     172
     192
     148
     164
     164
     138
     152
     169
     178
     173
     179
     170
     160
     170
     147
     162
     176
     178
     179
     167
     171
     172
     177
     157
     156
     173
     168
     167
     160
     162
     154
     182
     183
     177
     172
     154
     167
     172
     166
     184
     169
     167
     182
     197
     191
     170
     157
     164
     178
     176
     167
     180
     171
     168
     178
     152
     167
     177
     146
     167
     138
     163
     181
     169
     158
     155
     170
     153
     162
     179
     175
     180
     182
     171
     153
     173
     153
     147
     175
     171
     156
     187
     191
     179
     184
     196
     167
     165
     172
     167
     177
     159
     182
     172
     167
     169
     166
     164
     169
     178
     167
     168
     175
     184
     156
     173
     198
     181
     190
     180
     182
     144
     177
     177
     171
     185
     177
     150
     189
     183
     174
     189
     195
     179
     184
     205
     169
     165
     191
     167
     201
     182
     155
     169
     203
     184
     165
     173
     202
     176
     162
     177
     186
     191
     174
     183
     185
     175
     191
     158
     159
     175
     177
     192
     198
     186
     178
     168
     176
     173
     178
     180
     173
     192
     171
     197
     168
     188
     184
     204
     176
     171
     170
     169
     213
     185
     185
     169
     167
     181
     167
     169
     192
     183
     193
     177
     177
     207
     181
     196
     207
     180
     163
     172
     194
     195
     183
     185
     173
     183
     192
     187
     186
     178
     160
     189
     156
     192
     190
     188
     177
     182
     163
     185
     185
     167
     182
     175
     187
     179
     189
     199
     215
     204
     193
     191
     224
     187
     180
     189
     214
     197
     193
     202
     207
     192
     190
     184
     244
     197
     208
     213
     209
     197
     206
     192
     194
     193
     199
     206
     201
     211
     192
     191
     200
     184
     182
     199
     196
     215
     210
     195
     212
     216
     214
     198
     212
     203
     213
     191
     228
     177
     218
     183
     206
     204
     197
     205
     187
     210
     175
     173
     181
     182
     205
     181
     188
     214
     209
     196
     189
     193
     192
     199
     187
     214
     206
     187
     196
     186
     189
     184
     195
     197
     188
     180
     196
     193
     195
     189
     230
     193
     176
     219
     187
     223
     202
     213
     204
     183
     215
     230
     196
     232
     203
     195
     206
     195
     185
     220
     214
     214
     241
     213
     218
     232
     242
     228
     219
     252
     205
     218
     235
     238
     267
     219
     244
     272
     223
     237
     274
     266
     251
     263
     271
     246
     271
     222
     251
     261
     226
     246
     260
     260
     251
     244
     211
     211
     297
     243
     246
     236
     243
     212
     224
     224
     210
     221
     221
     259
     227
     221
     231
     219
     210
     215
     239
     207
     211
     222
     224
     192
     214
     218
     184
     207
     223
     191
     200
     204
     195
     188
     220
     213
     185
     191
     188
     196
     198
     187
     193
     197
     196
     183
     210
     191
     191
     191
     183
     190
     210
     209
     197
     212
     214
     187
     180
     191
     205
     205
     189
     219
     204
     206
     199
     198
     211
     200
     185
     205
     218
     216
     222
     216
     208
     202
     210
     223
     199
     236
     239
     277
     225
     249
     186
     210
     199
     212
     229
     264
     213
     224
     243
     231
     262
     236
     245
     252
     233
     234
     259
     270
     236
     243
     296
     246
     243
     217
     229
     241
     242
     266
     228
     234
     242
     225
     234
     243
     232
     254
     211
     246
     213
     236
     199
     228
     223
     235
     182
     215
     216
     204
     218
     229
     223
     207
     210
     215
     188
     202
     223
     206
     183
     214
     205
     177
     195
     204
     187
     192
     191
     196
     207
     193
     207
     200
     177
     207
     193
     185
     222
     197
     174
     197
     186
     202
     205
     210
     196
     193
     203
     214
     211
     190
     189
     192
     195
     199
     194
     213
     207
     190
     198
     197
     202
     201
     197
     201
     188
     197
     198
     225
     153
     194
     211
     201
     214
     211
     187
     192
     191
     190
     211
     213
     190
     242
     175
     210
     203
     171
     213
     209
     202
     188
     196
     231
     206
     202
     186
     204
     186
     212
     207
     221
     223
     217
     193
     198
     188
     199
     188
     173
     214
     192
     204
     191
     202
     223
     185
     195
     197
     190
     197
     206
     190
     197
     211
     203
     207
     201
     192
     212
     205
     219
     211
     189
     209
     181
     199
     218
     171
     206
     224
     181
     192
     199
     213
     197
     177
     192
     214
     214
     210
     200
     184
     226
     228
     192
     211
     202
     229
     209
     209
     213
     188
     189
     199
     201
     214
     183
     221
     212
     207
     205
     176
     240
     210
     223
     215
     215
     193
     215
     184
     212
     182
     196
     226
     200
     221
     191
     197
     237
     234
     208
     200
     204
     198
     228
     215
     193
     216
     199
     207
     203
     188
     223
     190
     213
     221
     203
     205
     221
     196
     195
     231
     216
     196
     216
     201
     222
     215
     227
     180
     210
     214
     221
     184
     217
     190
     224
     225
     235
     189
     212
     199
     222
     210
     216
     213
     215
     216
     201
     229
     212
     211
     232
     239
     205
     219
     213
     216
     238
     213
     218
     197
     216
     199
     234
     220
     226
     221
     233
     204
     231
     216
     211
     204
     218
     208
     224
     229
     208
     206
     221
     199
     219
     208
     222
     239
     209
     217
     220
     193
     214
     232
     225
     214
     216
     210
     235
     216
     229
     217
     220
     205
     211
     221
     195
     231
     232
     224
     223
     229
     232
     206
     218
     219
     193
     254
     232
     254
     213
     199
     243
     258
     222
     216
     202
     224
     226
     212
     192
     217
     233
     233
     242
     217
     206
     206
     247
     280
     221
     253
     241
     244
     219
     218
     255
     251
     218
     227
     260
     236
     254
     222
     226
     232
     237
     211
     249
     225
     242
     229
     231
     249
     211
     222
     218
     237
     232
     231
     260
     246
     215
     235
     239
     258
     234
     223
     237
     245
     249
     201
     261
     263
     254
     236
     207
     249
     225
     234
     224
     252
     222
     252
     215
     239
     265
     235
     211
     214
     257
     258
     248
     241
     238
     264
     230
     249
     231
     236
     228
     229
     231
     215
     224
     237
     224
     225
     232
     227
     244
     251
     215
     236
     253
     222
     232
     245
     232
     213
     200
     237
     215
     236
     249
     217
     219
     219
     237
     253
     240
     201
     220
     223
     222
     236
     254
     218
     248
     224
     247
     212
     236
     212
     260
     215
     234
     237
     236
     264
     209
     216
     234
     211
     236
     216
     215
     245
     224
     224
     255
     220
     231
     222
     239
     206
     215
     234
     245
     243
     244
     258
     254
     232
     236
     223
     249
     231
     228
     250
     284
     227
     249
     248
     239
     225
     220
     260
     250
     240
     259
     238
     249
     251
     242
     225
     250
     260
     248
     234
     221
     236
     236
     229
     239
     238
     263
     253
     250
     250
     281
     220
     234
     244
     252
     245
     257
     244
     251
     250
     253
     249
     225
     266
     251
     222
     255
     212
     264
     239
     250
     244
     255
     241
     222
     235
     229
     233
     244
     254
     215
     239
     239
     234
     215
     241
     225
     255
     251
     245
     214
     208
     233
     210
     258
     252
     248
     233
     209
     232
     238
     204
     222
     234
     249
     217
     217
     227
     222
     224
     237
     269
     227
     230
     227
     229
     226
     234
     228
     230
     228
     236
     220
     223
     214
     202
     230
     222
     228
     225
     226
     224
     241
     226
     231
     227
     241
     266
     215
     234
     242
     260
     227
     229
     230
     229
     244
     245
     223
     258
     226
     255
     232
     237
     228
     216
     265
     253
     228
     220
     262
     246
     247
     261
     256
     228
     256
     226
     236
     233
     249
     237
     245
     263
     241
     253
     217
     235
     247
     227
     242
     223
     234
     263
     251
     222
     239
     203
     263
     227
     247
     213
     218
     221
     234
     238
     210
     219
     235
     273
     251
     251
     255
     252
     247
     211
     211
     254
     229
     241
     224
     247
     237
     249
     238
     211
     229
     226
     255
     256
     233
     232
     243
     226
     241
     233
     239
     223
     244
     220
     239
     240
     227
     236
     227
     227
     240
     230
     226
     247
     244
     209
     219
     238
     248
     228
     252
     226
     217
     257
     231
     249
     224
     241
     242
     245
     215
     258
     238
     245
     236
     235
     227
     248
     220
     263
     207
     247
     236
     265
     238
     253
     225
     241
     230
     238
     210
     241
     235
     269
     238
     192
     224
     264
     228
     240
     232
     222
     235
     235
     237
     226
     238
     234
     192
     260
     236
     225
     238
     261
     205
     224
     235
     228
     240
     228
     267
     241
     241
     262
     277
     220
     271
     259
     244
     258
     270
     244
     207
     242
     227
     221
     257
     290
     245
     266
     244
     238
     256
     241
     238
     242
     264
     239
     253
     253
     272
     237
     248
     257
     254
     243
     250
     237
     271
     235
     230
     247
     241
     245
     230
     239
     271
     229
     257
     233
     235
     254
     237
     252
     235
     241
     253
     236
     236
     239
     247
     238
     264
     237
     264
     229
     244
     237
     251
     216
     230
     238
     238
     231
     237
     248
     247
     222
     229
     260
     203
     237
     253
     224
     226
     236
     240
     237
     256
     249
     245
     237
     230
     217
     230
     248
     202
     222
     252
     239
     223
     244
     227
     239
     261
     204
     242
     241
     227
     240
     225
     229
     247
     247
     219
     232
     238
     245
     242
     205
     236
     244
     235
     231
     234
     229
     243
     245
     240
     255
     225
     264
     201
     245
     244
     245
     242
     216
     241
     233
     239
     230
     237
     221
     200
     227
     243
     239
     212
     198
     211
     265
     225
     231
     231
     228
     231
     232
     247
     241
     218
     220
     229
     221
     240
     234
     222
     275
     241
     233
     214
     236
     226
     207
     212
     239
     232
     267
     222
     233
     223
     214
     242
     205
     247
     227
     221
     242
     236
     267
     214
     225
     240
     212
     221
     219
     239
     250
     233
     233
     231
     240
     219
     217
     234
     233
     217
     228
     202
     211
     246
     190
     228
     220
     250
     260
     227
     236
     220
     220
     226
     214
     245
     225
     218
     237
     260
     236
     262
     223
     234
     201
     223
     231
     235
     224
     223
     209
     248
     225
     236
     226
     258
     238
     193
     266
     205
     215
     222
     215
     223
     234
     229
     209
     250
     221
     201
     238
     202
     226
     204
     253
     237
     229
     211
     223
     254
     221
     249
     242
     234
     207
     223
     233
     195
     216
     241
     239
     213
     231
     228
     240
     218
     245
     218
     243
     228
     231
     250
     219
     237
     244
     227
     250
     210
     225
     219
     212
     197
     210
     227
     185
     213
     216
     229
     222
     236
     242
     239
     217
     246
     209
     213
     223
     225
     201
     196
     215
     206
     218
     232
     223
     232
     272
     221
     228
     202
     205
     227
     215
     229
     238
     223
     231
     222
     241
     224
     231
     206
     232
     206
     224
     230
     225
     230
     200
     214
     238
     239
     233
     208
     214
     226
     238
     231
     229
     201
     222
     240
     217
     243
     232
     206
     244
     223
     240
     219
     237
     229
     247
     213
     215
     246
     267
     245
     210
     218
     207
     208
     240
     248
     229
     204
     219
     213
     209
     199
     240
     226
     213
     215
     254
     245
     210
     196
     232
     240
     210
     236
     228
     219
     199
     217
     194
     221
     188
     242
     224
     215
     236
     217
     206
     230
     219
     231
     226
     237
     217
     223
     229
     235
     233
     200
     203
     226
     216
     253
     241
     212
     222
     244
     224
     232
     205
     225
     224
     234
     231
     235
     234
     224
     222
     234
     224
     205
     235
     220
     242
     217
     223
     227
     223
     230
     228
     233
     232
     231
     225
     223
     207
     206
     209
     225
     229
     205
     216
     223
     189
     260
     214
     234
     222
     250
     243
     213
     201
     203
     212
     212
     212
     215
     216
     251
     219
     203
     226
     222
     248
     222
     236
     244
     220
     228
     196
     204
     233
     248
     236
     240
     218
     239
     271
     221
     236
     225
     199
     216
     237
     217
     218
     203
     242
     231
     211
     221
     233
     195
     235
     218
     210
     223
     225
     196
     227
     255
     215
     242
     211
     239
     216
     216
     194
     231
     198
     217
     238
     220
     237
     197
     223
     248
     230
     223
     190
     212
     211
     218
     207
     229
     218
     219
     219
     195
     211
     203
     222
     204
     198
     232
     223
     246
     264
     221
     211
     202
     227
     234
     227
     254
     226
     229
     206
     240
     226
     218
     206
     216
     212
     184
     245
     195
     216
     236
     189
     201
     227
     208
     222
     224
     232
     248
     224
     230
     258
     223
     236
     226
     213
     221
     210
     206
     213
     204
     204
     217
     214
     180
     221
     214
     226
     224
     229
     219
     191
     185
     225
     250
     203
     215
     211
     202
     222
     252
     193
     247
     235
     220
     222
     234
     225
     200
     207
     209
     245
     207
     244
     212
     197
     222
     213
     217
     197
     223
     195
     224
     226
     239
     206
     209
     222
     231
     226
     212
     243
     223
     197
     208
     206
     222
     229
     212
     199
     217
     219
     239
     185
     222
     201
     227
     206
     221
     253
     211
     195
     226
     213
     209
     202
     193
     225
     179
     242
     222
     209
     218
     220
     221
     241
     240
     225
     206
     208
     237
     197
     215
     219
     208
     239
     228
     225
     227
     197
     210
     222
     204
     211
     205
     197
     227
     213
     199
     222
     213
     230
     226
     228
     210
     233
     218
     227
     192
     226
     207
     235
     213
     200
     216
     228
     206
     234
     235
     212
     223
     215
     210
     211
     228
     223
     233
     199
     219
     219
     221
     236
     206
     202
     224
     197
     230
     194
     229
     208
     234
     199
     223
     225
     211
     231
     181
     236
     190
     218
     229
     227
     188
     246
     210
     211
     218
     212
     222
     234
     213
     229
     211
     218
     219
     184
     204
     221
     222
     206
     228
     215
     201
     207
     188
     218
     219
     181
     198
     208
     202
     249
     219
     228
     204
     218
     224
     209
     197
     185
     212
     220
     210
     224
     203
     214
     214
     216
     205
     206
     220
     198
     209
     211
     201
     200
     201
     200
     205
     212
     203
     194
     215
     213
     227
     224
     205
     214
     212
     205
     209
     225
     208
     225
     230
     195
     208
     207
     240
     203
     196
     197
     209
     208
     221
     193
     227
     225
     230
     212
     212
     178
     226
     224
     202
     200
     222
     215
     210
     230
     214
     217
     233
     204
     226
     232
     185
     184
     238
     228
     213
     216
     202
     232
     197
     220
     186
     217
     205
     220
     209
     211
     247
     213
     217
     187
     232
     206
     232
     216
     183
     201
     209
     226
     197
     217
     215
     240
     186
     231
     221
     240
     232
     217
     206
     216
     189
     203
     210
     221
     223
     231
     204
     221
     228
     212
     209
     221
     211
     224
     215
     231
     200
     238
     227
     218
     201
     206
     221
     221
     230
     213
     189
     220
     183
     202
     198
     202
     212
     192
     203
     212
     193
     206
     225
     225
     206
     220
     225
     209
     187
     221
     209
     211
     228
     216
     186
     212
     195
     190
     214
     217
     222
     249
     207
     213
     223
     259
     199
     226
     211
     227
     213
     202
     249
     206
     199
     237
     217
     213
     207
     241
     222
     191
     225
     168
     225
     205
     194
     208
     190
     190
     215
     215
     193
     203
     218
     237
     205
     215
     231
     231
     221
     189
     182
     222
     245
     202
     208
     213
     237
     209
     207
     228
     228
     232
     219
     219
     224
     200
     226
     222
     231
     223
     230
     221
     228
     204
     194
     221
     223
     191
     212
     253
     208
     209
     218
     223
     225
     214
     195
     203
     221
     205
     205
     205
     194
     215
     232
     207
     222
     209
     204
     216
     217
     234
     233
     220
     238
     215
     221
     210
     215
     180
     217
     202
     203
     218
     214
     229
     213
     221
     190
     225
     212
     224
     238
     204
     191
     226
     197
     203
     229
     216
     243
     234
     204
     216
     223
     219
     236
     199
     212
     214
     188
     205
     219
     229
     196
     229
     227
     204
     218
     190
     212
     226
     180
     214
     220
     225
     194
     189
     222
     214
     203
     213
     181
     212
     213
     198
     186
     199
     223
     192
     201
     219
     181
     224
     178
     222
     204
     182
     203
     190
     182
     204
     211
     213
     198
     202
     204
     194
     230
     210
     188
     229
     204
     197
     228
     218
     216
     178
     208
     234
     182
     196
     218
     210
     200
     221
     225
     204
     235
     223
     219
     243
     200
     198
     208
     227
     222
     172
     199
     208
     197
     183
     214
     207
     215
     216
     205
     223
     190
     193
     209
     219
     214
     185
     208
     238
     188
     211
     233
     187
     186
     190
     214
     221
     230
     204
     167
     216
     203
     219
     214
     205
     202
     238
     208
     201
     205
     205
     204
     191
     221
     207
     183
     232
     206
     217
     197
     181
     209
     209
     192
     196
     221
     202
     202
     221
     208
     190
     189
     217
     199
     200
     185
     214
     229
     214
     188
     202
     187
     207
     195
     218
     196
     197
     202
     203
     168
     197
     212
     211
     216
     188
     207
     205
     216
     215
     207
     216
     201
     214
     212
     185
     196
     211
     210
     210
     190
     223
     186
     225
     223
     200
     197
     229
     177
     185
     215
     196
     216
     194
     234
     193
     210
     167
     210
     197
     224
     210
     213
     197
     201
     198
     198
     209
     209
     188
     204
     227
     204
     219
     204
     198
     221
     184
     210
     187
     222
     195
     184
     204
     190
     191
     175
     200
     196
     198
     208
     200
     228
     222
     204
     199
     215
     202
     189
     201
     228
     202
     207
     207
     209
     175
     206
     209
     224
     200
     187
     214
     205
     182
     199
     188
     189
     192
     226
     199
     199
     211
     183
     225
     195
     207
     186
     239
     219
     225
     200
     186
     182
     207
     210
     184
     194
     211
     204
     195
     207
     198
     182
     204
     176
     219
     190
     195
     204
     217
     205
     193
     185
     219
     200
     212
     215
     223
     191
     215
     189
     192
     215
     163
     189
     189
     233
     190
     194
     208
     195
     209
     191
     211
     210
     203
     221
     210
     217
     199
     178
     187
     205
     178
     200
     174
     230
     186
     198
     186
     214
     212
     190
     206
     202
     200
     182
     198
     207
     214
     201
     202
     171
     217
     189
     210
     224
     208
     180
     191
     188
     190
     188
     214
     186
     205
     195
     228
     240
     225
     209
     184
     209
     214
     223
     230
     217
     203
     197
     203
     196
     214
     237
     217
     215
     206
     221
     212
     197
     205
     214
     211
     209
     210
     198
     200
     220
     213
     221
     221
     217
     211
     214
     188
     192
     213
     209
     245
     209
     249
     234
     244
     212
     241
     253
     229
     262
     258
     278
     282
     265
     291
     304
     337
     318
     366
     352
     387
     407
     456
     414
     496
     532
     553
     593
     599
     663
     737
     760
     772
     859
     948
     920
     991
    1084
    1153
    1234
    1273
    1382
    1478
    1495
    1651
    1757
    1779
    1831
    1939
    1963
    2080
    2190
    2322
    2318
    2458
    2413
    2544
    2643
    2620
    2731
    2654
    2818
    2899
    2953
    2844
    3052
    3000
    2921
    2882
    2950
    3011
    2904
    2952
    2707
    2896
    2744
    2620
    2628
    2543
    2502
    2331
    2216
    2303
    2092
    2066
    1992
    1917
    1699
    1697
    1626
    1545
    1605
    1356
    1320
    1262
    1101
    1069
    1026
     971
     885
     861
     771
     728
     650
     601
     612
     577
     565
     468
     452
     397
     408
     358
     326
     337
     307
     295
     282
     289
     238
     219
     254
     242
     229
     215
     235
     206
     209
     199
     223
     187
     168
     195
     190
     212
     174
     180
     190
     184
     185
     185
     163
     185
     201
     162
     196
     172
     204
     177
     165
     149
     161
     197
     189
     205
     172
     156
     169
     186
     186
     167
     175
     185
     169
     183
     178
     174
     185
     181
     177
     165
     172
     174
     174
     211
     183
     157
     185
     171
     189
     184
     155
     191
     184
     167
     189
     167
     172
     147
     176
     204
     160
     156
     162
     195
     185
     196
     166
     180
     175
     165
     191
     169
     164
     198
     181
     193
     182
     168
     176
     155
     183
     185
     191
     182
     170
     192
     175
     195
     166
     185
     179
     164
     187
     168
     181
     162
     194
     170
     178
     172
     173
     166
     187
     193
     178
     177
     169
     156
     164
     167
     172
     205
     187
     157
     186
     203
     185
     170
     182
     168
     177
     172
     190
     165
     183
     157
     164
     174
     176
     183
     169
     170
     182
     209
     201
     161
     179
     191
     151
     180
     173
     166
     167
     174
     167
     200
     159
     175
     168
     176
     173
     184
     161
     180
     163
     176
     182
     158
     139
     173
     157
     180
     196
     189
     199
     160
     177
     170
     155
     155
     176
     176
     191
     186
     176
     164
     178
     181
     195
     167
     172
     161
     167
     159
     180
     187
     171
     159
     177
     169
     161
     155
     187
     191
     170
     174
     139
     172
     182
     168
     148
     191
     193
     185
     185
     155
     177
     177
     187
     169
     161
     168
     184
     150
     176
     170
     176
     168
     184
     181
     154
     180
     143
     180
     188
     181
     192
     187
     167
     219
     178
     166
     165
     158
     156
     176
     166
     161
     191
     154
     163
     178
     172
     196
     163
     168
     179
     164
     167
     166
     187
     172
     174
     175
     165
     194
     175
     173
     174
     167
     174
     173
     178
     151
     171
     151
     155
     161
     180
     179
     177
     155
     174
     151
     164
     161
     179
     151
     161
     186
     183
     163
     185
     175
     157
     173
     176
     175
     193
     173
     170
     173
     164
     168
     187
     170
     173
     189
     180
     173
     174
     198
     182
     192
     191
     190
     166
     187
     170
     164
     177
     174
     192
     171
     181
     149
     164
     184
     166
     192
     163
     166
     187
     191
     180
     188
     177
     185
     178
     158
     177
     157
     159
     180
     168
     164
     171
     198
     176
     163
     171
     179
     168
     186
     160
     169
     183
     171
     168
     167
     182
     180
     163
     141
     179
     155
     170
     161
     180
     153
     171
     166
     165
     156
     166
     154
     193
     185
     137
     152
     190
     175
     171
     169
     155
     176
     158
     163
     173
     152
     143
     134
     152
     151
     148
     188
     160
     177
     140
     168
     182
     165
     165
     155
     185
     176
     158
     167
     157
     152
     192
     176
     154
     184
     183
     163
     167
     168
     150
     161
     173
     160
     157
     160
     185
     157
     178
     160
     164
     136
     176
     158
     147
     150
     181
     150
     159
     153
     170
     155
     160
     192
     169
     149
     177
     148
     185
     156
     183
     157
     179
     183
     176
     149
     152
     185
     163
     168
     183
     171
     164
     149
     156
     152
     198
     186
     159
     176
     171
     180
     170
     160
     167
     150
     173
     185
     163
     162
     162
     159
     127
     159
     151
     175
     165
     158
     162
     164
     153
     158
     165
     164
     153
     157
     168
     144
     128
     161
     165
     172
     172
     175
     160
     146
     146
     164
     155
     178
     174
     161
     176
     148
     165
     173
     150
     185
     176
     163
     191
     183
     165
     173
     178
     171
     167
     170
     162
     158
     142
     158
     163
     151
     160
     156
     174
     165
     157
     159
     163
     165
     158
     145
     161
     162
     166
     157
     187
     154
     170
     159
     179
     184
     154
     165
     164
     167
     149
     162
     168
     181
     152
     179
     161
     155
     142
     151
     173
     163
     163
     177
     155
     160
     165
     175
     164
     169
     163
     169
     149
     177
     159
     180
     164
     164
     146
     164
     166
     151
     151
     154
     169
     166
     165
     153
     174
     166
     168
     145
     158
     147
     134
     152
     144
     141
     174
     146
     175
     163
     154
     165
     158
     188
     158
     172
     177
     148
     156
     158
     175
     176
     164
     145
     161
     176
     152
     187
     168
     163
     191
     198
     154
     151
     147
     175
     142
     181
     166
     177
     172
     173
     177
     170
     168
     170
     186
     191
     196
     196
     198
     203
     178
     193
     197
     189
     199
     209
     186
     209
     225
     196
     224
     261
     227
     252
     265
     288
     263
     281
     312
     330
     315
     328
     323
     355
     350
     340
     379
     370
     394
     420
     449
     426
     415
     449
     464
     504
     423
     475
     477
     497
     542
     508
     532
     503
     484
     485
     546
     470
     521
     498
     510
     489
     491
     498
     490
     448
     435
     485
     457
     445
     416
     431
     392
     409
     403
     397
     338
     390
     341
     348
     341
     301
     302
     291
     298
     290
     270
     279
     257
     235
     212
     210
     226
     225
     213
     214
     189
     196
     183
     190
     191
     192
     166
     176
     178
     156
     153
     167
     148
     184
     166
     168
     152
     138
     166
     172
     150
     145
     161
     179
     137
     163
     164
     147
     164
     170
     150
     174
     156
     157
     154
     162
     170
     162
     185
     148
     138
     149
     177
     163
     148
     144
     159
     155
     152
     170
     161
     160
     139
     179
     162
     171
     163
     147
     140
     156
     163
     147
     145
     147
     156
     165
     157
     153
     154
     165
     158
     144
     157
     147
     138
     150
     161
     157
     156
     168
     144
     153
     151
     156
     175
     150
     171
     153
     134
     147
     152
     159
     151
     149
     167
     159
     158
     149
     164
     137
     153
     164
     151
     156
     150
     163
     164
     130
     142
     172
     173
     151
     156
     133
     159
     163
     158
     135
     144
     160
     146
     159
     157
     160
     131
     142
     153
     136
     137
     161
     157
     128
     136
     156
     173
     158
     146
     127
     128
     130
     147
     164
     156
     158
     135
     142
     160
     150
     177
     144
     148
     163
     179
     157
     158
     121
     126
     172
     130
     163
     151
     144
     159
     146
     156
     147
     130
     163
     147
     156
     136
     159
     139
     155
     155
     133
     142
     164
     159
     164
     131
     162
     127
     160
     147
     149
     158
     141
     155
     151
     145
     149
     154
     139
     137
     160
     168
     158
     137
     163
     142
     150
     139
     146
     160
     144
     151
     141
     149
     159
     154
     139
     141
     136
     127
     154
     166
     134
     146
     136
     143
     164
     135
     159
     153
     162
     145
     155
     162
     149
     147
     162
     148
     140
     155
     149
     149
     148
     141
     143
     153
     144
     159
     118
     161
     161
     127
     170
     120
     151
     157
     168
     150
     151
     164
     144
     141
     158
     149
     151
     173
     149
     152
     146
     127
     133
     157
     181
     122
     151
     128
     128
     121
     145
     137
     157
     140
     134
     146
     143
     125
     169
     151
     139
     147
     130
     164
     158
     152
     150
     160
     168
     147
     163
     145
     160
     118
     141
     149
     125
     139
     149
     146
     143
     149
     132
     148
     146
     158
     147
     142
     152
     151
     161
     149
     146
     133
     133
     154
     155
     126
     153
     140
     143
     151
     150
     167
     141
     159
     142
     151
     158
     154
     156
     168
     150
     138
     160
     142
     149
     147
     113
     157
     142
     139
     150
     146
     149
     171
     155
     138
     156
     156
     172
     138
     126
     148
     154
     160
     157
     161
     164
     134
     134
     128
     142
     151
     166
     141
     117
     144
     168
     161
     153
     126
     172
     164
     134
     142
     151
     173
     150
     126
     144
     143
     127
     152
     132
     157
     134
     139
     145
     135
     148
     154
     174
     132
     160
     133
     145
     150
     135
     158
     126
     152
     126
     125
     169
     143
     133
     132
     152
     153
     156
     130
     125
     140
     151
     132
     149
     137
     139
     140
     136
     145
     148
     141
     146
     136
     146
     142
     156
     164
     146
     136
     144
     126
     128
     142
     114
     147
     148
     152
     123
     139
     146
     139
     157
     150
     145
     173
     144
     127
     137
     148
     131
     147
     137
     150
     139
     129
     144
     114
     142
     135
     113
     161
     149
     151
     151
     154
     134
     126
     151
     146
     137
     147
     158
     150
     138
     153
     146
     158
     157
     156
     140
     127
     156
     148
     131
     147
     135
     147
     117
     139
     143
     150
     137
     152
     135
     150
     142
     151
     156
     149
     133
     140
     134
     162
     144
     159
     121
     149
     129
     145
     137
     147
     160
     132
     156
     163
     138
     139
     122
     146
     140
     126
     136
     157
     133
     140
     129
     149
     148
     127
     142
     138
     138
     150
     140
     135
     116
     138
     132
     127
     124
     132
     131
     138
     128
     134
     127
     160
     135
     152
     139
     152
     133
     126
     141
     140
     152
     133
     124
     135
     148
     117
     127
     131
     145
     157
     154
     128
     142
     149
     142
     144
     156
     174
     124
     179
     151
     147
     134
     142
     142
     138
     134
     138
     172
     137
     150
     130
     132
     167
     144
     141
     135
     132
     125
     140
     144
     155
     126
     137
     138
     138
     130
     157
     136
     132
     149
     134
     143
     136
     143
     139
     138
     146
     127
     134
     135
     153
     132
     136
     140
     142
     150
     141
     136
     133
     125
     136
     149
     125
     123
     141
     140
     144
     118
     126
     127
     145
     136
     135
     162
     139
     141
     120
     136
     156
     138
     133
     132
     125
     127
     151
     143
     139
     116
     119
     141
     127
     144
     116
     124
     156
     123
     137
     132
     140
     133
     133
     134
     136
     129
     117
     150
     144
     113
     152
     128
     146
     171
     123
     143
     126
     144
     138
     139
     136
     132
     132
     132
     120
     135
     134
     140
     127
     152
     137
     135
     137
     123
     135
     125
     138
     128
     130
     130
     143
     157
     121
     152
     144
     145
     126
     128
     130
     142
     151
     149
     118
     163
     140
     126
     144
     130
     158
     133
     139
     107
     150
     111
     135
     139
     127
     135
     125
     126
     143
     151
     149
     139
     149
     146
     145
     153
     145
     128
     136
     132
     145
     146
     140
     133
     154
     149
     169
     157
     120
     142
     136
     142
     135
     145
     144
     137
     139
     136
     139
     128
     127
     127
     127
     134
     156
     127
     142
     147
     126
     140
     116
     135
     149
     126
     137
     148
     145
     154
     121
     148
     119
     142
     149
     102
     150
     137
     140
     111
     132
     130
     127
     134
     121
     129
     139
     113
     149
     122
     137
     127
     136
     140
     131
     140
     128
     138
     163
     154
     139
     161
     133
     129
     143
     113
     128
     109
     118
     140
     130
     146
     120
     128
     131
     142
     136
     134
     130
     136
     138
     115
     135
     138
     117
     139
     152
     110
     148
     119
     132
     141
     150
     127
     129
     117
     141
     146
     112
     134
     120
     129
     144
     134
     136
     132
     120
     149
     117
     121
     136
     137
     141
     142
     122
     138
     160
     115
     130
     120
     133
     145
     144
     134
     144
     138
     133
     123
     140
     124
     142
     129
     112
     136
     146
     143
     129
     145
     123
     152
     128
     139
     132
     134
     131
     111
     138
     133
     140
     135
     118
     136
     134
     147
     149
     136
     127
     123
     113
     116
     136
     116
     134
     127
       0
       0
       0
       0
       0
       0
       0
       0
       0
       0
       0
       0
       0
       0
       0
       0
       0
       0
       0
       0
       0
       0
       0
       0
       0
       0
       0
       0
       0
       0
       0
       0
       0
       0
       0
       0
       0
       0
       0
       0
       0
       0
       0
       0
       0
       0
       0
       0
       0
       0
       0
       0
       0
       0
       0
       0
       0
       0
       0
       0
       0
       0
       0
       0
       0
       0
       0
       0
       0
       0
       0
       0
       0
       0
       0
       0
       0
       0
       0
       0
       0
       0
       0
       0
       0
       0
       0
       0
       0
       0
       0
       0
       0
       0
       0
       0
       0
       0
       0
       0
       0
       0
       0
       0
       0
       0
       0
       0
       0
       0
       0
       0
       0
       0
       0
       0
       0
       0
       0
       0
       0
       0
       0
       0
       0
       0
       0
       0
$ROI:
3
3000 3148
6265 6424
7040 7174
$PRESETS:
None
0
0
$ENER_FIT:
0.138075 0.019210
$MCA_CAL:
3
1.380755E-001 1.921007E-002 0.000000E+000 keV
$SHAPE_CAL:
3
5.321839E+001 -1.219090E-003 0.000000E+000
