$SPEC_ID:
No sample description was entered.
$SPEC_REM:
DET# 1
DETDESC# DESKTOP-PNQJTCJ Easy-MCA-8k SN 09161357
AP# Maestro Version 7.01
$DATE_MEA:
03/15/2017 09:31:45
$MEAS_TIM:
1644 1701
$DATA:
0 8191
       0
       0
       0
       0
       0
       0
       0
       0
       0
       1
       0
       0
       1
       0
       0
       1
       0
       0
       0
       0
       0
       0
       1
       0
       0
       0
       0
       0
       1
       0
       1
      80
    2855
   17629
   42792
   62927
   65808
   61033
   57254
   57334
   55157
   53720
  218380
  516913
   51397
   22386
   20190
   17738
   18127
   20005
   20455
   17735
   14117
   11010
    8890
    7717
    6938
    6299
    5801
    5376
    4788
    4207
    3848
    3529
    3203
    2892
    2690
    2471
    2269
    2107
    2008
    1868
    1703
    1585
    1502
    1418
    1354
    1283
    1197
    1137
    1033
    1019
     932
     832
     780
     785
     742
     714
     664
     617
     638
     587
     542
     518
     502
     467
     415
     401
     414
     366
     350
     330
     344
     311
     264
     269
     235
     262
     241
     185
     180
     185
     170
     146
     150
     149
     117
     118
     143
     140
     137
     149
     115
     116
     116
     121
     115
      93
      89
     110
     102
      90
      98
      93
      85
      81
      65
      91
      92
      55
      79
      76
      66
      83
      62
      81
      68
      53
      61
      71
      46
      61
      63
      54
      59
      46
      45
      51
      54
      47
      50
      45
      30
      50
      41
      58
      52
      49
      43
      43
      43
      37
      36
      42
      36
      40
      35
      49
      28
      38
      26
      32
      39
      36
      24
      34
      36
      38
      29
      27
      40
      21
      27
      33
      22
      41
      33
      38
      25
      20
      30
      32
      28
      27
      29
      18
      27
      23
      29
      18
      29
      24
      16
      20
      27
      20
      18
      25
      25
      34
      32
      21
      24
      21
      20
      17
      24
      22
      16
      27
      27
      17
      24
      15
      22
      25
      22
      18
      15
      28
      15
      13
      22
      17
      20
      17
      14
      23
      20
      14
      15
      21
      18
      15
      19
      28
      15
      16
      22
      20
      18
      18
      21
      22
      21
      16
      23
      17
      15
      19
      24
      16
      20
      16
      17
      14
      21
      19
      14
      23
      10
      25
      19
      21
      15
      19
      14
      15
      13
      21
      26
      27
      13
      23
      16
      18
      16
      24
      12
      16
      18
      20
      19
      14
      19
      26
      20
      16
      13
      14
      18
      21
      21
      25
      12
      14
       9
      19
      20
      23
      11
      20
      21
      15
      23
      21
      17
      15
      14
      17
      21
      23
      15
      15
      22
      15
      16
      16
      18
      18
       8
      21
      11
      15
      12
      23
      17
      20
      16
      17
      13
      11
      21
      20
      12
      17
      15
      23
      13
      15
      13
      12
      23
      12
      12
      11
      16
      20
      14
      15
      15
      15
      16
      23
      13
      12
      14
      19
      20
      16
      18
      23
      17
      13
      21
      20
      14
      12
      21
      20
      24
      17
      12
      17
      17
      20
      15
      16
      20
      15
      19
      16
      23
      18
      14
      17
      15
      11
      15
      14
      14
      21
      12
      17
       9
      15
      19
      12
      21
      20
      15
      16
      14
      10
      14
      12
      14
      17
      13
      15
      29
      20
      21
      10
      12
      10
      19
      15
      15
      15
      16
      20
      10
      21
      13
      12
      14
      18
      12
       8
      14
      14
      12
      18
      18
      16
      14
      15
      13
      13
      16
      18
      16
      18
      11
      19
      16
      25
       8
      18
      15
      15
      13
      17
      16
      15
      16
      14
      13
      20
       6
      15
      13
      14
      18
      22
      15
      19
      16
      12
      12
      17
      16
      15
      21
      16
      17
      18
      11
      16
      24
      16
      19
      15
       9
      14
      18
      16
      10
      19
      23
      21
      13
      10
      15
      11
      13
      25
      11
      17
      19
      11
      17
      19
      16
      15
      13
      18
      17
      26
      18
      18
      27
      10
      11
      15
      15
       8
      19
      21
       9
      11
      17
      18
      22
      17
      20
      17
      18
      15
      19
      11
       8
      23
      17
      15
      14
      13
      17
      19
      18
      14
      11
      18
      13
      17
      10
       9
      18
      21
      10
      15
      20
      22
      22
      11
      14
      12
      12
      16
      15
       8
      12
      14
      10
      19
      13
      14
      12
      14
      14
      17
      18
      13
      14
      14
       6
      15
      21
      19
      12
      25
      22
      15
      11
      20
      21
      15
      19
      13
      13
      17
      14
      14
      18
      11
      14
      12
      23
      17
      11
      26
      18
      11
      18
      18
      12
      15
      16
      22
      16
      19
      18
      11
      17
      13
      10
      22
       6
      23
      20
      23
      16
      17
      14
      19
      24
      15
      23
      12
      18
      20
      14
      17
      24
      18
      21
      15
      18
       7
      19
      21
      14
      18
      17
      20
      17
      17
      21
      20
      16
      22
      17
      14
      16
      20
      16
      17
      18
      20
      12
      24
      16
      18
      15
      26
      15
      20
      21
      22
      24
      13
      21
      18
      14
      25
      18
      22
      16
      17
      19
      28
      20
      12
      28
      16
      24
       9
      25
      27
      15
      14
      26
      17
      26
      13
      18
      15
      27
      13
      17
      17
      18
      22
      11
      26
      14
      18
      17
      20
      17
      21
      21
      22
      17
      17
      23
      16
      20
      17
      35
      22
      19
      18
      21
      25
      18
      27
      16
      16
      20
      31
      22
      21
      23
      20
      13
      17
      23
      26
      19
      22
      19
      15
      29
      15
      24
      17
      24
      14
      19
      19
      22
      20
      17
      24
      17
      23
       9
      10
      16
      21
      12
      22
      14
      14
      17
      18
      20
      21
      21
      15
      14
      16
      21
      18
      19
      13
      19
      13
      14
      16
      15
      18
      22
      13
      20
      11
      17
      10
      17
      13
      12
      19
      18
      17
      15
      17
      20
      16
      15
      20
      14
      22
      16
      10
      13
      21
      11
      18
      12
      16
      12
      17
      19
      12
      15
       9
      21
      19
      14
      17
      15
      13
      21
      19
      13
      24
      13
      24
      17
      21
      11
      27
      11
      23
      20
      12
      20
      21
      13
      25
      14
      15
       9
      18
      17
      22
      16
      22
      15
      23
      25
      21
      22
      10
      19
      17
      18
      16
      11
      23
      15
      18
      17
      19
      18
      17
      17
      13
      15
      14
      19
      13
      27
      13
      19
      21
      24
      23
      19
      19
      14
      13
      22
      18
      18
      17
      17
      20
      14
      13
      13
      21
      12
      15
      13
      17
      17
      10
      20
      14
      12
      17
      25
      16
      12
      21
      21
      16
      23
      23
      20
      15
      11
      27
      21
      17
      14
      17
      17
      16
      13
      14
      20
      15
       7
      19
      14
      15
      18
      19
      23
      13
      17
      12
      21
      19
      19
      12
      21
      19
      26
      21
      24
      18
      15
      16
      24
      16
      19
      24
      12
      14
      13
      14
      14
      26
      18
      21
      11
      17
      12
      11
      22
      20
      20
      16
      13
      24
      19
      15
      20
      16
      20
      13
      22
      16
      17
      12
      14
      15
      20
      15
      22
      12
      17
      12
      20
      20
      15
      10
      18
      16
      16
      18
      13
      15
      15
      17
      19
      18
      16
      19
      23
       9
      18
      12
      22
      19
      16
      17
      15
      17
      19
      24
      12
      24
      17
      16
      20
      19
      10
      19
      19
      22
      11
      15
      17
      18
      18
      17
      18
      19
      10
      19
      21
      18
      17
      23
      25
      16
      12
      10
      10
      22
      22
      24
      15
      24
      17
      16
      24
       9
      13
      12
      15
      19
      19
      16
      20
      15
      16
      18
      21
      25
      17
      16
      16
      17
      20
      21
      17
      16
      20
      15
      18
      20
      20
      19
      19
      13
      13
      24
      12
      15
      19
      18
      12
      11
      14
      17
      17
      16
      12
      19
      21
      24
      21
      14
      17
      28
      17
       8
      15
      21
      10
      18
      18
      13
      20
      19
      14
      13
      22
      16
      24
      13
      11
      15
       9
       9
      14
      14
      16
      15
      14
      12
      27
      13
      15
      18
      16
      13
      28
      19
      21
      13
      14
      13
      11
      26
      13
      17
      17
      25
      18
      14
      18
      14
      27
      19
      22
      27
      19
      12
      12
      26
      19
      20
      15
      14
      23
      14
      17
      12
      18
      22
      20
      17
      11
      16
      19
      14
      22
      23
      13
      29
      24
      17
      24
      22
      15
      23
      24
      24
      24
      31
      14
      26
      20
      19
      24
      20
      23
      20
      33
      26
      36
      33
      36
      30
      32
      37
      37
      50
      45
      40
      44
      47
      46
      49
      65
      56
      66
      66
      70
      61
     100
      72
      86
      93
      79
     110
      70
     103
     114
     106
     107
     100
     129
     119
     114
     105
      95
      90
     116
     108
      93
     110
      95
     111
     107
      95
      93
      94
     105
      74
      86
     101
      75
      66
      92
      66
      59
      52
      60
      62
      55
      50
      54
      56
      46
      57
      43
      43
      35
      38
      42
      30
      26
      33
      36
      28
      24
      32
      32
      25
      32
      22
      25
      25
      14
      20
      25
      18
      19
      22
      22
      25
      16
      18
      17
      19
      21
      14
      21
      14
      16
      18
      11
      20
      12
      21
      10
      17
      20
      13
      14
      21
      17
      18
      19
      19
      21
      17
      11
      19
      20
      21
      23
      18
      17
      18
      20
      15
      18
      19
      22
      20
      11
      21
      20
      17
      24
      15
      21
      17
      27
      16
      19
      27
      19
      15
      14
      17
      15
      13
      19
      21
      15
      26
      25
      29
      15
      17
      21
      26
      30
      24
      23
      21
      19
      18
      28
      31
      17
      16
      25
      21
      25
      17
      16
      34
      27
      29
      25
      21
      34
      36
      23
      45
      29
      29
      27
      35
      46
      38
      36
      47
      49
      49
      45
      43
      33
      47
      46
      40
      51
      42
      44
      34
      41
      41
      33
      57
      35
      53
      30
      42
      47
      37
      41
      37
      34
      31
      31
      39
      31
      34
      37
      30
      35
      26
      24
      40
      29
      25
      23
      41
      28
      27
      23
      31
      21
      27
      22
      18
      22
      32
      25
      19
      28
      23
      20
      23
      19
      16
      20
      23
      15
      27
      18
      15
      18
      16
      14
      21
      27
      15
      19
      21
      21
      16
      19
      16
      10
      18
      22
      14
      15
      22
      18
      18
      15
      14
      16
      18
      23
      20
      20
      18
      18
      25
      24
      16
      24
      21
      13
      18
      19
      19
      18
      18
      14
      24
      20
      20
      14
      21
      16
      15
      22
      18
      16
      23
      21
      19
      19
      13
      15
      17
      24
       6
      19
      22
      20
      12
      22
      28
      20
      10
      21
      19
      21
      26
      15
      22
      28
      21
      10
      21
      22
      27
      22
      24
      27
      24
      18
      11
      17
      19
      14
      25
      17
      15
      28
      16
      18
      13
      17
      28
      17
      20
      11
      20
      24
      21
      11
      25
      19
      15
      16
      22
      23
      19
      24
      22
      21
      12
      17
      19
      13
      12
      24
      20
      21
      24
      19
      18
      16
      17
      29
      15
      19
      22
      12
      15
      14
      22
      15
      22
      17
      24
      23
      11
      13
      19
      22
      17
      18
      17
      15
      20
      11
      25
      21
      11
      19
       9
      12
      18
      13
      14
      11
      15
      19
      19
      27
      19
      24
      20
      21
      22
      13
      21
      12
      24
      26
      13
      16
      17
      15
      24
      15
      20
      20
      13
      16
      25
      21
      17
      21
      16
      18
      17
      26
      19
      17
      23
      22
      16
      13
      20
      28
      14
      20
      18
      24
      19
      17
       9
      12
      23
      24
      19
      27
      16
      18
      13
      19
      23
      15
      19
      21
      22
      23
      17
      30
      22
      17
      15
      24
      20
      27
      14
      26
      22
      24
      19
      22
      21
      12
      21
      16
      22
      23
      21
      19
      18
      19
      22
      13
      18
      26
      19
      13
      12
      26
      19
      26
      17
      21
      21
      21
      12
      19
      24
      19
      22
      23
      25
      24
      28
      23
      15
      16
      21
      28
      18
      25
      23
      23
      22
      19
      20
      15
      19
      24
      24
      21
      27
      29
      19
      26
      19
      26
      25
      29
      29
      20
      13
      24
      17
      21
      19
      22
      18
      20
      24
      21
      25
      20
      26
      13
      19
      18
      16
      24
      21
      20
      22
      36
      24
      31
      20
      20
      20
      21
      28
      22
      23
      26
      22
      24
      16
      26
      23
      15
      20
      22
      32
      20
      22
      24
      15
      20
      18
      29
      16
      16
      15
      18
      21
      22
      19
      26
      24
      13
      16
      22
      18
      10
      25
      29
      23
      19
      18
      20
      18
      20
      21
      24
      35
      28
      18
      19
      24
      26
      27
      23
      20
      20
      27
      19
      32
      16
      20
      19
      25
      29
      18
      17
      24
      16
      20
      14
      20
      14
      26
      14
      11
      25
      15
      24
      21
      22
      15
      19
      19
      23
      20
      23
      19
      26
      19
      19
      26
      22
      35
      17
      28
      26
      22
      25
      27
      23
      21
      17
      26
      23
      19
      20
      24
      25
      23
      25
      21
      14
      19
      18
      29
      28
      29
      26
      22
      16
      24
      27
      26
      27
      14
      21
      15
      24
      22
      21
      13
      21
      19
      15
      25
      21
      26
      25
      18
      20
      19
      23
      13
      34
      21
      31
      17
      23
      22
      24
      21
      17
      21
      17
      21
      14
      19
      18
      25
      20
      17
      28
      20
      20
      19
      26
      25
      21
      27
      22
      23
      20
      19
      25
      18
      26
      23
      23
      19
      23
      15
      15
      22
      22
      28
      17
      16
      25
      14
      19
      16
      21
      17
      17
      15
      14
      18
      16
      16
      12
      23
      18
      22
      18
       9
      15
      22
      17
      25
      23
      25
      20
      15
      15
      23
      16
      25
      16
      14
      16
      17
      14
      22
      16
      16
      19
      19
      22
      16
      23
      20
      16
      15
      17
      20
      17
      15
      17
      20
      22
      15
      14
      12
      20
      17
      13
      16
      15
      16
      20
      20
      21
      17
      19
      16
      16
      17
      18
      19
      11
       6
      18
      20
      16
      28
      24
      19
      19
      17
      14
      17
      23
      17
      12
      22
      15
      12
      15
      19
      25
      19
      17
      23
      12
      25
      14
      17
      14
      18
      23
      16
      16
      23
      24
      11
      19
       9
      16
      23
      12
      21
      14
      10
      22
      20
      21
      20
      15
      14
      16
      12
      19
      17
      19
      11
      16
      20
      16
      16
      17
      10
      17
      19
      18
      13
       9
      19
      16
      12
      17
      12
      12
      20
      12
      20
      14
      11
      16
      16
       9
       9
      13
      14
      11
      21
      15
      15
      14
      11
       8
      21
      17
      20
       4
      19
      15
      10
      20
      11
      18
      10
      15
      12
      12
      21
      16
      14
      13
      12
      12
      13
      18
      20
      13
      15
      17
      16
      15
      11
      16
      19
      16
      13
      18
      19
      18
      16
      12
      21
      29
      12
      12
      15
      14
      12
       5
      14
      18
      22
      20
      14
      11
      22
      20
      17
      16
       7
      14
      13
      16
      13
      12
      12
      16
      16
      11
      16
       6
       8
      14
      14
      12
      10
      14
      12
       8
      14
      12
       9
      11
      18
      11
      16
      13
      17
      11
      12
      14
      18
      12
      17
      12
      12
      14
      18
      20
      25
      16
      11
      23
      10
      15
      13
      20
      12
       9
      24
      12
      11
      14
       8
      14
      11
       8
       7
      16
      12
      14
      17
      13
      12
      15
      14
      13
      17
      12
      17
      15
      19
      16
      23
      18
       8
      20
      10
      12
      18
      21
      11
      12
      14
      11
      18
      12
      31
      14
      14
      20
      17
       9
       7
      13
      17
      11
      13
      18
      15
      12
      19
       9
      13
      19
      13
      11
      12
      13
      14
      11
      26
      19
      12
      11
      25
      13
      12
      20
      11
      17
      15
       7
      10
      14
      12
      10
      16
       9
      14
       9
      11
      17
      12
      12
      11
      11
      21
       9
      16
      13
      12
      12
      20
       8
      12
      16
      16
      16
      12
      16
      13
      12
      16
      13
      11
      12
      16
      15
      17
      14
      17
      16
      17
      17
      11
      13
      21
      13
      13
      22
      10
      13
      17
      11
      18
      21
       8
      17
      13
      14
      18
      17
      10
      12
      15
       7
       8
      19
      21
      15
      13
      15
      13
       8
      14
      17
      13
       8
      21
      14
       8
      10
      14
      12
      16
      25
      20
      17
      18
      12
      15
      12
      20
      11
      24
      17
      14
      20
      10
      21
      13
      14
      17
      13
      16
      16
      10
      13
      16
      12
      15
      10
      14
      20
      16
      11
      17
      15
      17
      13
      11
      10
       7
      14
      20
      18
      18
      11
      14
      16
      17
      16
      17
       6
      14
      12
      10
      24
       7
       9
      16
      12
      20
      10
      11
      10
      16
      19
      16
      15
      11
      22
      21
      16
      17
      17
       9
      12
      12
       9
      11
      18
      13
      10
      16
      13
      17
      14
      15
      11
      15
       9
      13
      13
       5
      10
      16
      15
      13
      12
       9
      14
      16
      10
      17
       9
      15
      10
      13
      13
      13
      11
       8
      17
      11
      18
      13
      13
      13
      21
      12
       9
      13
      10
       8
      13
      14
       7
      15
      18
      12
      11
       9
      15
      16
      13
      13
      18
      14
      16
      17
      16
      16
      18
      20
      10
      15
      16
      11
      15
       9
       7
      12
      16
      15
      20
      16
      12
      14
      17
      13
      12
      13
       8
      14
       6
      11
      18
      10
      15
      11
      14
      20
      13
      11
      15
      18
      12
      14
      18
      13
      11
      19
      15
      15
      11
      12
      10
      10
      10
      18
      16
       9
      12
      13
      11
      20
      12
      12
      18
      18
      12
      19
      11
      11
      19
      13
      18
      12
      12
      14
      16
      18
       8
      12
      11
      15
      19
      12
      23
      14
      13
      10
      20
       9
      15
      13
      16
      12
       4
      20
       9
      12
      15
      13
      13
      15
      14
       9
      14
      10
      17
      10
      18
      10
      11
      16
      10
      20
      14
      16
      11
      13
      13
      17
      16
      13
       9
      13
      16
      14
      10
      14
      15
      12
      14
      16
      22
      15
      20
      12
       8
      11
      12
      22
      19
       9
      16
      12
      18
      16
      15
      10
      19
      16
      21
      10
      15
      13
      14
       9
      12
      11
      17
      16
      15
      16
      23
      13
       9
      15
      11
      18
      16
      11
      10
      16
      12
      18
      19
       9
      16
      17
      14
      19
      21
       9
      22
      13
      19
      17
      19
      15
      22
      13
      14
      22
      18
      16
      23
      15
      20
      15
      26
      17
      14
      12
      15
      19
      15
      14
      20
      13
      14
      16
      14
      13
       9
      23
      16
      18
      13
      15
      10
      10
      16
       9
      16
      11
      13
      10
      18
      23
      16
       8
      15
      20
      12
      18
      16
      14
      13
      18
      21
      21
      16
      18
      16
      17
      17
      13
      18
      16
      11
      14
      12
      18
      14
      20
      16
      29
      12
      13
      14
      14
      18
      23
      16
      13
      13
      17
      19
      15
      14
      18
      14
      17
      12
      22
      15
      10
      20
      12
      24
      12
      20
      19
      18
      13
      16
      19
      18
      16
      17
      15
      18
      19
      17
      18
      15
      22
      19
      10
      22
      10
      22
      13
      18
      29
       9
       9
      14
      18
      20
      18
      13
      15
      12
       9
      32
      11
      17
      17
      18
      19
      18
      19
      17
      18
      19
       9
      11
      16
      12
      22
      19
      18
      13
      10
      18
      18
      23
      16
      20
      13
      16
      11
      21
      12
      11
      16
      18
      23
      20
       8
      20
      22
      20
      22
      13
      19
      16
      21
      17
      18
      17
      20
      16
      19
      20
      16
      16
      10
      10
      21
      21
      12
      17
      17
      13
      10
      15
      19
      10
      13
      15
      19
      12
      24
      20
      10
      19
      15
      14
      19
      17
      17
      15
      14
      13
      12
      16
      15
      16
      13
      28
      24
      14
       7
      18
      20
      12
      20
      17
      25
      24
      30
      15
      17
      12
      22
      16
      22
      15
      14
      22
      23
      16
      19
      25
      17
      23
      11
      19
      18
      10
      18
      11
      25
      20
      15
      18
      17
      21
      14
      20
      26
      16
      18
      22
      22
      17
      14
      19
      20
      17
      17
      14
      19
      20
      28
      13
      21
      11
      23
      16
      23
      15
      17
      11
      19
      18
      30
      17
      25
      21
      12
      28
      19
      24
      16
      19
      15
      20
      21
      19
      24
      10
      19
      12
      17
      16
      14
      15
      18
      21
      19
      20
      21
      22
      16
      20
      18
      23
      14
      22
      15
      20
      18
      23
      23
      19
      16
      27
      18
      15
      17
      19
      17
      26
      20
      25
      21
      23
      21
      21
      18
      20
      14
      15
      25
      15
      18
      23
       7
      25
      29
      20
      16
      25
      20
      19
      11
      22
      24
      13
      20
      16
      21
      21
      23
      18
      20
      16
      28
      21
      19
      22
      23
      22
      11
      20
      14
      25
      17
      27
      21
      18
      19
      18
      20
      17
      20
      23
      17
      26
      11
      15
      16
      19
      11
      24
      13
      15
      13
      28
      20
      17
      25
      21
      21
      24
      10
      18
      29
      19
      21
      25
      23
      22
      23
      15
      22
      22
      22
      18
      26
      16
      18
      20
      20
      21
      23
      25
      24
      17
      22
      25
      30
      24
      23
      21
      24
      16
      19
      12
      18
      25
      22
      24
      17
      22
      24
      22
      25
      19
      17
      27
      19
      23
      24
      25
      27
      16
      19
      14
      21
      18
      14
      20
      19
      16
      17
      27
      20
      22
      25
      27
      17
      29
      23
      33
      25
      27
      27
      28
      22
      21
      20
      17
      19
      27
      20
      18
      28
      19
      17
      31
      14
      26
      20
      28
      25
      28
      27
      20
      20
      15
      17
      23
      18
      22
      16
      24
      30
      19
      20
      26
      14
      23
      18
      14
      20
      22
      27
      16
      25
      21
      33
      25
      32
      27
      18
      15
      35
      21
      24
      24
      12
      19
      23
      23
      29
      24
      23
      18
      22
      30
      23
      21
      21
      29
      20
      23
      23
      25
      19
      32
      22
      34
      24
      15
      22
      26
      18
      24
      18
      29
      16
      17
      24
      21
      26
      15
      25
      20
      21
      20
      33
      24
      22
      30
      28
      21
      22
      18
      18
      22
      15
      30
      22
      23
      20
      24
      24
      29
      25
      27
      17
      19
      26
      19
      33
      23
      24
      23
      24
      23
      18
      27
      25
      29
      24
      22
      24
      24
      21
      27
      31
      30
      26
      18
      29
      30
      29
      27
      23
      20
      22
      27
      33
      23
      27
      24
      21
      28
      27
      15
      17
      31
      19
      26
      31
      22
      30
      21
      29
      23
      22
      25
      20
      21
      25
      27
      24
      34
      39
      17
      27
      20
      32
      23
      25
      19
      20
      23
      20
      18
      27
      22
      19
      24
      29
      23
      26
      35
      24
      26
      29
      18
      25
      28
      35
      30
      24
      27
      27
      33
      30
      29
      25
      26
      22
      19
      25
      26
      27
      23
      20
      18
      32
      29
      19
      24
      17
      23
      27
      23
      21
      29
      27
      27
      25
      18
      24
      27
      34
      26
      18
      34
      26
      22
      27
      23
      17
      24
      25
      31
      27
      25
      21
      20
      25
      26
      32
      24
      25
      19
      33
      21
      17
      28
      24
      26
      18
      21
      31
      39
      26
      21
      22
      24
      24
      32
      25
      26
      15
      26
      20
      29
      24
      20
      38
      16
      37
      32
      31
      34
      28
      36
      29
      32
      27
      24
      26
      27
      16
      27
      20
      22
      22
      26
      18
      34
      24
      26
      15
      31
      25
      21
      28
      27
      19
      24
      30
      31
      26
      31
      26
      23
      32
      21
      30
      17
      25
      23
      34
      30
      26
      27
      21
      34
      32
      25
      17
      30
      25
      26
      30
      33
      23
      33
      32
      29
      27
      29
      34
      30
      33
      33
      16
      21
      36
      38
      30
      22
      28
      26
      32
      32
      30
      33
      22
      29
      22
      23
      31
      29
      35
      33
      35
      20
      26
      24
      24
      22
      23
      26
      33
      36
      28
      35
      26
      37
      22
      27
      32
      30
      26
      20
      31
      28
      19
      24
      28
      23
      33
      22
      36
      40
      29
      25
      30
      27
      26
      29
      27
      29
      37
      28
      22
      29
      25
      41
      38
      29
      31
      39
      24
      34
      38
      29
      31
      24
      27
      28
      25
      34
      27
      24
      32
      40
      30
      32
      23
      27
      29
      26
      31
      26
      30
      26
      30
      30
      34
      24
      30
      22
      24
      26
      34
      20
      20
      29
      34
      29
      30
      21
      27
      35
      28
      31
      36
      36
      23
      25
      25
      29
      24
      23
      23
      29
      25
      29
      23
      29
      30
      28
      37
      32
      30
      34
      25
      30
      34
      31
      34
      24
      27
      32
      43
      32
      34
      30
      30
      24
      31
      31
      24
      32
      47
      31
      36
      29
      34
      32
      30
      37
      34
      21
      25
      34
      25
      39
      38
      36
      24
      31
      23
      27
      27
      31
      28
      33
      25
      29
      24
      24
      28
      25
      23
      21
      35
      20
      27
      38
      36
      24
      28
      31
      33
      32
      30
      24
      28
      33
      31
      30
      26
      32
      22
      29
      30
      28
      36
      25
      43
      27
      30
      28
      30
      30
      36
      43
      31
      29
      30
      38
      27
      25
      48
      27
      25
      33
      32
      29
      24
      30
      42
      32
      33
      51
      35
      36
      33
      41
      36
      33
      31
      40
      33
      31
      37
      37
      37
      33
      36
      38
      40
      40
      29
      26
      31
      30
      35
      36
      30
      41
      39
      31
      45
      31
      46
      29
      35
      41
      33
      37
      28
      36
      27
      41
      29
      39
      33
      30
      26
      33
      30
      27
      31
      32
      32
      39
      34
      29
      36
      23
      32
      34
      27
      28
      38
      34
      30
      39
      24
      49
      36
      35
      28
      35
      25
      31
      31
      30
      21
      31
      29
      28
      26
      35
      36
      27
      32
      39
      44
      35
      25
      49
      26
      32
      32
      30
      43
      22
      41
      38
      31
      28
      39
      47
      46
      50
      39
      43
      31
      42
      43
      40
      62
      48
      32
      41
      39
      30
      39
      40
      42
      31
      42
      50
      49
      36
      45
      38
      56
      35
      47
      37
      40
      42
      43
      39
      38
      39
      33
      46
      46
      43
      34
      27
      33
      31
      43
      33
      39
      34
      39
      32
      35
      32
      28
      26
      39
      30
      41
      40
      28
      28
      30
      44
      38
      32
      35
      36
      37
      32
      48
      45
      32
      42
      28
      29
      28
      38
      35
      32
      41
      28
      38
      43
      32
      33
      35
      30
      31
      38
      36
      27
      32
      42
      45
      22
      29
      42
      39
      34
      36
      30
      37
      36
      26
      32
      28
      29
      39
      31
      36
      35
      35
      44
      45
      51
      39
      39
      40
      41
      40
      39
      48
      45
      36
      39
      34
      40
      48
      38
      25
      62
      44
      48
      41
      51
      45
      35
      46
      47
      33
      38
      33
      42
      43
      41
      34
      43
      42
      25
      41
      29
      39
      35
      38
      34
      37
      48
      30
      35
      37
      36
      37
      34
      29
      23
      37
      42
      30
      40
      34
      46
      43
      35
      40
      28
      27
      43
      47
      34
      36
      43
      40
      34
      37
      32
      32
      28
      33
      23
      28
      24
      38
      37
      36
      28
      36
      36
      43
      31
      32
      45
      29
      35
      34
      36
      23
      50
      35
      24
      33
      36
      33
      29
      34
      36
      35
      38
      31
      34
      43
      40
      39
      42
      31
      37
      34
      39
      31
      31
      30
      35
      30
      38
      27
      35
      36
      37
      31
      46
      39
      37
      32
      29
      41
      32
      36
      37
      32
      35
      36
      37
      39
      36
      39
      38
      35
      42
      46
      31
      27
      36
      36
      34
      34
      37
      52
      34
      33
      27
      22
      36
      38
      21
      41
      36
      40
      27
      25
      28
      33
      34
      34
      36
      33
      36
      42
      34
      29
      26
      40
      39
      33
      24
      34
      33
      27
      46
      41
      40
      42
      32
      37
      40
      37
      38
      37
      45
      34
      24
      35
      35
      44
      28
      38
      32
      42
      33
      29
      22
      39
      28
      22
      40
      25
      39
      41
      46
      31
      41
      43
      46
      33
      44
      35
      35
      43
      36
      40
      37
      35
      43
      46
      38
      28
      42
      34
      36
      38
      34
      40
      35
      39
      46
      38
      43
      44
      47
      41
      45
      46
      48
      41
      38
      33
      52
      38
      40
      42
      38
      51
      39
      38
      36
      33
      37
      54
      52
      36
      40
      34
      28
      34
      39
      46
      28
      36
      35
      39
      37
      39
      32
      48
      37
      40
      54
      54
      26
      35
      38
      49
      37
      49
      47
      38
      35
      39
      38
      47
      41
      39
      40
      46
      44
      41
      46
      39
      49
      42
      37
      48
      36
      59
      40
      35
      38
      55
      48
      36
      40
      54
      51
      52
      38
      46
      48
      45
      54
      47
      56
      42
      53
      55
      37
      38
      46
      50
      52
      54
      40
      52
      33
      56
      45
      46
      47
      41
      52
      61
      53
      54
      52
      36
      44
      49
      58
      43
      34
      47
      58
      57
      55
      49
      43
      62
      56
      56
      58
      45
      45
      46
      48
      45
      52
      56
      48
      57
      54
      54
      48
      49
      50
      60
      60
      42
      45
      66
      42
      41
      64
      48
      60
      50
      47
      56
      53
      45
      59
      41
      37
      58
      50
      58
      50
      58
      52
      45
      62
      39
      56
      65
      54
      42
      61
      52
      56
      52
      61
      40
      56
      70
      52
      52
      54
      53
      70
      45
      58
      54
      63
      62
      54
      51
      46
      52
      63
      58
      50
      60
      50
      57
      64
      66
      38
      50
      50
      63
      43
      51
      54
      55
      59
      52
      61
      64
      50
      62
      63
      54
      53
      55
      34
      51
      50
      58
      54
      50
      51
      48
      63
      45
      36
      46
      53
      47
      47
      67
      42
      51
      58
      56
      41
      41
      56
      53
      55
      53
      46
      60
      57
      52
      62
      45
      58
      52
      47
      44
      60
      55
      44
      55
      56
      46
      53
      47
      52
      66
      57
      60
      49
      72
      52
      54
      49
      48
      54
      60
      62
      42
      52
      56
      47
      64
      61
      66
      57
      44
      60
      57
      52
      69
      64
      46
      57
      53
      57
      56
      60
      60
      58
      61
      70
      59
      56
      69
      43
      48
      62
      53
      52
      46
      69
      47
      66
      56
      54
      56
      73
      50
      59
      65
      63
      56
      45
      56
      60
      66
      58
      65
      57
      60
      73
      49
      62
      55
      52
      56
      56
      62
      58
      63
      52
      61
      45
      51
      42
      57
      57
      52
      55
      70
      44
      50
      44
      53
      53
      53
      58
      52
      52
      50
      52
      64
      49
      53
      66
      63
      51
      61
      57
      54
      58
      62
      49
      51
      55
      44
      57
      56
      54
      51
      51
      54
      47
      43
      58
      63
      52
      62
      61
      50
      51
      62
      47
      50
      52
      56
      58
      56
      54
      48
      60
      64
      52
      50
      60
      57
      54
      57
      67
      44
      60
      69
      52
      54
      61
      41
      52
      60
      66
      53
      39
      58
      55
      55
      61
      49
      65
      39
      54
      62
      72
      61
      53
      58
      56
      61
      51
      58
      63
      58
      61
      52
      52
      69
      54
      61
      59
      61
      52
      51
      63
      47
      53
      78
      59
      62
      68
      61
      60
      58
      45
      58
      48
      56
      57
      52
      63
      61
      60
      68
      47
      53
      64
      51
      38
      60
      73
      51
      53
      49
      68
      59
      60
      48
      59
      62
      66
      56
      57
      72
      62
      70
      65
      58
      69
      54
      56
      55
      60
      63
      47
      53
      53
      54
      62
      60
      53
      47
      50
      48
      59
      55
      55
      51
      61
      58
      58
      54
      73
      62
      53
      54
      56
      55
      62
      63
      63
      67
      58
      56
      65
      57
      47
      51
      59
      76
      62
      51
      47
      64
      57
      57
      56
      58
      62
      70
      60
      64
      46
      62
      56
      54
      53
      66
      53
      71
      67
      61
      44
      59
      69
      52
      67
      48
      57
      58
      57
      70
      48
      61
      51
      57
      62
      61
      62
      71
      59
      48
      56
      64
      64
      72
      61
      56
      51
      58
      70
      61
      64
      66
      62
      57
      62
      51
      59
      67
      54
      68
      41
      56
      60
      60
      52
      50
      60
      49
      67
      67
      73
      62
      63
      63
      57
      56
      52
      66
      57
      57
      57
      60
      67
      49
      47
      56
      57
      48
      70
      57
      55
      57
      61
      65
      56
      73
      61
      61
      66
      67
      58
      57
      60
      65
      69
      55
      67
      63
      66
      49
      53
      53
      64
      59
      52
      54
      55
      53
      60
      37
      60
      56
      58
      62
      64
      63
      65
      52
      59
      48
      53
      50
      65
      52
      52
      58
      58
      49
      52
      56
      40
      63
      64
      54
      56
      54
      62
      49
      47
      58
      54
      47
      53
      56
      67
      48
      47
      56
      63
      66
      54
      52
      61
      60
      69
      47
      53
      58
      62
      55
      60
      55
      60
      47
      61
      62
      58
      64
      51
      58
      68
      59
      53
      45
      69
      51
      53
      54
      65
      42
      58
      38
      56
      45
      52
      60
      51
      47
      48
      64
      63
      49
      52
      58
      45
      56
      55
      55
      44
      55
      47
      72
      59
      49
      56
      54
      65
      51
      47
      54
      52
      52
      64
      44
      54
      60
      64
      63
      53
      48
      62
      53
      62
      63
      50
      58
      43
      56
      53
      59
      54
      49
      64
      62
      58
      56
      66
      51
      52
      78
      49
      49
      57
      52
      54
      56
      57
      75
      59
      47
      57
      54
      58
      39
      49
      63
      51
      45
      46
      64
      65
      46
      67
      53
      49
      50
      38
      50
      53
      53
      47
      51
      50
      53
      60
      51
      51
      44
      47
      51
      42
      41
      50
      69
      57
      65
      46
      49
      61
      52
      52
      47
      45
      62
      59
      45
      57
      61
      70
      48
      42
      56
      51
      48
      58
      57
      50
      43
      58
      49
      51
      48
      58
      50
      56
      40
      58
      53
      59
      37
      62
      55
      54
      57
      50
      68
      58
      63
      58
      38
      53
      63
      46
      57
      50
      55
      60
      57
      57
      52
      63
      52
      59
      49
      66
      47
      45
      56
      40
      54
      45
      48
      42
      57
      47
      50
      58
      66
      58
      55
      53
      56
      61
      45
      51
      63
      52
      48
      52
      49
      43
      53
      40
      53
      54
      42
      61
      52
      52
      53
      42
      72
      51
      50
      52
      50
      54
      69
      57
      45
      62
      54
      41
      41
      61
      61
      68
      53
      63
      53
      53
      59
      49
      40
      59
      48
      46
      59
      50
      51
      54
      55
      51
      40
      50
      53
      52
      52
      51
      70
      78
      54
      55
      57
      49
      40
      52
      65
      59
      50
      32
      57
      61
      61
      52
      46
      58
      48
      48
      46
      40
      56
      52
      55
      50
      71
      50
      55
      57
      54
      44
      55
      44
      55
      56
      64
      47
      57
      36
      58
      56
      49
      67
      58
      56
      52
      46
      63
      55
      60
      57
      54
      51
      52
      47
      53
      54
      59
      56
      53
      41
      56
      47
      47
      56
      43
      36
      62
      58
      51
      44
      46
      56
      57
      55
      59
      72
      49
      41
      45
      63
      41
      68
      49
      57
      51
      49
      46
      54
      54
      48
      49
      57
      43
      67
      48
      62
      42
      50
      46
      51
      47
      45
      59
      56
      52
      54
      38
      52
      47
      44
      47
      47
      54
      49
      56
      55
      43
      43
      49
      47
      60
      47
      62
      48
      47
      54
      49
      45
      64
      53
      59
      40
      55
      52
      59
      52
      53
      59
      50
      60
      48
      42
      56
      52
      50
      47
      45
      60
      66
      47
      43
      56
      59
      46
      60
      51
      56
      54
      46
      50
      44
      58
      49
      50
      62
      40
      48
      47
      49
      33
      54
      48
      57
      69
      45
      42
      57
      54
      57
      58
      55
      66
      58
      53
      46
      39
      48
      61
      48
      46
      57
      60
      50
      55
      40
      57
      54
      39
      54
      36
      44
      53
      47
      61
      68
      57
      59
      54
      61
      44
      55
      47
      52
      54
      58
      38
      47
      44
      61
      65
      48
      48
      55
      65
      48
      50
      49
      67
      49
      53
      46
      57
      47
      46
      60
      68
      48
      46
      52
      56
      58
      48
      52
      56
      49
      53
      58
      38
      52
      46
      56
      54
      56
      66
      45
      44
      58
      45
      52
      54
      68
      52
      45
      42
      48
      40
      43
      45
      49
      52
      57
      50
      60
      49
      55
      57
      38
      57
      46
      55
      61
      36
      65
      55
      46
      53
      56
      51
      46
      46
      56
      41
      52
      45
      44
      52
      61
      53
      53
      41
      47
      53
      51
      60
      51
      48
      68
      63
      59
      59
      65
      53
      49
      52
      55
      58
      56
      55
      52
      61
      60
      56
      36
      56
      53
      52
      59
      58
      46
      69
      45
      58
      42
      50
      51
      50
      48
      51
      48
      70
      47
      51
      51
      66
      54
      44
      38
      46
      55
      53
      50
      53
      49
      52
      48
      44
      46
      52
      42
      53
      52
      54
      48
      36
      52
      48
      52
      52
      51
      53
      49
      55
      58
      61
      56
      54
      50
      55
      56
      63
      53
      52
      54
      58
      63
      69
      61
      45
      57
      44
      54
      41
      56
      59
      63
      54
      60
      41
      59
      53
      44
      61
      50
      60
      50
      40
      49
      52
      46
      65
      59
      53
      58
      49
      52
      60
      61
      43
      52
      55
      56
      44
      46
      57
      48
      52
      38
      53
      40
      50
      59
      48
      53
      52
      48
      41
      62
      54
      54
      61
      47
      65
      60
      54
      50
      53
      52
      58
      52
      52
      45
      49
      48
      49
      41
      53
      52
      51
      56
      45
      59
      42
      47
      65
      37
      59
      47
      52
      63
      49
      67
      60
      47
      55
      47
      52
      53
      59
      49
      50
      56
      67
      56
      57
      43
      50
      47
      62
      56
      41
      71
      49
      56
      45
      43
      53
      54
      63
      55
      54
      61
      43
      56
      49
      66
      48
      50
      56
      52
      55
      56
      57
      57
      55
      46
      48
      49
      60
      55
      56
      54
      56
      62
      49
      63
      58
      46
      43
      55
      46
      51
      44
      55
      73
      45
      50
      54
      47
      55
      60
      50
      49
      42
      43
      43
      57
      40
      51
      48
      58
      40
      56
      37
      43
      53
      47
      53
      66
      59
      46
      47
      37
      51
      68
      67
      50
      43
      49
      50
      63
      49
      56
      54
      49
      44
      56
      42
      57
      56
      44
      46
      46
      53
      55
      52
      62
      62
      39
      57
      45
      41
      36
      50
      50
      50
      58
      47
      53
      53
      53
      60
      55
      41
      58
      62
      52
      57
      40
      57
      62
      48
      48
      61
      64
      51
      56
      42
      57
      55
      52
      57
      54
      62
      45
      42
      55
      51
      72
      50
      47
      44
      50
      48
      54
      69
      60
      67
      56
      63
      59
      57
      67
      46
      54
      40
      52
      51
      59
      53
      63
      57
      58
      47
      65
      47
      53
      41
      51
      56
      73
      59
      51
      61
      61
      59
      55
      54
      48
      48
      59
      45
      42
      48
      45
      50
      43
      56
      52
      49
      67
      62
      51
      50
      63
      58
      47
      49
      50
      75
      55
      48
      68
      61
      53
      47
      53
      43
      53
      54
      60
      53
      46
      55
      67
      49
      44
      60
      61
      55
      59
      51
      54
      56
      47
      62
      55
      55
      53
      49
      47
      53
      56
      51
      57
      49
      47
      62
      57
      62
      52
      52
      51
      64
      54
      59
      67
      48
      54
      49
      48
      69
      65
      58
      49
      65
      58
      52
      51
      46
      67
      55
      58
      48
      53
      57
      47
      58
      53
      57
      52
      55
      51
      52
      50
      51
      52
      57
      40
      65
      50
      42
      57
      57
      52
      57
      59
      51
      54
      66
      47
      54
      47
      59
      50
      58
      53
      60
      35
      42
      53
      53
      55
      53
      54
      53
      64
      67
      52
      44
      47
      43
      46
      66
      52
      40
      50
      67
      45
      57
      57
      55
      56
      56
      57
      57
      49
      39
      51
      60
      63
      52
      49
      58
      47
      57
      70
      64
      43
      51
      57
      52
      52
      47
      43
      45
      49
      39
      46
      48
      57
      55
      59
      43
      64
      59
      44
      50
      56
      55
      63
      56
      47
      58
      53
      37
      49
      47
      42
      47
      54
      54
      71
      45
      52
      50
      64
      47
      47
      45
      60
      47
      58
      58
      49
      51
      48
      54
      60
      42
      42
      45
      53
      50
      54
      39
      53
      42
      61
      50
      52
      68
      54
      52
      60
      54
      61
      57
      50
      48
      60
      48
      61
      46
      66
      52
      70
      53
      70
      49
      46
      44
      59
      46
      53
      53
      56
      60
      61
      44
      55
      56
      62
      47
      50
      54
      37
      55
      59
      61
      52
      48
      53
      69
      58
      70
      52
      66
      49
      57
      51
      54
      43
      53
      56
      45
      64
      43
      49
      52
      60
      72
      67
      59
      46
      61
      50
      63
      73
      44
      57
      64
      53
      46
      52
      55
      58
      56
      69
      62
      50
      58
      48
      55
      65
      74
      54
      48
      63
      50
      50
      47
      50
      53
      58
      59
      54
      70
      52
      58
      56
      67
      52
      59
      40
      53
      58
      63
      74
      59
      66
      51
      59
      56
      66
      71
      56
      60
      71
      68
      63
      62
      61
      74
      58
      59
      53
      67
      59
      50
      73
      50
      64
      58
      60
      63
      56
      69
      51
      69
      60
      58
      51
      62
      64
      41
      60
      64
      69
      68
      67
      70
      52
      63
      75
      60
      62
      70
      66
      58
      70
      61
      72
      63
      71
      68
      76
      69
      73
      70
      62
      70
      59
      67
      71
      65
      59
      75
      78
      65
      78
      71
      79
      69
      83
      87
      86
      80
      66
      68
      73
      75
      71
      65
      89
      77
     102
     108
      87
     106
     102
      75
     110
     120
     112
     112
     121
     126
     150
     142
     137
     154
     183
     176
     215
     177
     232
     253
     234
     260
     306
     307
     371
     396
     420
     433
     492
     569
     595
     677
     699
     791
     766
     815
     909
    1030
    1123
    1142
    1239
    1351
    1518
    1618
    1668
    1720
    1852
    1981
    2061
    2184
    2233
    2411
    2539
    2675
    2730
    2820
    2926
    3026
    3158
    3357
    3377
    3402
    3452
    3481
    3613
    3645
    3631
    3640
    3572
    3618
    3656
    3681
    3543
    3489
    3560
    3492
    3464
    3366
    3298
    3215
    3066
    2962
    2858
    2828
    2722
    2575
    2556
    2366
    2210
    2127
    2061
    1881
    1900
    1668
    1545
    1539
    1355
    1324
    1210
    1144
    1107
     904
     872
     806
     747
     686
     599
     554
     499
     425
     443
     351
     382
     337
     282
     249
     241
     197
     173
     185
     160
     152
     119
      99
     122
      89
      83
      65
      82
      69
      59
      76
      72
      48
      46
      53
      54
      41
      34
      49
      39
      40
      33
      38
      29
      34
      40
      43
      22
      23
      23
      35
      39
      33
      19
      21
      29
      33
      22
      32
      25
      30
      23
      21
      24
      30
      32
      27
      24
      26
      36
      34
      28
      24
      28
      27
      34
      29
      33
      26
      25
      23
      38
      26
      34
      33
      38
      29
      23
      36
      33
      26
      25
      38
      26
      25
      30
      22
      29
      26
      28
      32
      40
      27
      30
      32
      24
      26
      23
      29
      30
      29
      18
      38
      38
      32
      37
      43
      24
      35
      24
      30
      30
      29
      28
      23
      42
      34
      29
      38
      36
      33
      28
      31
      21
      24
      20
      39
      27
      32
      38
      26
      31
      26
      26
      33
      36
      20
      28
      28
      35
      22
      18
      37
      35
      30
      27
      27
      30
      26
      37
      28
      29
      29
      30
      17
      36
      33
      32
      26
      21
      26
      31
      22
      23
      24
      36
      34
      34
      24
      33
      32
      20
      26
      23
      27
      23
      35
      31
      22
      36
      31
      27
      28
      23
      27
      20
      21
      30
      36
      30
      33
      28
      20
      25
      32
      30
      30
      27
      27
      27
      29
      34
      22
      25
      35
      34
      27
      22
      20
      34
      28
      30
      27
      27
      24
      33
      33
      36
      30
      21
      29
      24
      34
      30
      26
      29
      19
      27
      31
      26
      30
      23
      35
      25
      26
      28
      21
      28
      19
      25
      14
      26
      33
      33
      20
      23
      27
      34
      22
      32
      32
      37
      36
      31
      29
      21
      23
      31
      26
      31
      19
      39
      37
      34
      30
      28
      25
      19
      27
      27
      28
      33
      28
      34
      26
      28
      17
      25
      26
      29
      28
      29
      26
      29
      22
      30
      30
      29
      30
      28
      29
      27
      18
      30
      30
      40
      36
      32
      40
      26
      34
      25
      30
      30
      26
      24
      28
      36
      32
      23
      26
      28
      24
      28
      25
      34
      34
      23
      22
      28
      25
      30
      24
      35
      31
      25
      27
      25
      25
      21
      33
      29
      29
      23
      32
      29
      27
      17
      32
      29
      32
      34
      23
      21
      22
      24
      31
      28
      21
      20
      31
      28
      31
      26
      31
      33
      37
      20
      30
      23
      34
      19
      23
      29
      35
      30
      26
      28
      28
      22
      29
      23
      28
      28
      31
      20
      32
      30
      30
      25
      32
      28
      35
      26
      23
      28
      37
      26
      28
      29
      25
      24
      27
      32
      22
      25
      27
      31
      39
      26
      23
      38
      28
      18
      23
      26
      29
      24
      23
      21
      26
      29
      24
      24
      19
      25
      19
      28
      27
      27
      26
      33
      34
      31
      22
      31
      20
      26
      32
      32
      22
      38
      23
      31
      24
      19
      15
      24
      32
      26
      31
      35
      30
      25
      28
      22
      23
      27
      27
      32
      35
      23
      27
      24
      22
      26
      21
      29
      29
      24
      21
      29
      31
      28
      32
      32
      35
      26
      21
      31
      30
      26
      25
      25
      17
      30
      23
      28
      30
      32
      38
      24
      35
      24
      28
      24
      25
      33
      31
      27
      26
      17
      23
      22
      16
      20
      28
      30
      24
      28
      25
      31
      28
      31
      23
      16
      28
      27
      30
      22
      28
      25
      27
      24
      29
      36
      25
      24
      30
      27
      26
      21
      31
      23
      32
      25
      25
      22
      22
      27
      36
      28
      23
      29
      35
      27
      23
      27
      30
      24
      21
      27
      28
      23
      24
      19
      23
      30
      31
      24
      24
      24
      25
      35
      29
      36
      24
      26
      30
      16
      37
      29
      24
      28
      27
      34
      30
      19
      30
      38
      31
      28
      22
      28
      27
      24
      25
      40
      31
      35
      28
      27
      15
      30
      33
      30
      24
      24
      27
      25
      23
      23
      29
      18
      30
      21
      29
      14
      26
      24
      41
      32
      30
      24
      38
      25
      17
      26
      32
      29
      21
      40
      29
      28
      18
      25
      28
      28
      28
      27
      27
      23
      29
      25
      32
      40
      31
      26
      28
      27
      36
      31
      31
      31
      28
      33
      34
      30
      32
      42
      27
      25
      37
      37
      47
      36
      35
      29
      38
      43
      36
      47
      39
      45
      46
      51
      46
      48
      46
      48
      41
      56
      75
      47
      69
      80
      79
      91
      92
     110
     114
     105
     125
     109
     139
     140
     152
     169
     178
     182
     206
     212
     210
     236
     240
     262
     277
     325
     282
     329
     336
     347
     375
     385
     365
     390
     413
     419
     423
     417
     463
     493
     475
     468
     510
     482
     479
     517
     479
     502
     488
     482
     469
     488
     466
     451
     489
     439
     407
     376
     424
     389
     346
     380
     339
     332
     315
     304
     273
     268
     259
     212
     252
     208
     238
     220
     185
     159
     170
     163
     147
     122
     140
     116
     130
     109
      90
      99
      90
      73
      70
      49
      58
      63
      53
      58
      45
      49
      46
      44
      52
      35
      42
      23
      32
      28
      41
      46
      42
      28
      29
      27
      30
      25
      26
      25
      25
      18
      23
      25
      23
      24
      17
      24
      25
      25
      28
      16
      26
      18
      22
      23
      27
      22
      21
      23
      25
      16
      34
      22
      25
      22
      24
      24
      26
      18
      25
      27
      17
      25
      27
      28
      20
      35
      28
      23
      24
      23
      29
      19
      23
      19
      21
      31
      17
      20
      30
      19
      18
      13
      18
      26
      27
      24
      28
      17
      20
      19
      25
      24
      22
      25
      16
      22
      26
      27
      15
      28
      28
      22
      26
      20
      34
      25
      18
      23
      18
      26
      24
      16
      20
      22
      24
      28
      17
      26
      20
      24
      18
      22
      26
      22
      21
      22
      21
      31
      24
      17
      23
      12
      31
      27
      26
      21
      24
      29
      29
      24
      21
      25
      20
      26
      34
      25
      12
      32
      21
      17
      24
      25
      29
      25
      29
      24
      23
      16
      31
      19
      19
      20
      20
      20
      23
      32
      22
      26
      19
      32
      23
      22
      24
      22
      20
      26
      20
      23
      29
      21
      22
      17
      26
      20
      17
      19
      22
      22
      24
      28
      21
      18
      22
      22
      20
      34
      23
      27
      21
      30
      19
      16
      22
      18
      20
      25
      14
      19
      27
      29
      14
      21
      26
      22
      27
      23
      18
      22
      25
      18
      21
      28
      21
      15
      26
      28
      16
      19
      21
      23
      29
      21
      21
      13
      24
      24
      20
      20
      25
      35
      17
      21
      20
      32
      13
      25
      20
      13
      17
      23
      19
      18
      26
      17
      23
      25
      17
      22
      19
      22
      16
      23
      21
      28
      19
      13
      20
      20
      26
      28
      30
      24
      20
      25
      19
      28
      24
      23
      25
      20
      27
      18
      20
      24
      20
      25
      23
      21
      19
      28
      22
      22
      15
      19
      20
      25
      18
      24
      20
      24
      22
      17
      19
      26
      17
      24
      19
      27
      20
      22
      22
      21
      15
      28
      20
      23
      25
      23
      13
      23
      24
      13
      19
      28
      24
      20
      20
      25
      30
      25
      26
      20
      23
      18
      28
      26
      21
      21
      25
      16
      18
      19
      24
      19
      20
      13
      27
      22
      28
      14
      30
      25
      17
      18
      15
      15
      18
      18
      21
      19
      14
      24
      19
      17
      18
      18
      19
      17
      29
      18
      20
      26
      24
      21
      16
      26
      26
      21
      16
      23
      26
      21
      19
      22
      28
      14
      16
      29
      22
      23
      24
      22
      20
      22
      22
      16
      17
      21
      22
      24
      29
      31
      18
      24
      12
      20
      19
      23
      20
      17
      18
      10
      12
      27
      20
      18
      18
      31
      20
      27
      18
      23
      25
      25
      22
      29
      24
      11
      15
      30
      15
      24
      24
      15
      28
      23
      25
      20
      19
      25
      18
      30
      18
      26
      23
      13
      19
      27
      17
      20
      17
      15
      18
      20
      30
      17
      22
      20
      22
      26
      18
      27
      19
      16
      29
      20
      16
      24
      27
      19
      22
      24
      20
      14
      25
      17
      19
      14
      30
      26
      18
      17
      27
      24
      24
      15
      20
      12
      22
      10
      20
      25
      22
      16
      20
      34
      19
      18
      22
      24
      24
      29
      17
      14
      16
      32
      21
      23
      26
      28
      22
      25
      19
      20
      20
      21
      21
      20
      31
      21
      21
      20
      24
      19
      25
      18
      20
      20
      24
      23
      20
      20
      18
      12
      17
      20
      20
      17
      16
      18
      21
      22
      19
      15
      18
      19
      21
      30
      19
      21
      25
      15
      23
      18
      21
      20
      24
      20
      18
      21
      14
      19
      21
      17
      23
      33
      19
      13
      21
      18
      21
      18
      27
      22
      13
      17
      23
      22
      22
      22
      28
      18
      24
      23
      21
      17
      29
      24
      20
      15
      26
      27
      15
      24
      14
      16
      25
      25
      18
      22
      19
      25
      26
      25
      21
      21
      15
      14
      22
      17
      17
      17
      25
      16
      18
      21
      19
      20
      18
      22
      19
      18
      23
      20
      17
      21
      24
      25
      21
      16
      19
      15
      28
      16
      18
      19
      18
      18
      22
      29
      21
      27
      17
      27
      24
      20
      14
      18
      19
      20
      15
      12
      17
      16
      15
      24
      16
      22
      15
      24
      16
      18
      23
      22
      24
      25
      17
      20
      19
      26
      25
      21
      18
      14
      25
      16
      19
      15
      16
      13
      30
      26
      23
      20
      18
      18
      26
      23
      22
      17
      16
      15
      24
      25
      18
      22
      19
      20
      24
      19
      27
      27
      27
      16
      13
      15
      17
      24
      24
      21
      20
      22
      28
      22
      12
      18
      14
      18
      16
      26
      15
      25
      25
      22
      18
      23
      14
      18
      25
      10
      10
      33
      28
      16
      18
      16
      25
      23
      13
      22
      24
      19
      24
      19
      19
      19
      22
      30
      11
      25
      22
      17
      24
      20
      22
      19
      20
      21
      16
      17
      21
      18
      17
      12
      21
      34
      17
      24
      13
      21
      14
      21
      21
      16
      30
      19
      17
      16
      26
      18
      26
      24
      19
      15
      17
      19
      18
      16
      23
      18
      32
      20
      25
      14
      22
      17
      12
      12
      20
      18
      16
      17
      19
      16
      15
      19
      15
      19
      23
      23
      20
      21
      24
      17
      21
      21
      24
      17
      15
      21
      18
      24
      24
      29
      16
      12
      20
      23
      19
      17
      21
      19
      15
      11
      29
      14
      25
      16
      15
      18
      13
      18
      18
      13
      20
      19
      21
      23
      14
      20
      22
      20
      17
      17
      15
      22
      18
      31
      20
      28
      16
      14
      16
      18
      11
      23
      19
      26
      25
      21
      16
      22
      15
      18
      15
      19
      22
      16
      23
      22
      22
      23
      13
      14
      29
      21
      19
      14
      17
      20
      22
      13
      19
      16
      18
      19
      22
      11
      13
      18
      14
      16
      20
      15
      16
      27
      23
      23
      19
      15
      22
      20
      19
      12
      23
      20
      28
      11
      16
      15
      23
      14
      21
      15
      14
       0
       0
       0
       0
       0
       0
       0
       0
       0
       0
       0
       0
       0
       0
       0
       0
       0
       0
       0
       0
       0
       0
       0
       0
       0
       0
       0
       0
       0
       0
       0
       0
       0
       0
       0
       0
       0
       0
       0
       0
       0
       0
       0
       0
       0
       0
       0
       0
       0
       0
       0
       0
       0
       0
       0
       0
       0
       0
       0
       0
       0
       0
       0
       0
       0
       0
       0
       0
       0
       0
       0
       0
       0
       0
       0
       0
       0
       0
       0
       0
       0
       0
       0
       0
       0
       0
       0
       0
       0
       0
       0
       0
       0
       0
       0
       0
       0
       0
       0
       0
       0
       0
       0
       0
       0
       0
       0
       0
       0
       0
       0
       0
       0
       0
       0
       0
       0
       0
       0
       0
       0
       0
       0
       0
       0
       0
       0
       0
$ROI:
2
3000 3148
6265 6424
$PRESETS:
None
0
0
$ENER_FIT:
0.000000 0.019248
$MCA_CAL:
3
0.000000E+000 1.924814E-002 0.000000E+000 keV
$SHAPE_CAL:
3
5.089967E+001 0.000000E+000 0.000000E+000
