$SPEC_ID:
No sample description was entered.
$SPEC_REM:
DET# 1
DETDESC# DESKTOP-PNQJTCJ Easy-MCA-8k SN 09161357
AP# Maestro Version 7.01
$DATE_MEA:
03/15/2017 14:53:49
$MEAS_TIM:
1808 1820
$DATA:
0 8191
       0
       0
       0
       0
       0
       0
       0
       0
       0
       0
       0
       0
       0
       0
       0
       0
       0
       0
       0
       0
       0
       0
       0
       0
       0
       0
       0
       0
       0
       0
       0
       0
       2
      40
     208
     443
     918
     966
     855
    1096
    1143
    1173
    1596
    2441
    1563
    1533
    1160
     570
     257
     193
     220
     251
     227
     205
     195
     231
     244
     262
     259
     206
     210
     218
     183
     227
     183
     205
     194
     194
     210
     191
     178
     189
     181
     165
     173
     193
     180
     192
     200
     179
     184
     191
     174
     167
     179
     176
     194
     189
     170
     160
     158
     184
     175
     168
     173
     199
     166
     165
     192
     169
     229
     214
     203
     176
     185
     182
     172
     197
     201
     190
     201
     185
     194
     195
     186
     206
     233
     210
     227
     229
     217
     224
     227
     234
     210
     239
     239
     264
     231
     242
     288
     274
     263
     269
     277
     249
     275
     288
     285
     277
     297
     301
     294
     338
     339
     323
     321
     349
     392
     368
     365
     366
     371
     370
     385
     343
     415
     362
     428
     359
     470
     451
     416
     446
     417
     421
     435
     422
     442
     464
     467
     433
     424
     487
     463
     521
     445
     505
     479
     477
     504
     485
     506
     555
     583
     626
     645
     629
     561
     610
     636
     698
     700
     675
     583
     590
     584
     610
     647
     543
     592
     597
     517
     562
     513
     567
     561
     566
     559
     551
     558
     573
     544
     570
     608
     622
     646
     709
     634
     589
     571
     561
     599
     675
     595
     602
     612
     555
     587
     605
     604
     588
     568
     545
     583
     587
     579
     643
     638
     592
     610
     602
     557
     552
     576
     580
     550
     568
     535
     590
     526
     542
     573
     571
     541
     581
     562
     544
     586
     561
     546
     615
     559
     554
     609
     564
     571
     607
     580
     540
     561
     557
     564
     605
     570
     538
     546
     574
     517
     544
     557
     543
     534
     566
     552
     565
     545
     542
     531
     499
     545
     545
     527
     507
     526
     493
     546
     523
     539
     524
     551
     503
     527
     540
     492
     523
     535
     524
     522
     501
     507
     477
     520
     520
     528
     504
     478
     477
     484
     505
     498
     458
     492
     481
     568
     486
     490
     525
     511
     493
     481
     493
     509
     481
     489
     485
     461
     469
     453
     489
     471
     480
     484
     420
     533
     409
     461
     479
     453
     464
     422
     459
     429
     454
     469
     448
     406
     460
     431
     410
     413
     437
     402
     439
     403
     443
     440
     423
     413
     392
     419
     403
     415
     404
     410
     428
     384
     412
     446
     361
     404
     401
     438
     420
     347
     407
     392
     407
     376
     384
     414
     404
     392
     410
     387
     403
     380
     369
     426
     375
     379
     390
     374
     386
     345
     336
     390
     363
     381
     364
     382
     338
     350
     342
     365
     324
     351
     347
     351
     348
     348
     328
     322
     365
     328
     355
     324
     301
     352
     329
     340
     314
     312
     358
     325
     312
     309
     320
     328
     326
     308
     316
     305
     323
     310
     299
     323
     319
     299
     322
     283
     307
     339
     296
     285
     315
     312
     325
     270
     330
     301
     286
     331
     297
     288
     301
     310
     328
     270
     293
     289
     254
     309
     280
     303
     260
     263
     273
     308
     311
     308
     312
     267
     288
     275
     231
     275
     267
     273
     279
     275
     272
     266
     235
     266
     254
     271
     260
     269
     240
     250
     254
     231
     226
     232
     250
     223
     234
     232
     239
     244
     265
     257
     257
     216
     264
     235
     234
     273
     232
     205
     254
     229
     236
     252
     223
     236
     260
     222
     228
     200
     229
     236
     228
     220
     237
     213
     241
     247
     212
     239
     230
     215
     227
     211
     235
     225
     233
     207
     218
     210
     238
     193
     205
     188
     207
     218
     192
     219
     201
     212
     216
     200
     208
     225
     188
     198
     178
     214
     200
     190
     204
     204
     206
     191
     223
     215
     197
     201
     204
     181
     197
     188
     194
     198
     205
     204
     174
     172
     186
     190
     190
     211
     184
     191
     188
     174
     195
     185
     179
     181
     190
     160
     190
     172
     207
     177
     193
     174
     176
     206
     175
     208
     219
     352
     458
     404
     298
     183
     173
     198
     183
     218
     238
     224
     193
     144
     151
     173
     178
     169
     137
     167
     173
     161
     144
     162
     153
     177
     191
     155
     148
     151
     152
     151
     125
     154
     127
     156
     133
     167
     143
     139
     174
     159
     138
     163
     136
     151
     141
     142
     135
     133
     132
     158
     111
     139
     145
     132
     148
     138
     125
     139
     132
     133
     149
     119
     138
     137
     141
     127
     134
     138
     115
     119
     127
     132
     123
     114
     127
     129
     110
     127
     140
     127
     142
     129
     149
     142
     140
     136
     131
     137
     101
     112
     144
     131
     111
     119
     118
     109
     127
     116
     144
     138
     132
     124
     132
     137
     128
     118
     127
     109
     119
     101
     121
     123
     127
     122
     107
     138
      96
     113
     120
     132
     113
     119
      96
     122
     109
     105
     122
     129
     105
     110
     112
     101
     105
     114
     100
      96
     111
      96
     104
     107
     101
     114
      98
     130
     131
     164
     222
     230
     193
     122
     115
      94
     108
      99
     120
     103
      98
      98
     107
     125
     102
     125
     108
      99
     101
      95
     104
      83
     100
      89
      94
     109
     103
      98
     106
     115
     107
      90
     108
      97
     114
     106
     109
      98
      86
      87
      93
      82
     105
      94
      99
     102
      94
     102
     102
      89
      88
     115
      87
     106
      86
     103
      98
      84
      90
      85
      80
      89
      93
      78
      78
      81
      84
     104
     101
      85
      88
      73
     100
      78
      68
      89
      96
      76
      87
      92
      90
      91
      75
      94
     100
     112
     117
      86
     106
      82
      79
      84
      91
      81
      90
      77
      78
      89
      77
      86
      80
      81
      74
      83
      91
      77
      83
      81
      76
      97
     120
     155
     157
     131
      91
      83
      97
      85
      80
      97
      86
      72
      95
      67
      68
      69
      86
      73
      68
      71
      55
      72
      68
      75
      62
      80
      82
      83
      81
      70
      72
      67
      73
      63
      95
     126
     248
     304
     243
     176
     126
      61
      81
      67
      64
      75
      62
      62
      73
      78
      68
      64
      74
      68
      62
      76
      52
      63
      65
      69
      70
      56
      71
      65
      55
      76
      65
      59
      61
      51
      65
      69
      71
      78
      60
      65
      71
      69
      61
      70
      72
      66
      79
      72
      70
      68
      58
      65
      67
      75
      63
      65
      57
      60
      63
      46
      51
      62
      62
      74
      79
      67
      67
      49
      67
      69
      62
      71
      84
      63
      62
      59
      59
      67
      73
      68
      54
      62
      57
      71
      50
      52
      53
      58
      53
      57
      63
      73
      57
      65
      80
      65
      55
      68
      65
      72
      52
      53
      58
      70
      44
      73
      50
      63
      62
      48
      52
      42
      55
      66
      66
      57
      67
      47
      64
      52
      72
      56
      53
      62
      50
      72
      60
      61
      43
      66
      58
      51
      68
      57
      51
      55
      70
      60
      69
      60
      64
      58
      47
      52
      58
      49
      43
      47
      54
      80
      59
      52
      55
      65
      53
      56
      45
      51
      51
      59
      54
      48
      41
      51
      49
      56
      46
      40
      63
      50
      52
      57
      62
      47
      54
      52
      54
      48
      44
      60
      64
      52
      62
      59
      36
      60
      55
      51
      47
      41
      56
      65
      51
      53
      56
      45
      45
      50
      54
      61
      49
      50
      52
      58
      52
      41
      72
      48
      56
      51
      50
      55
      36
      48
      50
      40
      48
      41
      49
      47
      52
      46
      51
      42
      51
      57
      45
      46
      50
      37
      50
      55
      50
      45
      49
      44
      38
      62
      50
      48
      40
      50
      42
      40
      38
      47
      48
      48
      37
      55
      42
      41
      43
      32
      48
      42
      67
      42
      50
      41
      34
      42
      36
      50
      41
      39
      48
      46
      39
      45
      47
      35
      37
      41
      39
      43
      39
      40
      40
      34
      58
      41
      36
      44
      39
      49
      47
      63
      62
      58
      55
      46
      47
      44
      42
      30
      58
      35
      44
      45
      36
      32
      49
      53
      38
      38
      30
      38
      52
      48
      36
      45
      46
      44
      39
      56
      48
      48
      40
      42
      46
      44
      41
      47
      44
      50
      33
      31
      39
      28
      39
      43
      41
      48
      52
      35
      30
      24
      32
      46
      31
      39
      38
      36
      58
      33
      41
      36
      52
      49
      38
      33
      27
      37
      37
      39
      36
      33
      40
      31
      35
      34
      46
      27
      40
      35
      52
      45
      23
      33
      51
      40
      48
      37
      45
      40
      33
      39
      34
      36
      34
      33
      46
      39
      43
      45
      40
      37
      34
      32
      44
      40
      33
      44
      36
      26
      41
      29
      38
      34
      33
      43
      46
      32
      47
      31
      41
      44
      48
      67
      80
      94
      96
      74
      72
      49
      54
      44
      49
      40
      35
      34
      40
      42
      31
      30
      25
      38
      32
      38
      41
      45
      35
      18
      33
      28
      28
      31
      28
      27
      36
      31
      31
      44
      40
      42
      41
      30
      40
      33
      36
      32
      45
      31
      37
      41
      35
      40
      37
      43
      32
      38
      31
      29
      27
      28
      50
      28
      38
      36
      41
      42
      34
      26
      36
      34
      38
      31
      36
      30
      26
      37
      37
      29
      29
      32
      38
      30
      26
      36
      34
      37
      27
      34
      28
      32
      31
      33
      30
      25
      34
      31
      42
      39
      35
      46
      38
      40
      41
      47
      33
      36
      42
      33
      38
      34
      22
      35
      26
      32
      31
      28
      31
      25
      34
      35
      42
      36
      34
      27
      30
      33
      32
      34
      38
      30
      27
      30
      25
      30
      26
      39
      23
      24
      29
      34
      30
      22
      32
      34
      34
      30
      31
      29
      48
      36
      31
      45
      24
      34
      31
      36
      27
      39
      31
      27
      28
      30
      36
      28
      25
      27
      33
      30
      20
      33
      23
      32
      29
      28
      33
      21
      42
      36
      29
      28
      28
      40
      30
      20
      36
      48
      36
      38
      39
      32
      65
      77
     121
     170
     144
      83
      62
      24
      31
      24
      32
      25
      32
      28
      22
      31
      24
      34
      34
      29
      33
      33
      29
      32
      31
      43
      31
      31
      22
      30
      26
      31
      24
      22
      32
      22
      29
      31
      28
      28
      26
      25
      34
      22
      31
      24
      27
      31
      30
      30
      27
      34
      28
      27
      29
      39
      20
      33
      27
      38
      31
      25
      30
      29
      29
      23
      36
      43
      84
     134
     211
     236
     188
     109
      44
      25
      15
      25
      21
      26
      22
      29
      25
      26
      36
      25
      14
      25
      31
      24
      27
      27
      32
      26
      27
      21
      28
      27
      30
      26
      27
      16
      24
      36
      30
      21
      28
      19
      25
      19
      24
      24
      32
      24
      24
      24
      20
      31
      22
      28
      22
      19
      21
      25
      38
      23
      19
      34
      28
      19
      29
      31
      23
      27
      19
      24
      26
      24
      25
      19
      28
      20
      29
      35
      24
      19
      28
      28
      27
      23
      29
      18
      21
      26
      20
      18
      19
      23
      26
      23
      26
      21
      23
      21
      17
      11
      26
      25
      22
      30
      32
      25
      28
      28
      27
      19
      27
      15
      20
      25
      34
      24
      14
      33
      15
      20
      19
      27
      16
      24
      30
      24
      24
      24
      21
      23
      20
      25
      23
      18
      24
      14
      25
      18
      27
      26
      17
      21
      25
      18
      19
      25
      26
      20
      29
      21
      26
      28
      23
      33
      19
      20
      21
      24
      23
      22
      28
      33
      25
      17
      23
      23
      13
      23
      18
      28
      23
      17
      22
      22
      25
      18
      30
      26
      21
      15
      20
      28
      20
      11
      21
      24
      18
      13
      29
      18
      20
      24
      26
      27
      20
      28
      22
      18
      26
      22
      24
      25
      18
      27
      24
      15
      33
      12
      18
      33
      20
      26
      26
      18
      25
      23
      22
      22
      27
      23
      17
      22
      20
      18
      20
      26
      26
      21
      21
      20
      22
      24
      25
      21
      26
      20
      24
      28
      22
      15
      13
      21
      22
      17
      24
      21
      31
      24
      20
      24
      24
      17
      18
      20
      26
      23
      14
      15
      16
      20
      15
      30
      23
      20
      18
      23
      16
      18
      25
      26
      28
      25
      19
      19
      13
      19
      22
      19
      13
      25
      22
      35
      20
      19
      14
      23
      14
      15
      24
      19
      24
      20
      28
      18
      20
      24
      26
      23
      20
      16
      23
      14
      20
      25
      18
      31
      26
      18
      40
      45
      45
      41
      24
      30
      17
      22
      21
      18
      30
      18
      16
      15
      22
      17
      25
      19
      18
      15
      19
      22
      23
      18
      26
      13
      20
      24
      12
      25
      31
      13
      28
      21
      22
      19
      24
      35
      27
      12
      29
      27
      23
      23
      29
      26
      18
      14
      18
      26
      14
      23
      23
      17
      14
      20
      24
      25
      23
      22
      15
      16
      23
      20
      19
      13
      21
      22
      19
      24
      28
      18
      22
      21
      29
      26
      25
      16
      16
      16
      26
      18
      20
      23
      19
      19
      24
      28
      13
      20
      25
      27
      16
      21
      12
      33
      24
      18
      27
      18
      17
      16
      13
      20
      19
      20
      30
      31
      39
      33
      16
      22
      18
      19
      13
      21
      24
      35
      19
      17
      19
      26
      19
      22
      23
      21
      28
      25
      18
      19
      16
      20
      24
      14
      15
      15
      16
      18
      15
      20
      17
      25
      21
      13
      24
      23
       9
      13
      11
      18
      13
      23
      24
      24
      29
      23
      18
      26
      13
      17
      17
      12
      18
      22
      14
      17
      15
      15
      14
      19
      21
      15
      19
      17
      26
      33
      30
      29
      31
      20
      16
      21
      21
      20
      17
      17
      26
      24
      13
      12
      23
      18
      19
      26
      19
      13
      25
      17
      18
      19
      15
      12
      10
      25
      19
      14
      17
      23
      16
      17
      21
      12
      14
      16
       9
      22
      17
      13
      26
      24
      20
      19
      17
      15
      15
      12
      18
      18
      12
      11
      17
      14
      15
      13
      22
      16
      21
      17
      14
      24
      20
      15
      12
      12
      18
      14
      17
      13
      17
      16
      21
      12
      15
      15
      24
      20
      21
      12
      17
      20
      15
      14
      11
      22
      18
      17
      30
      15
      20
      18
      17
      21
      18
      11
      16
      12
      19
      24
      15
      33
      18
      30
      21
      13
      21
      23
      19
      16
      16
      12
      17
      19
      22
      17
      19
      16
      11
      18
      17
      15
      22
      12
       6
      20
      14
      20
      17
      19
      22
      18
      16
      19
      16
      15
      16
      18
      18
      16
      14
      22
      16
      12
      17
      20
      15
      14
      14
      16
      25
      14
      21
      19
      16
      14
      18
      15
      14
      18
      11
      11
      11
      15
      13
      16
      21
      31
      43
      26
      17
      20
      17
      22
       7
      16
      13
      11
      16
      23
      10
      17
      14
      18
      16
      11
      21
      13
      15
      17
      13
      21
      23
      10
      15
      13
      19
      13
      17
      20
      12
      24
       8
      21
      14
       9
      20
      10
      12
      20
      15
      12
      18
      17
      17
      16
      12
      12
      22
      16
      17
      15
      12
      20
      20
      13
      14
      21
      17
      12
      18
      17
      20
       8
      11
      22
      17
      19
      14
      19
      13
      15
      13
      19
      21
       9
      10
       9
      15
      11
      20
      17
      23
      10
      15
      15
      17
      19
      11
      17
      17
      21
      14
      16
      14
      12
       8
      13
      18
       9
      12
      20
      14
      10
      15
      20
      15
       9
      17
      21
      24
      14
      10
      16
      16
       9
      10
      17
      13
      21
      21
      13
      12
      13
      13
      27
      27
      54
      93
     100
     110
      57
      38
      23
      19
      13
      12
      18
      12
      12
      12
      14
      18
      11
      11
      20
      16
      15
      14
      14
      12
      13
      17
      15
      10
      13
      14
      17
      16
      12
      16
      25
      11
      12
      12
      15
      13
      17
      13
      11
       9
      14
      14
      14
      13
      12
      15
      18
      19
      23
      13
      13
      11
      25
      13
      12
      22
      32
      27
      27
      19
      28
       8
       6
      19
      10
      17
      12
      14
      18
      19
      20
      10
      19
      10
      18
      13
      14
       7
      16
      16
      10
      13
      17
      16
      17
      24
       8
      13
      20
      12
      13
      15
      13
      11
      11
      11
       6
      16
      15
      19
      19
       8
      17
      17
      12
      14
      12
      13
      21
      11
      15
      10
      17
      12
      20
      20
      17
      17
      14
      17
      12
      13
      16
      15
      17
      15
      11
      16
      10
      20
      19
       4
      17
      16
      20
      19
      27
      27
      29
      25
      12
      15
      20
      12
      23
      28
      48
      71
      68
      50
      36
      24
      12
      18
      11
       7
      11
      10
      11
       9
       8
      13
      15
      15
      12
      18
      13
      15
      17
       9
      13
      15
      12
      17
      10
      13
      15
      11
       8
      12
      11
      10
      15
       8
      19
      19
      11
       7
       7
      15
      16
      15
      15
      10
      11
      15
      12
      23
      14
      14
      13
      13
      11
      18
      16
       7
       7
       9
      16
      13
      10
       8
      14
      16
      17
      14
      16
      16
      13
      15
       7
      17
      19
      14
      19
      12
      17
      16
      16
      17
      18
      15
      16
      16
      10
      12
      17
      20
      13
       9
      17
      13
      12
       6
      12
       9
      14
      16
       8
      12
      13
      14
       5
      17
      14
      15
      13
      13
      16
      10
      13
      11
      14
      13
      12
      10
      15
      10
       7
      14
      18
      12
       9
      12
      16
      13
      19
      14
      11
      11
      15
       7
      12
      12
       8
      14
      16
      10
      18
      10
      13
      11
      12
      18
      16
      13
       8
      14
      12
      13
      13
      11
      15
       8
      17
      11
      18
      11
       9
      11
      15
      10
       9
      11
      11
      16
      17
      14
      10
      16
      11
      16
      15
      13
      19
      14
      11
      10
       8
      10
       8
      21
      11
      16
      10
       9
      11
       8
      15
      11
      13
      11
      13
      10
      13
      14
      12
      13
      18
      11
      13
      12
      12
      16
      12
      16
      16
      15
      13
      11
      17
      14
      19
      12
      10
      15
      14
      12
      16
      17
      14
      16
      14
      14
      14
      14
      12
       7
      14
      10
      15
      16
      19
      10
       7
      14
      14
      20
      16
      14
      18
      13
      15
      19
      19
      10
      11
      12
      14
      15
      18
      13
      17
      14
      12
      13
      13
      18
      15
      21
       9
      19
      12
      17
      21
      17
      16
      14
       9
      19
       9
       9
      12
      17
      13
      16
       9
      10
      12
      20
      17
      11
      12
      12
      12
      13
      24
      11
      17
      16
      12
      14
      13
       9
      11
      10
      18
      15
      17
      20
      12
      13
      19
      10
      15
      15
      12
      15
      12
      12
      11
      13
       5
      16
      12
      14
       8
      15
      12
      18
      11
      11
      15
      14
       8
      12
      20
      16
      10
       9
       8
       7
      14
       8
      19
      10
      12
      18
       9
      13
      15
       7
      10
       8
      19
      12
      16
      11
      15
      10
      17
      12
      13
      14
      13
      16
      11
      13
      15
      13
      16
      20
      14
       6
      18
      16
      16
      14
      18
      17
      11
      19
      12
      11
      16
      12
      11
      12
      22
      11
      15
      14
      12
      13
       9
      20
      47
      34
      52
      50
      50
      46
      17
      17
      19
      13
      17
      15
       8
      13
      20
      17
      18
      18
      13
      20
      15
      16
      15
      13
      18
      24
      18
      17
      10
       8
      13
      16
       7
      15
      15
      13
      14
      14
       9
      13
      13
      14
      17
      20
      13
      12
      13
      10
      19
      12
      15
      17
       6
      16
      18
      16
      13
      17
      14
      12
      14
      14
       9
      16
      16
      12
      15
      17
      16
      13
      12
      15
      20
       9
      17
      15
      16
      15
      14
      15
       5
      12
       9
      24
      10
      19
      17
       8
      16
      18
      24
      21
      29
      31
      21
      22
      12
      11
      14
      20
      10
      14
      16
       6
      17
       8
      14
      13
      12
      15
       9
      20
      11
      16
      19
      12
      13
      10
      14
      20
      21
      16
      17
      20
      12
      11
      14
      16
      20
      19
       9
      10
      18
       9
      15
      10
      21
      17
      19
      16
      14
      15
      19
      17
      13
      19
      17
      11
      20
      20
      12
      15
      18
      12
      13
      24
      11
      21
      17
      15
      11
      10
      15
      14
      18
      15
      16
      22
      15
      12
      18
      12
      10
      14
      11
       7
      20
      19
      13
      19
      15
      13
      14
      16
      12
      15
      11
      18
       5
       8
       8
      14
      21
       9
      13
      12
      13
      10
      21
      15
      10
      19
      11
      11
      15
       9
      12
      13
      11
      21
      11
      13
      23
      18
      15
      17
       9
      15
      15
      11
      12
      14
       9
       9
       6
      17
      11
      14
      14
      14
      14
      14
      14
       9
      15
      13
      17
      16
      11
      10
      13
      15
      12
      19
      22
      17
      17
      16
      13
      14
      18
      13
      12
      22
      22
      12
      16
      19
       9
      14
      14
      13
      16
      10
      24
      20
      12
      15
      21
      16
      14
      17
      13
      16
      19
      19
      16
      11
      16
      13
      15
      16
      10
      12
      15
      23
      15
      17
      19
      17
      23
      12
      17
      11
      21
      22
      19
      12
      16
      16
      13
      17
      13
      14
      20
      31
      31
      33
      22
      23
      24
      19
      18
      18
      18
      16
      18
      15
      11
      10
      13
      13
      10
      12
       8
      13
      15
      10
       7
       9
      21
      14
       8
      15
      16
       8
      14
      11
      14
       7
      13
      10
      11
       5
       8
      10
      16
      12
       8
      13
      15
      10
      13
      12
      15
      15
       8
       7
       7
      10
       8
       8
      14
      12
      13
       4
       6
       8
      12
       8
      14
      10
      12
      13
       8
      11
      14
      11
       8
       7
      16
       9
      11
      10
      14
       5
      10
       7
      12
       8
       8
      12
      13
       9
      16
       7
      11
      11
      11
       7
       7
      12
      10
       8
       9
       8
      10
       9
       6
      10
       9
       7
       8
      10
       8
      13
      15
      16
      10
      14
       6
       7
       9
      15
       7
      16
       9
       9
       9
       6
       8
      15
       8
      11
       8
       7
       8
       9
       5
       8
       7
      11
       7
       7
       3
       5
      10
       7
      10
      16
      10
       6
       4
       4
       9
      16
       8
       4
      12
      11
       7
      11
       7
      10
       8
       2
       3
       7
      13
       5
      10
      10
       7
       7
       9
       9
      11
       9
       7
       6
       8
      11
      10
       6
       4
      12
       8
      10
       2
      12
      10
      14
       3
       6
      12
      14
       4
       9
      10
       7
       7
       4
       6
       5
       6
       7
      10
      13
       6
      12
       3
      11
       3
      13
       7
      10
       7
       6
       6
       3
       8
      10
       7
      11
       6
      16
       7
       5
       8
       7
       4
       8
       6
      11
      10
       6
       8
      10
       7
       8
       6
       5
       8
       8
       5
       3
       8
       7
       8
       5
       4
       5
       0
       6
       4
       4
       4
       3
       9
       3
       2
       7
       6
       7
      10
       8
       8
       4
       8
       7
       9
       6
       1
       4
       5
       5
       9
      12
       5
       6
       4
       6
       4
      10
       7
       6
       6
       6
       9
       8
       9
       9
       6
       5
       7
       6
       6
       4
       7
       8
       1
       7
       8
      11
       8
      10
       4
       4
       5
      11
       3
       8
       4
       8
       4
       4
       3
       3
       4
       6
       8
       6
       5
       5
       2
       5
       7
       8
       5
       6
       8
       8
       5
       7
       2
       4
       4
       3
       6
       9
       3
       4
       4
       7
       4
       6
       2
       6
       8
       8
       7
       3
       1
       9
       8
       1
       8
       5
       5
       4
       1
       6
       7
       6
       6
       8
      15
      11
      11
      15
      17
       7
       6
       7
       2
       5
       4
       9
       4
       3
       3
       5
       6
       3
       6
       8
       7
       4
      11
       4
       4
       5
       8
       3
       4
       3
       1
       3
       9
       6
       6
       5
       5
       3
       2
       4
       2
       3
       5
       4
       0
       6
       6
       3
       4
       9
       9
       4
       5
       1
       6
       6
       6
       4
       3
       0
      10
       5
       7
      10
       8
       2
       8
       3
       7
       3
       3
       5
       2
       8
       7
       6
       7
       6
       5
      12
       7
      10
       8
      12
       7
       8
       5
       4
       5
       5
       5
       2
       4
       6
       4
       5
       4
       2
       6
       6
       2
       4
       3
       2
       4
       6
       4
       4
       3
       6
       5
       5
       6
       5
       7
       9
       5
       3
       4
       6
       3
       3
       5
       5
       6
       4
       6
       7
       6
       3
       6
       5
       3
       6
       3
       0
       3
      13
       5
       6
       5
       5
       6
       5
       2
       6
       4
       3
       7
       2
       5
       4
       2
       4
       5
       6
       1
       5
       5
       3
       0
       6
       4
       4
       5
       4
       5
       5
       5
       1
       2
       4
       3
       5
       9
       5
       4
       4
       5
       6
       5
       3
       6
       5
       5
       5
       4
       5
      11
       4
       1
       5
       2
       3
       5
       3
       4
       4
       3
       3
       5
       2
       3
       3
       5
       3
       6
      12
       5
      12
      22
      30
      64
     132
     257
     414
     541
     564
     544
     348
     193
     110
      43
       6
       4
       3
       2
       2
       4
       2
       1
       5
       4
       8
       1
       1
       3
       2
       4
       1
       1
       4
       2
       2
       4
       2
       5
       2
       7
       3
       2
       2
       3
       2
       1
       5
       3
       1
       2
       5
       4
       1
       5
       4
       4
       2
       2
       2
       6
       3
       2
       0
       3
       3
       4
       3
       2
       5
       2
       1
       2
       2
       1
       4
       4
       6
       1
       3
       1
       1
       5
       4
       1
       6
       2
       3
       0
       3
       2
       3
       3
       2
       1
       2
       2
       0
       3
       4
       3
       3
       4
       2
       4
       0
       0
       1
       2
       1
       2
       3
       1
       6
       2
       3
       2
       4
       5
       3
       4
       2
       2
       1
       1
       1
       2
       3
       3
       2
       3
       3
       6
       4
       7
       8
       8
       5
       4
       1
       2
       2
       2
       2
       1
       6
       7
       6
       2
       2
       4
       1
       1
       3
       3
       0
       1
       6
       1
       4
       0
       1
       0
       3
       0
       1
       2
       4
       2
       3
       2
       3
       5
       3
       4
       1
       3
       2
       1
       1
       2
       4
       0
       1
       0
       2
       2
       2
       2
       3
       2
       2
       5
       4
       2
       5
       4
       6
       4
       1
       8
       2
       2
       2
       3
       1
       2
       2
       2
       0
       3
       2
       2
       4
       2
       4
       0
       1
       3
       1
       1
       6
       2
       4
       1
       2
       1
       2
       2
       3
       1
       3
       2
       3
       1
       4
       2
       4
       5
       1
       2
       1
       0
       0
       2
       1
       1
       3
       1
       4
       3
       2
       2
       2
       1
       3
       5
       2
       2
       4
       1
       4
       2
       1
       0
       1
       3
       2
       1
       1
       3
       1
       1
       2
       1
       1
       3
       2
       2
       0
       3
       1
       2
       1
       4
       0
       0
       2
       4
       1
       4
       2
       1
       3
       1
       2
       5
       0
       3
       4
       1
       2
       2
       1
       0
       3
       2
       2
       0
       0
       3
       0
       0
       0
       4
       2
       4
       1
       4
       3
       2
       1
       3
       1
       2
       1
       3
       3
       3
       1
       3
       2
       2
       4
       4
       8
       4
      14
       9
      11
       6
       5
       2
       5
       2
       3
       4
       6
       7
      13
      10
       7
       7
       4
       3
       1
       0
       1
       2
       2
       1
       1
       4
       2
       1
       0
       4
       2
       2
       1
       1
       2
       3
       0
       2
       1
       1
       6
       2
       2
       1
       0
       1
       0
       1
       1
       3
       3
       2
       3
       0
       3
       0
       2
       2
       1
       3
       2
       2
       2
       2
       2
       3
       2
       2
       0
       3
       1
       2
       2
       1
       4
       4
       1
       2
       3
       4
       4
       1
       2
       2
       5
       3
       4
       5
       3
       2
       3
       1
       1
       2
       1
       1
       1
       0
       0
       5
       2
       2
       3
       0
       1
       0
       3
       2
       2
       3
       7
       4
       6
       1
       2
       4
       4
       2
       3
       2
       2
       2
       2
       0
       3
       2
       3
       3
       1
       3
       3
       2
       3
       7
       2
       4
       3
       1
       1
       1
       2
       2
       2
       2
       1
       0
       1
       2
       0
       2
       2
       3
       1
       2
       3
       2
       2
       3
       0
       0
       0
       1
       2
       5
       2
       4
       2
       1
       2
       3
       5
       3
       1
       4
       1
       1
       3
       3
       3
       2
       2
       1
       0
       1
       1
       3
       0
       4
       2
       2
       5
       2
       4
       3
       4
       1
       1
       0
       1
       3
       1
       3
       0
       1
       2
       3
       3
       3
       1
       0
       1
       3
       2
       1
       3
       0
       3
       3
       0
       1
       1
       2
       1
       1
       2
       4
       3
       0
       0
       3
       1
       3
       3
       1
       2
       3
       1
       1
       2
       2
       0
       1
       1
       1
       2
       1
       1
       0
       1
       2
       1
       1
       2
       3
       1
       1
       2
       0
       2
       0
       2
       1
       2
       1
       1
       1
       2
       4
       2
       2
       4
       2
       2
       1
       2
       2
       0
       0
       1
       0
       2
       1
       1
       1
       1
       1
       1
       1
       1
       1
       1
       1
       1
       2
       2
       0
       2
       0
       2
       2
       1
       2
       1
       3
       2
       1
       0
       1
       2
       1
       3
       2
       1
       2
       2
       2
       1
       1
       3
       1
       0
       1
       2
       0
       0
       0
       3
       0
       2
       2
       2
       2
       1
       1
       0
       0
       3
       2
       1
       0
       3
       2
       3
       1
       0
       1
       0
       3
       3
       3
       0
       1
       1
       0
       1
       2
       0
       1
       1
       2
       2
       2
       2
       4
       5
       9
       5
       8
      11
       6
       3
       2
       4
       0
       1
       3
       1
       1
       6
       0
       3
       1
       1
       1
       0
       3
       1
       2
       0
       1
       0
       3
       1
       1
       1
       5
       1
       2
       2
       2
       0
       2
       2
       0
       1
       0
       0
       5
       1
       1
       1
       1
       1
       3
       0
       1
       2
       0
       1
       3
       2
       2
       1
       2
       0
       1
       0
       2
       1
       0
       1
       3
       2
       1
       1
       0
       2
       0
       3
       1
       0
       0
       1
       3
       1
       5
       1
       2
       2
       3
       1
       3
       6
      12
      20
      34
      22
      37
      36
      36
      21
      13
       7
       1
       0
       1
       0
       0
       1
       2
       0
       1
       0
       1
       1
       0
       0
       1
       2
       1
       1
       2
       0
       1
       1
       1
       1
       1
       3
       0
       1
       1
       1
       2
       0
       1
       0
       2
       1
       0
       1
       3
       0
       2
       0
       0
       0
       0
       4
       1
       2
       0
       2
       2
       2
       3
       2
       0
       1
       1
       0
       2
       1
       0
       2
       2
       2
       2
       1
       2
       2
       3
       0
       3
       1
       0
       0
       2
       2
       1
       2
       2
       3
       1
       1
       2
       2
       1
       1
       0
       1
       2
       2
       1
       2
       3
       3
       1
       1
       2
       1
       1
       2
       2
       1
       1
       0
       1
       2
       1
       1
       1
       0
       0
       0
       2
       0
       4
       1
       2
       1
       2
       0
       0
       1
       1
       3
       2
       1
       3
       2
       1
       3
       0
       2
       2
       1
       1
       2
       4
       1
       3
       1
       2
       2
       1
       0
       0
       1
       0
       3
       0
       0
       0
       1
       2
       4
       1
       0
       1
       0
       0
       0
       4
       1
       1
       1
       2
       3
       2
       0
       3
       2
       1
       2
       3
       3
       0
       3
       1
       2
       4
       0
       2
       0
       3
       0
       2
       4
       2
       3
       2
       1
       2
       1
       0
       1
       1
       3
       2
       3
       2
       0
       4
       0
       4
       3
       2
       3
       2
       7
       8
       5
       6
       5
       6
       2
       1
       2
       1
       0
       1
       0
       2
       2
       1
       1
       1
       0
       1
       4
       1
       2
       1
       1
       0
       2
       2
       2
       3
       3
       2
       1
       1
       1
       0
       0
       3
       2
       0
       1
       0
       1
       1
       1
       2
       2
       1
       2
       2
       1
       1
       1
       1
       3
       1
       1
       2
       1
       3
       1
       1
       0
       2
       0
       0
       3
       3
       1
       3
       0
       2
       2
       0
       1
       2
       2
       1
       0
       0
       3
       0
       0
       1
       1
       2
       2
       1
       2
       1
       0
       2
       1
       2
       1
       2
       1
       1
       1
       1
       1
       4
       4
       2
       0
       0
       1
       3
       3
       0
       3
       0
       0
       3
       1
       0
       0
       1
       1
       1
       0
       0
       0
       2
       3
       2
       3
       0
       2
       1
       1
       5
       2
       1
       1
       2
       2
       3
       1
       1
       0
       0
       0
       1
       0
       0
       0
       2
       1
       1
       2
       0
       0
       3
       1
       1
       2
       0
       1
       0
       3
       2
       1
       0
       0
       2
       3
       0
       2
       0
       1
       1
       2
       2
       1
       4
       1
       2
       1
       1
       4
       0
       1
       0
       1
       3
       0
       0
       2
       1
       4
       3
       1
       2
       2
       1
       1
       1
       1
       1
       2
       1
       1
       5
       3
       0
       1
       1
       1
       3
       3
       1
       1
       3
       1
       2
       1
       1
       2
       1
       2
       0
       0
       0
       0
       1
       0
       1
       3
       2
       1
       0
       1
       3
       1
       1
       2
       2
       0
       0
       0
       3
       2
       3
       1
       2
       1
       0
       3
       0
       3
       1
       2
       0
       1
       1
       1
       2
       0
       3
       3
       2
       1
       1
       2
       1
       1
       1
       1
       0
       0
       2
       0
       3
       4
       1
       1
       4
       4
       3
       1
       1
       2
       1
       1
       0
       1
       0
       0
       5
       1
       1
       4
       2
       2
       0
       2
       2
       0
       0
       2
       3
       1
       1
       1
       0
       1
       0
       0
       2
       2
       1
       2
       0
       1
       2
       0
       1
       2
       2
       2
       1
       3
       1
       0
       1
       1
       2
       0
       0
       0
       1
       0
       2
       1
       1
       1
       0
       0
       2
       2
       0
       1
       2
       0
       1
       0
       1
       2
       2
       0
       2
       0
       2
       0
       1
       1
       1
       1
       2
       1
       1
       2
       1
       1
       2
       1
       1
       2
       1
       4
       0
       3
       0
       1
       1
       0
       2
       0
       1
       0
       1
       1
       0
       1
       2
       0
       1
       1
       2
       1
       0
       2
       2
       0
       1
       0
       1
       1
       2
       1
       2
       0
       0
       0
       2
       0
       0
       2
       1
       1
       0
       1
       1
       0
       3
       1
       0
       1
       1
       1
       2
       1
       2
       1
       0
       2
       1
       1
       1
       0
       2
       0
       0
       1
       1
       0
       3
       1
       1
       1
       1
       2
       1
       2
       1
       1
       1
       1
       1
       3
       0
       1
       0
       1
       3
       0
       2
       0
       0
       1
       0
       2
       1
       2
       0
       0
       2
       0
       2
       1
       1
       1
       2
       0
       2
       1
       1
       0
       1
       1
       4
       3
       0
       2
       0
       0
       2
       1
       2
       1
       1
       0
       2
       1
       3
       0
       0
       0
       1
       1
       2
       1
       1
       0
       1
       3
       1
       1
       1
       2
       3
       2
       0
       0
       1
       3
       1
       0
       0
       2
       0
       2
       1
       1
       3
       0
       1
       2
       1
       0
       1
       2
       1
       0
       3
       0
       0
       2
       0
       0
       1
       4
       0
       1
       0
       1
       2
       3
       1
       1
       1
       1
       0
       1
       0
       1
       1
       1
       2
       2
       1
       1
       2
       0
       1
       0
       0
       0
       0
       1
       2
       1
       1
       0
       1
       1
       0
       0
       1
       4
       4
       2
       2
       1
       4
       1
       2
       1
       0
       3
       2
       2
       2
       2
       1
       0
       1
       2
       0
       2
       0
       0
       2
       1
       1
       0
       0
       0
       1
       0
       0
       4
       0
       1
       1
       0
       0
       2
       1
       1
       0
       0
       0
       0
       1
       2
       1
       1
       1
       1
       1
       2
       0
       1
       0
       0
       1
       0
       1
       0
       1
       0
       3
       0
       0
       1
       1
       4
       1
       2
       2
       2
       2
       3
       0
       1
       5
       8
       6
       8
       4
       5
       8
       8
       9
       4
       5
       4
       3
       1
       2
       0
       0
       0
       1
       1
       4
       3
       0
       2
       3
       1
       2
       5
       2
       1
       1
       2
       1
       1
       0
       2
       0
       1
       0
       2
       1
       0
       2
       2
       2
       2
       2
       4
       2
       5
       2
       1
       4
       1
       2
       2
       0
       0
       0
       1
       2
       0
       0
       0
       0
       2
       0
       0
       3
       1
       1
       1
       0
       1
       0
       1
       0
       0
       0
       0
       1
       1
       0
       1
       1
       1
       1
       3
       1
       3
       0
       0
       1
       2
       0
       1
       1
       1
       0
       1
       0
       0
       0
       2
       1
       3
       0
       1
       0
       1
       1
       1
       2
       0
       2
       2
       2
       2
       0
       3
       1
       2
       2
       1
       1
       0
       4
       2
       1
       0
       2
       1
       0
       2
       1
       2
       0
       4
       0
       0
       2
       0
       1
       2
       0
       0
       1
       1
       0
       0
       1
       0
       0
       2
       0
       2
       0
       2
       0
       1
       0
       2
       2
       2
       0
       2
       0
       1
       1
       1
       0
       0
       3
       1
       1
       2
       2
       0
       1
       2
       1
       1
       0
       1
       1
       0
       0
       1
       2
       0
       1
       2
       1
       0
       2
       2
       1
       1
       0
       0
       2
       2
       1
       0
       1
       1
       1
       2
       0
       0
       2
       2
       1
       1
       3
       1
       1
       2
       2
       0
       1
       2
       3
       0
       2
       1
       1
       1
       1
       0
       1
       0
       1
       2
       2
       1
       3
       2
       1
       1
       1
       1
       2
       2
       0
       0
       2
       0
       2
       0
       2
       0
       0
       2
       0
       2
       3
       1
       5
       2
       2
       4
       6
       7
       9
       9
      10
       8
       9
       7
       5
       3
       4
       2
       0
       0
       1
       2
       1
       2
       0
       1
       0
       1
       3
       2
       1
       1
       0
       1
       0
       0
       0
       0
       0
       2
       0
       1
       1
       1
       3
       1
       2
       0
       0
       0
       0
       0
       0
       0
       0
       2
       0
       1
       1
       1
       1
       1
       1
       1
       0
       0
       2
       1
       1
       2
       0
       2
       1
       2
       0
       1
       0
       1
       1
       3
       2
       0
       2
       2
       1
       1
       1
       3
       1
       2
       2
       0
       0
       1
       1
       4
       4
       1
       1
       1
       0
       1
       2
       0
       0
       1
       0
       1
       1
       1
       1
       4
       2
       1
       2
       1
       2
       3
       2
       2
       1
       1
       0
       1
       1
       2
       1
       1
       1
       1
       2
       0
       0
       1
       2
       1
       1
       1
       2
       2
       0
       0
       1
       3
       1
       2
       2
       1
       2
       2
       0
       0
       1
       5
       0
       0
       3
       1
       0
       0
       0
       1
       0
       1
       1
       1
       2
       1
       0
       2
       5
       2
       1
       2
       1
       1
       1
       1
       0
       2
       2
       1
       2
       2
       0
       0
       1
       0
       0
       0
       0
       1
       0
       3
       1
       2
       0
       2
       3
       1
       0
       0
       1
       2
       1
       1
       2
       0
       0
       2
       5
       1
       0
       2
       1
       0
       1
       1
       0
       1
       0
       2
       0
       0
       1
       0
       0
       1
       1
       2
       4
       1
       2
       2
       0
       2
       1
       1
       1
       1
       1
       3
       1
       1
       1
       3
       1
       2
       1
       1
       2
       2
       2
       4
       1
       0
       1
       1
       2
       0
       1
       1
       3
       0
       2
       3
       1
       1
       3
       2
       0
       0
       0
       3
       4
       2
       1
       2
       0
       1
       0
       2
       0
       2
       2
       1
       3
       2
       2
       3
       0
       0
       2
       2
       1
       0
       4
       2
       0
       0
       0
       1
       3
       1
       2
       2
       2
       3
       2
       0
       1
       0
       1
       3
       2
       2
       0
       2
       1
       2
       3
       2
       1
       0
       1
       4
       3
       3
       0
       2
       2
       1
       2
       1
       1
       0
       1
       2
       0
       2
       0
       2
       0
       2
       2
       3
       2
       1
       1
       2
       1
       0
       3
       1
       0
       1
       1
       0
       3
       1
       0
       1
       0
       3
       1
       2
       1
       3
       3
       2
       0
       2
       2
       1
       1
       1
       1
       0
       2
       1
       1
       2
       1
       1
       2
       2
       3
       1
       5
       3
       2
       1
       1
       0
       3
       1
       2
       1
       3
       2
       1
       1
       1
       4
       2
       1
       0
       0
       2
       1
       3
       0
       0
       1
       4
       1
       4
       1
       1
       2
       1
       2
       0
       1
       0
       3
       2
       0
       1
       3
       0
       1
       1
       5
       3
       4
       0
       3
       0
       1
       4
       2
       4
       1
       1
       3
       0
       3
       1
       2
       3
       0
       0
       1
       0
       0
       2
       0
       0
       2
       0
       1
       1
       2
       2
       2
       1
       2
       4
       2
       0
       2
       0
       1
       0
       0
       1
       2
       0
       0
       0
       2
       2
       0
       1
       2
       1
       1
       2
       1
       0
       1
       1
       0
       2
       1
       2
       1
       1
       2
       1
       2
       1
       0
       0
       0
       0
       0
       1
       2
       2
       0
       1
       3
       0
       1
       1
       0
       0
       0
       0
       0
       0
       3
       0
       0
       3
       1
       1
       2
       0
       1
       2
       1
       2
       1
       1
       1
       1
       0
       0
       0
       0
       0
       1
       1
       2
       0
       1
       2
       0
       2
       1
       3
       1
       0
       2
       2
       1
       2
       0
       1
       0
       1
       2
       0
       1
       1
       5
       1
       0
       0
       0
       3
       0
       1
       1
       1
       3
       0
       0
       1
       1
       1
       0
       1
       1
       2
       1
       0
       1
       1
       1
       2
       0
       3
       1
       1
       0
       2
       3
       0
       1
       3
       1
       2
       0
       1
       1
       0
       0
       0
       1
       1
       1
       0
       1
       1
       0
       2
       2
       0
       0
       0
       0
       0
       2
       1
       0
       0
       0
       0
       0
       2
       2
       2
       1
       1
       4
       3
       3
       3
       2
       1
       2
       1
       1
       0
       1
       2
       2
       1
       0
       0
       0
       1
       2
       1
       2
       2
       1
       2
       1
       1
       1
       0
       0
       0
       0
       1
       0
       1
       0
       1
       0
       0
       0
       0
       0
       1
       0
       1
       0
       1
       1
       1
       0
       2
       0
       0
       0
       0
       0
       2
       1
       0
       0
       2
       0
       1
       0
       0
       1
       0
       2
       1
       0
       1
       0
       2
       0
       0
       1
       0
       2
       3
       0
       1
       0
       0
       1
       0
       1
       0
       0
       0
       1
       0
       0
       0
       0
       0
       0
       0
       2
       0
       0
       0
       0
       1
       1
       1
       0
       0
       0
       3
       0
       0
       1
       1
       1
       1
       1
       0
       0
       0
       1
       0
       0
       1
       1
       1
       0
       0
       1
       3
       0
       0
       0
       0
       0
       1
       2
       0
       0
       0
       1
       0
       1
       1
       0
       0
       0
       0
       2
       0
       1
       1
       0
       0
       0
       0
       0
       0
       0
       0
       0
       0
       0
       0
       0
       0
       1
       0
       1
       0
       0
       0
       0
       0
       0
       0
       0
       0
       0
       1
       0
       0
       0
       0
       0
       0
       0
       0
       1
       0
       0
       1
       0
       3
       0
       0
       0
       0
       0
       0
       0
       0
       0
       1
       0
       0
       0
       2
       0
       0
       0
       0
       1
       0
       0
       0
       0
       0
       0
       0
       0
       0
       0
       0
       0
       0
       0
       0
       0
       0
       1
       0
       0
       0
       0
       0
       0
       0
       0
       0
       1
       0
       1
       0
       0
       1
       0
       1
       1
       1
       2
       0
       1
       0
       0
       0
       0
       0
       0
       0
       0
       0
       0
       2
       0
       0
       0
       0
       1
       0
       0
       0
       0
       0
       0
       0
       0
       0
       0
       0
       1
       0
       1
       0
       0
       0
       0
       1
       0
       1
       0
       0
       0
       0
       0
       0
       0
       0
       0
       0
       0
       0
       0
       0
       0
       0
       1
       0
       0
       0
       0
       0
       0
       0
       1
       0
       0
       0
       1
       0
       0
       0
       0
       0
       0
       0
       0
       1
       1
       0
       0
       0
       0
       0
       0
       1
       0
       0
       0
       0
       1
       0
       0
       0
       0
       2
       0
       0
       0
       1
       0
       0
       0
       0
       0
       0
       0
       0
       0
       0
       0
       1
       0
       0
       0
       0
       0
       0
       1
       0
       0
       0
       0
       0
       0
       0
       0
       0
       0
       0
       0
       0
       0
       0
       1
       1
       0
       1
       1
       0
       0
       0
       0
       0
       0
       0
       0
       0
       0
       1
       0
       0
       0
       0
       0
       0
       0
       0
       0
       0
       0
       0
       0
       0
       0
       0
       0
       1
       0
       1
       0
       2
       1
       1
       0
       0
       3
       3
       6
      13
      12
      26
      29
      48
      60
      60
      61
      35
      38
      24
      15
       8
       5
       0
       0
       2
       0
       0
       0
       1
       0
       0
       1
       0
       0
       0
       0
       0
       0
       0
       0
       0
       0
       0
       0
       0
       0
       0
       0
       0
       0
       0
       0
       0
       0
       0
       0
       0
       0
       0
       0
       0
       0
       1
       0
       0
       0
       0
       0
       0
       0
       0
       0
       0
       0
       0
       0
       0
       0
       0
       0
       0
       0
       0
       0
       0
       1
       0
       0
       1
       0
       0
       0
       0
       1
       0
       0
       0
       0
       0
       0
       0
       0
       0
       0
       0
       0
       0
       0
       0
       0
       0
       0
       0
       0
       0
       0
       1
       0
       0
       0
       0
       0
       0
       0
       0
       0
       0
       0
       0
       0
       0
       0
       0
       0
       0
       0
       0
       0
       0
       0
       0
       0
       0
       0
       0
       0
       0
       0
       0
       0
       0
       0
       0
       0
       0
       0
       0
       0
       0
       0
       0
       0
       0
       0
       0
       0
       0
       0
       0
       0
       0
       0
       0
       0
       0
       0
       0
       0
       0
       0
       0
       0
       0
       0
       0
       0
       0
       0
       0
       0
       0
       0
       0
       0
       0
       0
       0
       0
       0
       0
       0
       0
       0
       0
       0
       0
       0
       0
       0
       0
       0
       0
       0
       0
       0
       0
       0
       0
       0
       0
       0
       0
       0
       0
       0
       0
       0
       0
       0
       0
       0
       0
       1
       0
       0
       0
       0
       0
       0
       0
       0
       0
       0
       0
       0
       0
       0
       0
       0
       0
       0
       0
       0
       0
       0
       0
       0
       0
       0
       0
       0
       0
       0
       0
       0
       0
       1
       0
       0
       0
       0
       0
       0
       0
       0
       0
       0
       0
       0
       0
       0
       0
       0
       0
       0
       0
       0
       0
       0
       0
       0
       0
       0
       0
       0
       0
       0
       0
       0
       0
       0
       0
       0
       0
       0
       0
       1
       0
       0
       0
       0
       0
       0
       0
       0
       0
       0
       0
       0
       0
       0
       0
       0
       0
       0
       0
       0
       0
       0
       0
       0
       0
       0
       0
       0
       0
       0
       0
       0
       0
       0
       0
       0
       0
       0
       0
       0
       0
       0
       0
       0
       0
       0
       0
       0
       0
       0
       0
       0
       0
       0
       0
       0
       0
       0
       0
       0
       0
       0
       0
       0
       0
       0
       0
       0
       0
       0
       0
       0
       0
       0
       0
       0
       0
       0
       0
       1
       0
       1
       0
       0
       0
       0
       0
       0
       0
       0
       0
       0
       0
       0
       0
       0
       0
       0
       0
       0
       0
       0
       0
       0
       0
       0
       0
       0
       0
       0
       2
       0
       0
       0
       0
       0
       0
       0
       0
       0
       0
       0
       0
       0
       0
       0
       0
       0
       0
       0
       0
       0
       0
       0
       0
       0
       0
       0
       0
       0
       0
       0
       0
       0
       0
       0
       0
       0
       0
       0
       0
       0
       0
       0
       0
       0
       0
       0
       0
       0
       0
       0
       0
       0
       0
       0
       0
       0
       0
       0
       0
       0
       0
       0
       0
       0
       0
       0
       1
       0
       0
       0
       0
       0
       0
       0
       0
       0
       0
       0
       0
       0
       0
       0
       0
       0
       0
       0
       0
       0
       0
       0
       0
       0
       0
       0
       0
       0
       0
       0
       0
       0
       0
       0
       0
       0
       0
       0
       0
       0
       0
       0
       0
       0
       0
       0
       0
       0
       0
       0
       0
       0
       0
       0
       0
       0
       0
       0
       1
       0
       0
       0
       0
       0
       0
       0
       0
       0
       0
       0
       0
       0
       0
       0
       0
       0
       0
       0
       0
       0
       0
       0
       0
       0
       0
       0
       0
       0
       0
       0
       0
       0
       0
       0
       0
       0
       0
       0
       0
       0
       0
       0
       0
       0
       0
       0
       0
       0
       0
       0
       0
       0
       0
       0
       0
       1
       0
       0
       0
       0
       0
       0
       0
       0
       0
       0
       0
       0
       0
       0
       0
       0
       0
       0
       0
       1
       0
       0
       0
       0
       0
       0
       0
       0
       0
       0
       0
       0
       0
       0
       0
       0
       0
       0
       0
       0
       0
       0
       0
       0
       0
       0
       0
       0
       0
       1
       0
       0
       0
       0
       0
       0
       0
       0
       0
       0
       0
       0
       0
       0
       0
       0
       0
       0
       0
       0
       0
       0
       0
       0
       0
       0
       0
       0
       0
       0
       0
       0
       0
       0
       0
       0
       0
       1
       0
       0
       0
       0
       1
       0
       0
       0
       0
       0
       0
       0
       0
       0
       0
       0
       0
       0
       0
       0
       0
       0
       0
       0
       0
       0
       0
       0
       0
       0
       0
       0
       0
       0
       0
       0
       0
       0
       0
       0
       0
       0
       0
       0
       0
       0
       0
       0
       0
       0
       0
       0
       0
       0
       0
       0
       0
       0
       0
       0
       0
       0
       0
       0
       0
       0
       0
       0
       0
       0
       0
       0
       0
       0
       0
       0
       0
       0
       0
       0
       0
       0
       0
       0
       0
       0
       0
       0
       0
       0
       0
       0
       0
       0
       0
       0
       0
       0
       0
       0
       0
       0
       0
       0
       0
       0
       0
       0
       0
       0
       0
       1
       0
       0
       0
       1
       0
       0
       0
       0
       0
       0
       0
       0
       0
       0
       0
       0
       0
       0
       0
       0
       0
       0
       0
       0
       1
       0
       0
       0
       0
       0
       0
       1
       0
       0
       0
       0
       0
       0
       0
       0
       0
       0
       0
       0
       0
       0
       0
       0
       0
       0
       0
       0
       0
       0
       0
       0
       0
       0
       0
       0
       0
       1
       1
       0
       0
       1
       0
       0
       0
       0
       0
       0
       0
       0
       0
       0
       0
       0
       0
       1
       0
       0
       0
       0
       0
       0
       0
       0
       0
       0
       0
       0
       0
       0
       0
       0
       0
       0
       0
       0
       0
       0
       0
       0
       0
       0
       0
       0
       0
       0
       0
       0
       0
       0
       0
       0
       0
       1
       0
       0
       0
       0
       0
       0
       0
       0
       0
       0
       1
       0
       0
       0
       0
       0
       0
       0
       0
       0
       0
       0
       0
       0
       0
       0
       0
       0
       0
       0
       0
       0
       0
       0
       0
       0
       0
       0
       0
       0
       0
       0
       0
       0
       0
       0
       0
       0
       0
       0
       0
       0
       0
       0
       0
       0
       0
       0
       0
       0
       0
       0
       0
       0
       0
       0
       0
       0
       1
       0
       0
       0
       0
       0
       0
       0
       0
       0
       0
       0
       0
       1
       0
       0
       0
       0
       0
       0
       0
       0
       0
       0
       0
       0
       0
       0
       0
       0
       1
       0
       0
       0
       0
       0
       0
       0
       0
       0
       0
       0
       0
       0
       0
       0
       0
       0
       0
       0
       0
       0
       0
       0
       0
       0
       0
       0
       0
       0
       0
       0
       0
       0
       0
       1
       0
       0
       0
       0
       0
       0
       0
       0
       0
       0
       0
       0
       0
       0
       0
       0
       0
       0
       0
       0
       0
       0
       0
       0
       0
       0
       0
       0
       0
       0
       0
       0
       0
       0
       0
       0
       0
       0
       0
       0
       0
       0
       0
       0
       0
       0
       0
       0
       0
       0
       0
       0
       0
       0
       0
       0
       0
       0
       0
       0
       0
       0
       0
       0
       0
       0
       0
       0
       1
       0
       0
       0
       0
       0
       0
       0
       0
       0
       0
       0
       0
       0
       0
       0
       1
       0
       0
       0
       0
       0
       0
       0
       0
       0
       0
       0
       0
       0
       0
       0
       0
       0
       0
       0
       0
       0
       0
       0
       0
       0
       0
       0
       0
       0
       0
       0
       0
       0
       0
       0
       0
       0
       0
       0
       0
       0
       0
       0
       0
       0
       0
       0
       0
       0
       0
       0
       0
       0
       0
       0
       0
       0
       0
       0
       0
       1
       0
       0
       0
       0
       0
       0
       0
       0
       0
       0
       0
       0
       0
       0
       0
       0
       0
       0
       0
       0
       0
       0
       0
       0
       0
       0
       1
       0
       0
       0
       0
       0
       0
       0
       0
       0
       0
       0
       0
       0
       0
       0
       0
       0
       0
       0
       0
       1
       0
       0
       0
       0
       0
       0
       0
       0
       0
       0
       0
       0
       0
       0
       0
       0
       0
       0
       0
       0
       0
       0
       0
       0
       1
       0
       0
       0
       0
       0
       0
       0
       0
       0
       0
       0
       0
       0
       0
       0
       0
       0
       0
       0
       0
       0
       0
       0
       0
       0
       0
       0
       0
       0
       0
       1
       0
       0
       0
       0
       0
       0
       0
       0
       0
       0
       0
       0
       0
       0
       0
       0
       0
       0
       0
       0
       0
       0
       0
       0
       0
       0
       0
       0
       0
       0
       0
       0
       0
       0
       0
       0
       0
       0
       0
       0
       0
       0
       0
       0
       0
       0
       0
       0
       0
       0
       0
       0
       0
       0
       0
       0
       0
       0
       0
       0
       0
       0
       0
       0
       0
       0
       0
       0
       0
       0
       0
       0
       0
       0
       0
       0
       0
       0
       0
       0
       0
       0
       0
       0
       0
       0
       0
       0
       0
       0
       0
       0
       0
       0
       0
       0
       0
       0
       0
       0
       0
       0
       0
       0
       0
       0
       0
       0
       0
       0
       0
       0
       0
       0
       0
       0
       0
       0
       0
       0
       0
       0
       0
       0
       0
       0
       0
       0
       0
       0
       0
       0
       0
       0
       0
       0
       0
       0
       0
       0
       0
       0
       0
       0
$ROI:
4
3000 3148
6265 6424
7040 7174
7526 7566
$PRESETS:
None
0
0
$ENER_FIT:
0.000000 0.000000
$MCA_CAL:
3
0.000000E+000 0.000000E+000 0.000000E+000 
$SHAPE_CAL:
3
0.000000E+000 0.000000E+000 0.000000E+000
