$SPEC_ID:
No sample description was entered.
$SPEC_REM:
DET# 1
DETDESC# DESKTOP-AKUPN2F Easy-MCA-8k SN 09022236
AP# Maestro Version 7.01
$DATE_MEA:
01/31/2017 11:44:55
$MEAS_TIM:
5490 5521
$DATA:
0 8191
       0
       0
       0
       0
       0
       0
       0
       0
       8
       5
       1
       4
       2
       0
       1
       0
       0
       0
       0
       0
       0
       0
       0
       0
       0
       0
       0
       0
       0
       0
       0
       0
       0
       0
       0
       0
       0
       0
       0
       0
       0
       0
       0
       0
       0
       0
       0
       0
       0
       0
       0
       0
       0
       0
       0
       0
       1
       1
       8
      14
      48
      77
     283
    1262
    1603
    1145
     904
     810
     791
     943
     769
     509
     386
     345
     373
     317
     336
     344
     316
     402
     375
     401
     360
     369
     434
     462
     446
     475
     471
     451
     479
     429
     460
     412
     446
     445
     359
     387
     352
     354
     359
     344
     333
     332
     344
     356
     341
     338
     326
     320
     303
     336
     291
     282
     315
     311
     324
     310
     279
     288
     302
     274
     306
     284
     300
     259
     316
     325
     321
     294
     305
     273
     291
     277
     263
     279
     312
     297
     278
     311
     286
     299
     296
     271
     305
     246
     277
     278
     274
     272
     282
     260
     282
     253
     284
     246
     268
     261
     274
     269
     265
     258
     283
     279
     253
     263
     272
     257
     266
     281
     270
     271
     286
     298
     280
     280
     270
     301
     267
     289
     283
     287
     279
     300
     290
     284
     286
     298
     307
     283
     240
     299
     300
     290
     308
     309
     293
     299
     265
     292
     300
     288
     304
     280
     307
     318
     316
     318
     315
     314
     349
     325
     340
     328
     334
     343
     349
     359
     352
     369
     379
     370
     379
     370
     363
     346
     356
     365
     390
     379
     385
     357
     380
     392
     381
     450
     411
     424
     421
     395
     379
     397
     409
     434
     422
     410
     418
     418
     464
     464
     432
     436
     420
     438
     411
     440
     443
     476
     417
     463
     491
     428
     488
     444
     445
     505
     502
     485
     494
     526
     505
     529
     468
     516
     495
     526
     518
     626
     619
     670
     659
     698
     760
     803
     833
     759
     863
     910
     961
     998
    1041
    1062
    1027
    1037
    1092
    1072
    1005
    1003
     884
     865
     853
     723
     739
     714
     630
     573
     579
     583
     529
     495
     508
     528
     528
     462
     506
     465
     520
     488
     524
     515
     540
     541
     566
     500
     562
     545
     516
     582
     576
     612
     660
     727
     756
     749
     774
     745
     735
     735
     746
     757
     697
     723
     678
     667
     657
     636
     660
     660
     613
     596
     597
     566
     574
     576
     555
     545
     568
     611
     512
     527
     538
     560
     549
     538
     502
     516
     524
     566
     550
     540
     497
     541
     514
     602
     526
     531
     539
     567
     502
     552
     531
     492
     501
     540
     573
     541
     545
     552
     543
     557
     536
     529
     539
     533
     525
     532
     525
     592
     513
     543
     524
     512
     508
     526
     526
     530
     567
     556
     522
     505
     478
     567
     537
     511
     505
     577
     534
     575
     488
     561
     529
     511
     522
     508
     556
     538
     504
     518
     557
     523
     532
     520
     537
     510
     514
     526
     547
     514
     504
     550
     528
     505
     533
     521
     512
     470
     502
     495
     549
     497
     503
     522
     502
     535
     554
     497
     518
     503
     522
     489
     525
     479
     476
     522
     577
     475
     508
     516
     488
     488
     476
     487
     501
     483
     506
     496
     488
     502
     505
     506
     476
     485
     489
     480
     486
     469
     468
     503
     493
     481
     495
     477
     481
     509
     502
     480
     485
     466
     459
     467
     488
     494
     511
     497
     533
     520
     494
     487
     479
     469
     494
     523
     492
     498
     494
     453
     468
     533
     468
     462
     469
     470
     502
     492
     485
     462
     482
     509
     466
     478
     460
     475
     501
     460
     433
     462
     489
     483
     469
     436
     472
     415
     463
     489
     471
     452
     446
     451
     452
     464
     479
     449
     449
     426
     416
     417
     433
     452
     430
     477
     458
     412
     434
     419
     420
     413
     435
     437
     416
     471
     459
     446
     459
     428
     432
     462
     406
     437
     411
     389
     389
     424
     416
     425
     438
     411
     425
     382
     422
     444
     421
     432
     425
     413
     401
     425
     427
     417
     426
     385
     386
     418
     379
     388
     422
     404
     376
     427
     373
     388
     414
     414
     399
     391
     427
     417
     398
     410
     409
     375
     411
     408
     404
     358
     389
     403
     401
     416
     393
     453
     385
     383
     410
     349
     383
     339
     392
     394
     368
     350
     385
     392
     325
     327
     368
     369
     385
     367
     392
     361
     360
     358
     364
     352
     378
     387
     399
     371
     387
     352
     380
     372
     356
     332
     405
     355
     373
     339
     365
     373
     366
     370
     344
     332
     384
     330
     352
     363
     363
     375
     384
     336
     369
     334
     349
     345
     359
     329
     360
     360
     343
     381
     365
     310
     359
     323
     364
     328
     349
     342
     380
     311
     324
     371
     317
     335
     340
     322
     331
     346
     306
     335
     338
     362
     358
     314
     336
     340
     367
     355
     381
     381
     338
     337
     347
     331
     367
     352
     343
     342
     367
     365
     389
     364
     346
     394
     367
     349
     363
     376
     417
     381
     378
     348
     391
     387
     366
     380
     344
     380
     380
     321
     378
     355
     346
     368
     328
     358
     341
     348
     347
     331
     341
     326
     327
     299
     309
     341
     306
     332
     307
     335
     330
     316
     311
     316
     302
     320
     308
     294
     321
     325
     307
     299
     343
     329
     311
     274
     322
     315
     288
     281
     323
     336
     278
     292
     292
     281
     295
     270
     302
     310
     294
     302
     303
     282
     287
     290
     321
     333
     280
     308
     304
     297
     314
     298
     280
     286
     262
     273
     298
     291
     309
     286
     290
     263
     292
     252
     274
     272
     279
     301
     258
     261
     260
     282
     276
     285
     298
     288
     305
     288
     289
     276
     298
     288
     299
     276
     259
     307
     281
     239
     276
     273
     281
     269
     267
     273
     276
     285
     283
     285
     284
     272
     215
     271
     263
     284
     289
     258
     294
     268
     263
     259
     278
     277
     268
     258
     253
     270
     278
     282
     271
     246
     276
     279
     256
     259
     259
     269
     235
     276
     256
     264
     292
     246
     239
     254
     256
     246
     244
     276
     261
     277
     258
     248
     271
     294
     252
     271
     259
     238
     252
     232
     253
     270
     267
     252
     281
     263
     279
     271
     276
     252
     243
     221
     247
     261
     246
     229
     269
     240
     235
     289
     263
     266
     250
     218
     229
     251
     254
     244
     246
     228
     264
     228
     254
     284
     233
     256
     290
     273
     313
     284
     303
     297
     333
     323
     347
     321
     317
     298
     318
     300
     307
     312
     316
     268
     247
     294
     266
     228
     269
     234
     219
     256
     224
     243
     227
     222
     236
     225
     229
     196
     183
     228
     259
     219
     217
     220
     216
     240
     217
     228
     204
     218
     230
     220
     219
     203
     212
     223
     223
     190
     212
     208
     189
     223
     198
     208
     211
     213
     207
     231
     242
     218
     217
     210
     209
     220
     202
     215
     192
     224
     203
     208
     220
     201
     200
     222
     213
     215
     220
     200
     215
     222
     207
     193
     209
     199
     205
     217
     219
     196
     194
     212
     231
     185
     216
     210
     215
     207
     224
     193
     186
     216
     221
     196
     180
     209
     203
     196
     216
     225
     219
     200
     214
     202
     177
     200
     202
     198
     211
     235
     217
     212
     222
     194
     211
     195
     176
     200
     227
     225
     240
     217
     195
     211
     194
     197
     205
     213
     226
     217
     198
     177
     197
     197
     187
     191
     190
     221
     193
     204
     217
     205
     185
     202
     186
     241
     160
     192
     175
     183
     204
     180
     204
     207
     180
     209
     177
     194
     178
     195
     178
     188
     168
     207
     179
     193
     189
     193
     219
     196
     197
     181
     178
     211
     181
     199
     186
     198
     172
     184
     186
     173
     183
     181
     186
     194
     186
     184
     168
     194
     166
     173
     196
     175
     183
     178
     181
     163
     197
     190
     186
     192
     180
     185
     192
     174
     176
     164
     183
     189
     179
     167
     187
     201
     202
     181
     193
     211
     221
     207
     252
     237
     216
     256
     219
     214
     235
     218
     201
     220
     205
     201
     198
     190
     204
     190
     176
     188
     178
     199
     177
     191
     185
     179
     197
     194
     194
     228
     165
     181
     188
     198
     190
     181
     172
     173
     187
     164
     180
     176
     183
     193
     163
     178
     165
     192
     152
     207
     158
     177
     189
     152
     161
     190
     184
     189
     186
     184
     179
     180
     175
     168
     182
     164
     172
     166
     175
     154
     172
     169
     177
     184
     201
     189
     183
     151
     194
     189
     190
     184
     169
     167
     150
     186
     174
     181
     171
     162
     154
     190
     159
     158
     166
     169
     176
     162
     155
     167
     190
     157
     189
     187
     179
     212
     170
     173
     176
     145
     176
     167
     175
     184
     175
     168
     183
     178
     183
     188
     178
     191
     189
     169
     155
     176
     154
     154
     169
     175
     167
     189
     187
     187
     158
     169
     161
     156
     177
     145
     173
     163
     136
     161
     187
     189
     174
     152
     160
     162
     164
     161
     187
     173
     169
     170
     174
     153
     145
     181
     203
     177
     150
     181
     164
     193
     164
     159
     190
     165
     178
     164
     177
     183
     149
     133
     191
     179
     176
     186
     210
     196
     176
     185
     178
     186
     205
     164
     171
     184
     179
     209
     171
     165
     205
     188
     181
     186
     173
     189
     153
     170
     174
     145
     162
     179
     165
     162
     173
     171
     162
     178
     158
     165
     160
     172
     170
     165
     146
     153
     189
     160
     170
     150
     180
     161
     178
     173
     171
     207
     224
     195
     213
     224
     236
     245
     256
     215
     236
     230
     230
     195
     199
     198
     202
     183
     168
     177
     137
     172
     158
     163
     171
     148
     174
     145
     159
     171
     165
     143
     175
     150
     175
     143
     160
     165
     131
     157
     168
     143
     165
     122
     155
     162
     175
     177
     147
     146
     170
     141
     150
     153
     166
     167
     159
     163
     165
     126
     146
     160
     169
     153
     153
     149
     158
     154
     164
     154
     179
     153
     175
     166
     184
     190
     177
     143
     156
     162
     150
     167
     191
     170
     167
     169
     173
     126
     153
     155
     179
     170
     165
     154
     176
     174
     147
     163
     178
     167
     158
     157
     150
     158
     172
     163
     189
     174
     157
     170
     154
     187
     153
     154
     155
     149
     152
     166
     144
     171
     169
     163
     163
     156
     160
     171
     170
     167
     151
     169
     142
     168
     177
     151
     161
     153
     146
     180
     183
     163
     165
     153
     189
     176
     146
     178
     146
     178
     170
     181
     159
     155
     166
     171
     161
     190
     175
     170
     181
     162
     167
     165
     198
     142
     172
     158
     159
     174
     158
     173
     161
     175
     172
     176
     159
     161
     151
     170
     150
     150
     185
     160
     169
     158
     162
     171
     166
     169
     166
     158
     164
     178
     175
     181
     167
     175
     173
     173
     169
     174
     193
     171
     177
     176
     170
     174
     171
     153
     166
     171
     184
     165
     170
     170
     172
     173
     182
     180
     204
     180
     174
     183
     176
     180
     179
     178
     178
     157
     164
     152
     180
     156
     151
     168
     155
     162
     155
     181
     171
     155
     166
     191
     167
     191
     179
     162
     190
     160
     179
     170
     183
     180
     180
     152
     195
     180
     180
     188
     176
     168
     168
     170
     199
     178
     183
     173
     185
     194
     173
     182
     175
     167
     191
     183
     196
     157
     171
     148
     184
     182
     181
     159
     167
     171
     196
     177
     182
     176
     175
     178
     180
     160
     190
     179
     176
     165
     178
     179
     181
     176
     183
     182
     171
     160
     177
     180
     172
     211
     197
     181
     173
     163
     193
     196
     196
     182
     180
     172
     186
     183
     184
     175
     185
     185
     174
     215
     179
     213
     184
     198
     197
     177
     168
     198
     160
     202
     182
     205
     206
     179
     191
     180
     202
     209
     158
     191
     166
     181
     186
     198
     181
     172
     188
     190
     200
     165
     219
     220
     172
     199
     222
     175
     170
     170
     190
     194
     209
     194
     218
     195
     196
     237
     202
     166
     216
     201
     170
     181
     191
     207
     198
     219
     214
     194
     180
     190
     180
     202
     202
     177
     169
     190
     200
     196
     200
     206
     189
     186
     193
     195
     170
     188
     184
     196
     182
     203
     212
     194
     190
     177
     209
     210
     213
     193
     198
     207
     202
     192
     223
     202
     192
     207
     193
     209
     188
     204
     223
     198
     221
     207
     229
     180
     247
     207
     217
     194
     213
     167
     191
     194
     227
     236
     208
     216
     185
     202
     230
     208
     199
     230
     227
     212
     228
     205
     213
     196
     200
     231
     219
     229
     213
     203
     219
     213
     207
     196
     173
     208
     216
     197
     211
     228
     198
     198
     222
     192
     211
     214
     199
     197
     206
     220
     201
     191
     191
     199
     203
     215
     193
     201
     205
     209
     231
     181
     209
     229
     178
     202
     227
     220
     200
     191
     202
     215
     198
     206
     197
     191
     187
     208
     191
     182
     168
     199
     177
     173
     180
     170
     169
     170
     149
     173
     174
     172
     183
     171
     163
     149
     157
     174
     141
     136
     120
     155
     178
     132
     147
     128
     159
     153
     145
     153
     157
     145
     144
     135
     164
     139
     136
     137
     148
     124
     136
     130
     131
     120
     140
     133
     141
     140
     121
     142
     141
     143
     127
     136
     121
     132
     128
     134
     130
     132
     143
     113
     138
     109
     123
     155
     109
     130
     149
     127
     137
     106
     124
     124
     106
     110
     125
     109
     129
     103
      98
     118
     131
     117
     105
     119
     103
     106
     121
     113
      88
     106
      97
     119
     119
     103
     105
     110
     128
     106
     105
     120
     101
     106
     119
     112
     108
     114
     103
     119
     113
     103
     116
     115
     110
     114
     112
     117
     109
     111
     115
     114
     105
      99
      80
     106
     125
     122
     120
     127
     115
     152
     125
     135
     129
     131
     121
     156
     124
     150
     142
     137
     129
     134
     125
     133
     100
     110
     109
     101
      90
     108
     102
     102
     107
     101
     117
      85
      78
     123
      89
      89
      97
      99
      95
      75
      90
      93
      95
      94
      88
     100
      84
      85
      85
      92
      82
      67
      60
      88
     105
      93
      77
     101
      97
      95
      88
      98
      78
      91
      81
      82
      98
      87
      76
      99
      90
      91
      95
      92
      84
      81
      74
      79
      83
      80
      75
      74
     107
      84
      84
      80
      80
      85
      67
      81
      91
      58
      69
      66
      82
      69
      90
      74
      66
      88
      97
      68
      70
      71
      85
      77
      74
      70
      57
      70
      77
      69
      58
      82
      75
      73
      73
      70
      78
      64
      69
      62
      63
      60
      79
      65
      68
      62
      71
      85
      59
      71
      66
      64
      71
      61
      76
      80
      66
      64
      61
      70
      74
      89
      65
      75
      78
      69
      57
      68
      51
      71
      66
      64
      79
      79
      64
      67
      64
      72
      62
      44
      59
      61
      67
      55
      69
      74
      61
      69
      63
      74
      63
      57
      76
      66
      72
      61
      56
      56
      53
      61
      61
      50
      46
      45
      70
      65
      58
      66
      61
      52
      51
      56
      60
      53
      46
      62
      60
      57
      56
      52
      45
      55
      52
      55
      61
      51
      54
      51
      55
      51
      47
      53
      53
      60
      54
      44
      66
      60
      63
      52
      69
      69
      44
      57
      58
      61
      42
      63
      61
      54
      66
      54
      49
      54
      58
      56
      52
      64
      57
      60
      40
      40
      71
      65
      57
      53
      64
      71
      74
      64
      57
      53
      56
      67
      55
      55
      52
      56
      54
      62
      48
      42
      55
      50
      51
      57
      54
      52
      60
      43
      52
      46
      54
      60
      57
      52
      63
      53
      66
      50
      64
      52
      59
      56
      51
      56
      62
      42
      52
      52
      61
      58
      52
      59
      69
      81
      70
      91
      84
      91
     109
     118
     114
      94
      89
     104
      98
      81
      78
      73
      55
      78
      59
      46
      54
      46
      57
      45
      49
      48
      33
      52
      52
      61
      51
      53
      54
      57
      57
      48
      47
      44
      46
      43
      42
      42
      41
      52
      44
      57
      51
      41
      54
      51
      67
      48
      60
      48
      56
      51
      50
      50
      60
      46
      49
      46
      50
      63
      61
      60
      59
      59
      57
      57
      45
      57
      56
      45
      58
      58
      43
      56
      46
      61
      57
      43
      50
      64
      56
      48
      58
      51
      65
      50
      52
      51
      52
      70
      52
      46
      52
      45
      44
      67
      45
      59
      65
      58
      86
      71
      73
      86
      95
     114
     115
     122
     140
     134
     132
     117
     118
     130
     103
     106
      92
      83
      79
      62
      70
      69
      63
      50
      50
      49
      45
      39
      59
      56
      45
      55
      50
      62
      48
      58
      43
      45
      42
      56
      61
      48
      39
      46
      40
      52
      41
      58
      51
      47
      46
      54
      58
      63
      48
      56
      53
      50
      57
      65
      52
      60
      66
      58
      51
      43
      52
      54
      50
      60
      40
      48
      61
      51
      42
      59
      55
      66
      65
      56
      49
      53
      59
      41
      56
      56
      64
      53
      48
      48
      51
      54
      56
      52
      44
      48
      50
      56
      45
      51
      50
      64
      52
      64
      56
      73
      62
      53
      47
      60
      46
      62
      55
      70
      65
      38
      67
      49
      58
      58
      49
      55
      54
      52
      71
      52
      64
      52
      64
      53
      66
      57
      66
      58
      61
      53
      64
      63
      44
      76
      64
      53
      48
      76
      52
      50
      70
      60
      57
      46
      61
      66
      63
      60
      45
      46
      55
      65
      61
      65
      51
      61
      60
      55
      61
      62
      64
      59
      62
      71
      72
      70
      63
      65
      62
      72
      58
      50
      65
      74
      53
      61
      57
      72
      60
      68
      57
      60
      58
      53
      63
      56
      53
      50
      59
      54
      59
      59
      59
      53
      50
      55
      66
      61
      87
      77
     142
     215
     324
     497
     747
    1046
    1560
    2147
    2851
    3723
    4537
    5314
    6206
    6870
    7439
    7560
    7867
    7599
    7219
    6662
    5993
    5166
    4226
    3406
    2692
    1947
    1320
     997
     606
     383
     234
     157
      89
      65
      37
      37
      35
      28
      22
      34
      29
      24
      33
      19
      31
      25
      28
      14
      22
      19
      20
      22
      26
      19
      24
      25
      22
      28
      27
      20
      23
      21
      21
      31
      25
      19
      16
      19
      25
      27
      22
      18
      21
      21
      18
      27
      21
      21
      17
      22
      22
      24
      24
      21
      30
      22
      25
      19
      31
      26
      20
      22
      25
      29
      28
      18
      25
      22
      16
      12
      30
      26
      25
      24
      33
      23
      17
      24
      21
      20
      15
      17
      34
      27
      25
      24
      17
      27
      20
      25
      18
      18
      13
      24
      24
      21
      20
      20
      16
      21
      20
      27
      26
      22
      23
      25
      24
      21
      26
      19
      31
      18
      24
      24
      17
      19
      21
      28
      22
      27
      22
      24
      15
      25
      19
      32
      31
      23
      22
      20
      19
      21
      16
      20
      15
      19
      22
      27
      18
      28
      20
      31
      31
      27
      25
      22
      23
      23
      22
      21
      21
      24
      20
      19
      19
      24
      30
      26
      18
      12
      21
      27
      23
      20
      25
      30
      18
      17
      24
      24
      20
      20
      21
      29
      20
      21
      19
      26
      28
      21
      27
      19
      27
      35
      17
      16
      24
      20
      23
      21
      23
      26
      12
      19
      28
      35
      21
      24
      24
      23
      17
      12
      21
      17
      19
      23
      28
      19
      26
      23
      15
      24
      23
      20
      20
      18
      20
      27
      22
      23
      24
      28
      24
      17
      17
      19
      22
      21
      18
      19
      26
      20
      19
      20
      15
      18
      23
      15
      23
      33
      26
      18
      23
      28
      32
      31
      27
      35
      43
      31
      32
      37
      26
      35
      36
      33
      28
      31
      31
      19
      21
      22
      19
      28
      22
      19
      26
      27
      26
      19
      15
      21
      23
      19
      16
      20
      23
      15
      15
      20
      24
      27
      18
      20
      25
      18
      31
      15
      17
      13
      20
      17
      16
      16
      14
      20
      20
      19
      16
      19
      15
      26
      14
      22
      23
      22
      20
      24
      17
      22
      19
      26
      17
      26
      22
      21
      23
      20
      19
      24
      18
      17
      17
      16
      21
      20
      18
      16
      15
      14
      19
      23
      22
      22
      17
      17
      24
      19
      20
      26
      14
      25
      18
      15
      20
      25
      19
      16
      21
      15
      24
      21
      23
      17
      21
      13
      23
      23
      24
      26
      23
      16
      21
      18
      24
      18
      30
      23
      19
      18
      25
      24
      16
      25
      13
      17
      13
      21
      22
      10
      16
      25
      23
      19
      19
      25
      29
      21
      12
      24
      19
      16
      21
      25
      14
      19
      23
      14
      18
      18
      20
      30
      21
      15
      21
      14
      20
      22
      20
      22
      23
      18
      31
      30
      22
      25
      33
      28
      12
      33
      26
      18
      25
      23
      20
      24
      19
      25
      18
      21
      23
      25
      19
      22
      14
      20
      24
      23
      28
      19
      17
      19
      22
      24
      15
      10
      18
      17
      16
      21
      22
      16
      21
      17
      18
      20
      11
      18
      16
      22
      13
      20
       6
      17
      17
      19
      16
      18
      20
      24
      21
      14
      17
      28
      24
      26
      34
      12
      15
      14
      20
      17
      24
      27
      22
      20
      22
      21
      23
      22
      35
      21
      16
      27
      21
      21
      28
      23
      14
      22
      19
      18
      20
      18
      17
      14
      13
      19
      17
      14
      14
      20
      13
      19
      17
      15
      24
      20
      23
      22
      16
      18
      26
      21
      18
      34
      22
      17
      23
      23
      26
      23
      24
      15
      23
      16
      18
      15
      14
      19
      20
      15
      16
      14
      16
      17
      19
      13
      17
      15
      23
      16
      18
      13
      19
      19
      22
      15
      19
      18
      16
      17
      22
      12
      17
      13
       6
      14
      19
      16
      25
      17
      15
      21
      23
      18
      17
      15
      19
      21
      15
      20
      20
      14
      14
      21
      22
      11
      16
      12
      18
      19
      15
      20
      24
      14
      18
      20
      22
      13
      18
      16
      24
      20
      18
      22
      13
      11
      19
      33
      10
      21
      13
      18
      28
      29
      11
      11
      24
      11
      15
      21
      13
      22
      21
      20
      17
      16
      26
      19
       8
      14
      10
      14
      18
      19
      18
      15
      14
      15
      19
      21
      13
      16
      12
      26
      17
      14
      17
      13
      19
      16
      21
      11
      13
      19
      28
      15
      19
      17
      14
      15
      22
      18
      10
      15
      21
      23
      12
       9
      17
      18
      21
      15
      16
      22
      11
      21
      21
      13
      20
      23
      19
      24
      17
      19
      19
      17
      17
      22
      19
      25
      19
      21
      16
      20
      16
      16
      23
      16
      18
      21
      16
      28
      29
      15
      17
      16
      22
      13
      20
      15
      18
      12
      18
      10
      17
      20
      24
      15
      16
      14
      13
      16
       9
      22
      15
      13
      24
      20
      16
      13
      18
      18
      19
      18
      19
      17
      17
      17
      20
      11
      11
      16
      16
      15
      16
      10
      17
      15
      22
       9
      19
      14
      19
       9
      15
      13
      15
      22
      16
      18
      16
      19
      18
       8
      18
      16
      24
      10
      14
      12
      19
      20
      19
      15
      11
      16
      12
      20
      19
      14
      12
      22
      16
      23
      24
      18
      24
      26
      25
      16
      21
      19
      19
      22
      17
      26
      17
      10
      12
      17
      17
      15
      18
      18
      17
      16
      19
      17
      23
      15
      13
      11
      19
      16
      15
      14
      11
      16
      20
      14
      11
      16
      14
      15
      17
      22
      13
      19
      18
      10
      13
      20
      15
      11
      18
       9
      14
      17
      19
      12
      11
      12
      16
      13
      17
      20
      17
      15
      18
      12
      18
      15
      14
      15
      16
      24
      19
      21
      13
      13
      15
      21
      21
      13
      15
      17
      24
      17
      18
      10
      10
      14
      20
      15
      15
      12
      13
      18
      14
      19
      18
      15
      14
      21
      18
      11
      12
      17
      14
      14
      17
      16
      14
      14
      21
      14
      17
      15
      13
       9
      15
      11
      16
      29
      17
      15
      16
      15
      11
      14
      11
      17
      15
      18
      17
      13
      18
      15
      16
      16
      18
      14
      18
      12
      15
      20
      17
      14
      20
      17
      18
      16
      16
      16
      15
      13
      11
      17
      17
      18
       9
      10
      12
       6
      16
      16
      14
      26
      21
      15
      14
      21
       9
      15
      31
      17
      11
      15
      18
      18
      16
      22
      14
      14
      12
      16
      22
      22
      16
      16
      11
      13
      17
      15
      19
      16
      24
      23
      28
      20
      18
      18
      33
      29
      34
      41
      34
      43
      35
      59
      69
      49
      49
      55
      44
      39
      38
      37
      32
      38
      32
      25
      13
      15
      13
      13
       9
      11
      16
      25
      14
       9
      10
      13
      18
      14
      14
      14
      11
      15
      16
      17
      20
      12
      14
      13
      11
      18
      20
      10
      20
      15
      17
      15
      14
      19
      15
       9
      14
      13
      16
      11
      18
      15
      12
      10
      10
      16
      21
      18
      12
      10
      13
      15
      14
      13
      11
      20
      15
      14
      15
      18
      13
      15
      16
      10
      18
      17
      15
      17
      17
      11
      12
      11
      16
      20
      17
      22
      18
      14
      20
      14
      20
      21
      20
      15
      15
      22
      14
      18
      17
      24
      20
      13
      16
      15
      15
      21
      16
      13
      14
      12
       9
      12
      16
      17
       8
      12
      25
      12
      22
       6
      10
      16
      14
      10
      15
      16
      16
      15
      16
      18
      21
      20
      14
      19
      11
      18
      13
      10
      14
      14
      23
      17
      20
      10
      18
      10
      16
      12
      15
      19
      13
      14
      18
      18
      16
      15
      18
      13
      12
      10
      14
      19
      15
      17
      19
      14
      16
       9
      10
      21
       8
      20
      14
      19
      13
      16
      14
      11
      22
      11
      15
      17
      17
      15
      19
      22
      11
      13
      11
      15
      21
      14
       9
       8
      17
      10
      15
      22
      13
      18
      15
      12
      13
      13
      14
      19
      15
      14
      20
      19
      13
      17
      26
      26
      24
      23
      21
      19
      23
      34
      17
      23
      22
      20
      26
      21
      29
      30
      33
      31
      41
      26
      40
      29
      34
      35
      37
      33
      19
      29
      24
      24
      19
      15
      12
      17
      17
      19
      13
      23
      14
       8
      11
      12
      15
      11
       9
      12
      17
      11
      12
      13
      16
       5
      11
      19
      14
      13
      13
      18
       7
      16
      13
      11
      15
      11
      18
      11
      10
      16
      12
      15
      18
      13
      14
      12
      16
      13
      14
      14
      16
       8
      16
       6
       8
      20
      15
      10
      10
      21
      13
      16
      12
      11
      15
      20
      14
      17
      15
      11
      19
      11
      13
       9
      18
      11
      15
       7
      23
      14
       8
      14
      18
       8
       9
      16
      10
      10
      10
      15
       8
      13
      12
      14
       7
       9
      10
      10
       9
      16
      12
      10
      14
      13
      12
      22
      17
       8
      21
      17
      20
      17
      14
      14
      14
      18
      15
      12
       9
      17
      14
      13
      11
      16
      12
      16
      16
      17
      13
      14
      16
      13
       8
      12
      10
      22
       9
      12
      12
      12
      19
      14
      16
      14
      11
      18
      19
      12
      10
      10
      15
      17
      19
      28
      13
      11
      15
      15
      13
      16
      16
      16
      15
      22
      10
      20
      17
      20
      12
      10
      13
      19
      20
      14
      10
      16
      12
      15
       6
      11
      19
      10
      13
      13
      11
      12
      17
      17
      12
      20
      14
      10
      12
      12
      23
      15
      12
      15
      17
      16
      21
      23
      17
      15
      15
      10
      10
      13
      12
      17
      14
      17
      13
      13
      12
      12
      17
       9
      22
       9
      14
      11
      12
      14
      13
      12
      17
      13
      17
      11
      14
      10
      12
       7
      16
      10
       6
       8
      17
      13
      13
      15
      12
      19
      24
      12
      16
      12
      15
      12
      12
      12
       7
      16
      13
       8
      13
       9
      10
      10
      14
      18
      11
      14
      10
      12
      14
      14
      19
      15
      11
       9
      15
      11
      13
      14
      21
      13
      16
      20
      20
      19
      10
      13
      22
      14
       9
      18
      13
      13
      17
      11
      12
      14
      13
      19
      10
      16
      15
      12
      13
      11
      11
       9
      19
      15
      17
      12
      13
      12
       9
      12
       9
      11
       9
      14
      23
      16
      15
       9
      13
       8
      10
      10
      13
      10
       9
      17
      10
      18
       7
      13
      10
      10
      11
      12
      11
      16
       9
      14
      20
      22
      13
      18
      15
      13
      15
      17
      11
      12
      12
      12
      15
      10
      15
      11
       5
      16
      16
      14
      14
       4
      11
      14
       9
      14
      12
      16
      10
      14
      17
       9
      10
      10
      15
      16
      15
      19
      11
      16
      15
      12
      14
      16
       7
      12
      17
      15
      10
      15
      13
      18
      14
      14
      13
      15
       7
      13
       8
      25
      14
      17
      11
      13
      19
      18
      15
      12
      11
      12
      11
      15
      13
      17
      12
      17
      18
      11
      12
      10
       8
      14
      10
      19
      13
       8
      15
      16
      15
      23
      12
      12
      14
      20
      16
      18
      19
      16
      17
      18
      13
      22
      16
      11
      15
      17
      12
      11
      12
      15
      14
      19
      21
      14
      13
      15
      16
      20
      10
      13
      13
      15
      15
       5
      12
       7
      13
      18
      14
      22
      10
      13
       6
      18
      11
      12
      11
       5
      16
      12
      18
      14
      16
       9
       9
       9
      11
      13
      12
      12
      14
      14
      17
      10
      13
      17
       8
       9
      10
       9
      21
      13
       9
      13
      13
       9
      18
      11
      14
       8
       8
      13
       6
      16
      15
      17
      13
      19
      17
      14
       8
      16
       8
      13
       9
       8
      16
      13
      16
      16
       9
      11
      15
      20
      16
      13
      14
      12
      16
      11
      14
       7
      14
      16
      10
      16
      10
       8
      14
      13
      15
      10
      16
      23
      20
      16
      12
      16
      15
       9
      15
      13
      13
       8
      10
      14
      16
      13
      12
      19
      10
      14
      16
      18
      19
      16
      16
      15
      10
      11
      18
      13
      14
       8
      10
      11
       6
      12
      18
      14
      16
      18
      12
      21
      25
      25
      22
      29
      29
      33
      35
      33
      40
      27
      28
      35
      38
      23
      36
      24
      23
      27
      23
      16
      17
      14
      16
      13
      12
      16
      13
      10
      11
      14
      16
      15
       9
       6
      16
       2
      18
      14
      12
      15
      14
      15
      11
      13
      14
      17
      10
      10
       9
      16
      14
      11
      21
      14
      14
       8
       9
      12
      11
      18
      16
      15
      18
      15
      14
       8
      18
      12
      21
      18
      11
      12
       9
      10
      18
      15
      18
       9
      15
      14
      12
      18
       9
      15
      11
      11
      16
      14
      11
       6
      15
      12
      17
      15
      10
      12
      10
      12
      11
      18
      13
      13
       8
      20
       7
      11
      10
      14
      11
      14
      13
      22
      14
      18
      12
      17
      14
       7
      15
      10
      15
      11
      12
      14
       9
      12
      15
      15
      15
      18
       9
      20
      15
      17
      12
      16
      10
      13
      10
      10
      13
      14
       8
      14
      15
      14
      16
      10
      16
      13
      16
      10
      18
      16
      15
      16
      16
      25
      11
      15
      17
      14
      11
      13
      12
      19
      15
      10
      17
      14
      14
      13
      12
      17
      12
      13
      14
      15
      12
      15
       8
       7
      11
       8
      14
      13
       8
      14
      16
      12
      16
      14
      18
      13
      14
       9
      11
      12
      14
      14
       9
      18
      14
       6
      12
       8
      13
      11
       6
       9
       8
      20
      17
      11
      12
      19
      17
       9
      17
      19
      12
      19
      17
      19
      16
      16
      14
      17
      16
      13
      21
      16
      16
      15
       6
      16
      16
      16
      13
      15
      14
      16
      12
      20
      11
       9
      12
      14
      13
      16
      11
       9
      20
      14
      18
      21
      25
      25
      21
      10
      17
       6
      12
      16
      12
      12
      21
      12
      15
      11
       9
      16
      25
      17
      17
      13
      10
      15
      11
      14
      11
      17
      15
       7
      18
      11
      12
      14
      15
      19
      12
      10
       6
      13
      16
       7
       9
      12
      17
      17
      16
       9
      14
      11
      20
      17
       9
      14
      13
      11
      12
      23
      16
      11
      13
      10
      14
      12
      11
      14
      18
      12
      19
      20
       8
      11
      13
       9
      10
      10
      22
      17
      16
      12
      13
      12
      10
      12
      14
       6
       9
      10
      13
       8
       8
      15
      11
      16
      15
      15
      14
      17
      20
      12
      20
      13
      23
       9
      22
      12
      11
       8
      16
      15
      20
      14
       7
      15
      15
      16
      13
       9
      14
      17
      11
      10
      12
      12
       9
      16
      11
      17
      20
      12
      13
      28
      20
      12
       9
      15
      23
       9
      13
      19
      19
      11
      13
      16
      10
      15
      12
      18
      10
      10
      15
      14
      10
      22
      13
      10
      19
      16
      14
      14
      11
      11
      11
       8
       9
      14
       9
      14
      14
      15
      22
      16
      15
      16
      17
      13
      14
      11
      14
      11
      17
      11
      24
      24
      12
      12
      12
      17
      20
      12
      17
      18
      18
      24
      12
      12
       9
      12
      12
      16
      16
      19
      15
      18
      11
      10
      16
      15
      12
       7
      17
       9
      18
      15
      15
      13
      17
      15
      16
      17
      11
      16
      24
      14
      24
      24
      19
      18
      28
      23
      18
      20
      25
      21
      16
      29
      15
      25
      23
      20
      12
      17
       9
      13
      13
      13
      16
      12
      13
      17
       5
       9
      12
      16
      14
      10
      15
      13
      14
      15
      12
      10
      22
       7
      11
       6
       8
      16
      13
      13
      17
      11
       8
      10
      13
      16
       7
      12
      12
       8
      12
      14
      11
      11
      11
      14
      18
       9
       7
       9
      18
      12
       8
       9
      17
      13
      12
       9
      10
      12
       7
      14
       9
      12
      11
       7
      11
       3
      11
      10
       9
       8
       8
      11
      10
       8
       5
      12
       7
       8
      11
      11
       6
      19
      11
       4
       5
       7
      10
       9
      14
      12
       9
       5
      13
      13
       9
       9
       8
       9
       9
       5
       6
      17
       6
      10
      11
      10
      12
       9
      15
       8
      17
      11
      13
      11
       6
      13
      11
       6
      10
      11
      11
       5
      12
       9
      10
       7
      10
       9
      11
      10
      10
       8
       4
      10
       8
      10
      10
       3
      18
       7
      12
       9
       6
       8
      10
       7
       3
       8
       3
       6
       6
      12
      12
       9
      12
      10
       6
       8
      16
      13
       9
       9
       9
      14
      14
      14
       9
      10
       9
      15
      12
       8
      17
       9
       2
       8
      10
       9
      10
       9
      13
       8
       5
      14
      15
      10
       8
       8
       9
       7
       8
      12
       9
      14
       7
       9
      13
      10
      10
      10
       4
       9
       2
       3
       9
      12
      11
       8
       7
       3
       9
      10
       5
      14
      12
       6
       6
       7
      13
       7
       8
      14
      15
      11
       9
       8
       6
      10
       5
       1
      10
       9
       3
       8
      11
       3
       6
       9
       8
      11
       9
       6
      10
       9
       9
       9
       8
       6
      11
       7
       4
      11
       5
       7
       9
       8
       2
      12
       4
       9
      10
       8
       7
       7
      11
       9
       4
      16
       7
       7
       7
      10
       7
       9
       6
       9
      12
      13
       9
       8
       9
       8
      11
      10
       8
      10
       9
      10
       8
       5
       9
       5
       8
      11
       8
       8
       4
       5
       9
       4
       8
       6
       9
       6
       5
       4
       9
      13
       2
      11
       2
       6
       8
       5
       5
       9
       5
      10
       8
       9
       2
       5
       7
      11
       3
      10
      12
      11
       2
       4
       8
       7
      14
       3
       9
       2
       1
       4
       7
       5
       6
      11
       2
       4
       7
       7
       9
       3
       4
       9
       5
       6
      11
       9
       9
       6
       0
       9
       7
       7
       7
       4
       6
       6
       6
      10
      12
      10
       9
       7
       9
       7
       8
      12
      10
       6
       7
       4
       4
       5
       5
       4
       6
       4
       7
       5
       6
       8
      10
       7
       6
       9
       4
       7
       6
       4
       4
       7
       7
       7
       2
       8
       5
       7
      10
      10
       8
       6
       9
       4
       7
       6
       8
       7
       5
       5
       4
       5
       5
       9
       5
       4
      11
       4
       4
       4
       5
       7
       9
       5
       2
       7
       4
       8
       9
       6
       3
      10
       6
       5
       7
      11
       7
       6
       6
      10
      11
       6
       6
       6
       3
       2
       5
       9
       9
       3
       7
       3
       7
       4
       5
       2
       6
       6
       6
       5
       5
       6
       8
       6
       4
       3
       4
       5
       4
       6
      11
       4
       2
       6
       8
       9
       7
       3
       8
       5
       6
       3
       7
       4
       2
       4
       9
       4
       7
       4
       7
       2
       6
       3
       6
       2
       5
       6
       6
       6
       7
       5
       1
       5
       2
       8
      11
       5
       2
       5
       5
       3
       8
       5
       7
       4
       8
       3
       8
       5
       6
       7
      10
       6
       4
       2
       7
       5
      10
       3
       4
       4
       5
       4
       4
       6
       4
       9
       5
      13
       6
      10
       7
       7
      12
      12
      11
      13
       9
      10
       8
      11
      13
      12
       4
       9
       6
       6
       6
       7
       7
       4
       3
       7
       5
       6
       1
       5
       4
       8
       5
       1
       4
       5
       7
       5
       7
       3
       4
       8
       5
       7
       3
       3
       7
       5
       6
       4
       5
       4
       6
       2
       1
       6
       4
      11
       5
       9
       3
       4
       1
       7
       2
       2
       5
       2
       4
       3
       3
       5
       4
       6
       8
       6
       2
       2
       4
       3
       7
       3
       2
       1
       4
       4
       6
       4
       7
       8
       2
       7
       3
       4
       5
       3
       4
       2
       5
       2
       5
       3
       7
       6
       7
       4
       8
      11
       6
      12
       4
       5
       6
       5
       4
       2
       3
       1
       4
       7
       6
       6
       6
      11
       7
       6
       3
       6
       5
       7
       7
       3
       9
       8
       6
       8
      14
       7
       8
       9
       2
       4
       2
       1
       3
       3
       4
       3
       4
       3
       3
       4
       6
       3
       5
       4
       3
       7
       6
       3
       5
       6
       2
       4
       9
       3
       5
       5
       4
       2
       3
       5
       4
       5
       3
       4
       5
       4
       2
       1
       2
       8
       7
       4
       3
       9
       4
       3
       7
       5
       4
       4
       3
       1
       3
       3
       3
       3
       4
       3
       5
       6
       0
       4
       4
       6
       3
       4
       4
       6
       6
       4
       3
       7
       6
       8
       4
       6
       5
       6
       5
       9
       4
       4
       7
       6
       3
       7
       6
       7
       2
       4
       5
       2
       5
       5
       3
       6
       3
       4
       4
       4
       2
       3
       7
       2
       5
       2
       4
       5
       3
       3
       2
       6
       6
       3
       3
       3
       5
       4
       3
       6
       6
       3
       4
       6
       4
       7
       5
       2
       2
       2
       1
       6
       5
       4
       5
       7
       4
       3
       4
       0
       4
       3
       7
       3
       3
       5
       6
       2
       4
       4
       6
       6
       4
       3
       1
       3
       5
       6
       6
       2
       3
       5
       5
       3
       6
       1
       6
       4
       3
       5
       9
       9
       7
       2
      10
       6
       5
       6
       5
       7
      11
      11
       6
      18
      23
      11
      16
      31
      32
      33
      49
      71
      79
      83
     111
     122
     124
     141
     178
     199
     211
     223
     289
     278
     289
     292
     275
     251
     230
     219
     190
     152
     140
      97
      82
      58
      37
      42
      17
      19
       5
       7
       4
       5
       6
       1
       4
       2
       3
       5
       2
       2
       5
       5
       1
       3
       4
       2
       4
       2
       3
       3
       2
       2
       2
       3
       3
       4
       1
       0
       2
       4
       4
       1
       4
       3
       2
       3
       2
       1
       2
       3
       1
       3
       4
       1
       3
       3
       3
       4
       1
       3
       1
       2
       5
       4
       2
       3
       2
       1
       2
       3
       3
       2
       0
       4
       1
       1
       1
       2
       4
       4
       3
       2
       1
       3
       1
       3
       1
       2
       4
       4
       3
       1
       0
       1
       3
       2
       5
       5
       2
       4
       2
       1
       2
       4
       4
       1
       4
       3
       1
       2
       6
       2
       6
       2
       5
       3
       3
       7
       1
       4
       3
       5
       2
      10
       3
       6
       3
       2
       3
       3
       5
       1
       1
       3
       5
       1
       6
       2
       2
       3
       2
       1
       3
       2
       6
       0
       1
       4
       3
       4
       3
       1
       5
       2
       3
       3
       4
       3
       6
       2
       1
       2
       6
       4
       2
       3
       4
       2
       3
       2
       3
       4
       6
       1
       2
       4
       8
       3
       2
       5
       4
       4
       6
       4
       4
       7
       7
       6
       3
       6
       9
       5
       4
       3
       6
       4
       5
       1
       4
       5
       2
       6
       2
       4
       3
       3
       3
       2
       6
       3
       2
       5
       3
       0
       6
       5
       1
       1
       0
       5
       1
       4
       4
       2
       1
       1
       3
       2
       2
       1
       3
       4
       1
       2
       6
       2
       6
       2
       5
       5
       4
       1
       3
       3
       2
       2
       2
       7
       2
       1
       1
       2
       1
       2
       1
       4
       1
       2
       2
       2
       3
       4
       2
       1
       2
       3
       3
       2
       2
       2
       1
       1
       4
       3
       4
       2
       0
       0
       0
       3
       2
       4
       3
       2
       0
       2
       4
       3
       2
       4
       1
       2
       3
       2
       4
       1
       3
       3
       6
       1
       1
       4
       7
       5
       2
       4
       1
       4
       1
       2
       4
       1
       2
       4
       5
       0
       1
       3
       2
       2
       3
       3
       4
       1
       4
       1
       1
       0
       3
       6
       0
       4
       2
       2
       3
       3
       3
       1
       1
       2
       2
       1
       1
       2
       5
       4
       3
       2
       0
       0
       5
       0
       3
       1
       3
       1
       0
       4
       2
       3
       0
       1
       0
       1
       0
       0
       0
       2
       0
       0
       2
       2
       0
       2
       3
       3
       1
       5
       0
       2
       2
       2
       4
       2
       3
       3
       3
       3
       2
       3
       0
       2
       3
       6
       4
       1
       2
       0
       2
       7
       3
       0
       4
       2
       3
       1
       5
       0
       3
       3
       2
       0
       1
       2
       3
       2
       3
       1
       2
       2
       1
       1
       1
       1
       2
       2
       5
       1
       1
       4
       2
       1
       0
       2
       0
       2
       2
       1
       2
       4
       1
       5
       2
       1
       5
       3
       4
       1
       2
       2
       0
       2
       3
       2
       0
       5
       3
       1
       2
       1
       3
       2
       3
       1
       2
       1
       1
       3
       1
       1
       1
       3
       3
       3
       3
       2
       2
       2
       2
       3
      10
       4
       1
       3
       4
       2
       5
       2
       1
       2
       3
       1
       2
       2
       3
       3
       8
       4
       5
       3
       3
       6
       3
       3
       5
       5
       6
       5
       9
      12
       5
       5
       4
       7
      11
       4
       8
       1
       4
       8
       5
       8
       3
       9
      11
       9
       8
       5
       9
       6
       4
       1
       6
       4
       5
       1
       6
       4
       2
       6
       5
       1
       1
       4
       3
       2
       4
       1
       0
       5
       3
       2
       5
       2
       5
       1
       4
       2
       5
       2
       0
       2
       0
       1
       1
       4
       0
       3
       2
       5
       2
       4
       3
       3
       3
       4
       2
       1
       2
       1
       3
       0
       2
       1
       3
       1
       3
       2
       2
       2
       4
       1
       2
       4
       2
       4
       1
       0
       1
       0
       2
       1
       0
       4
       1
       3
       1
       2
       1
       0
       2
       3
       3
       2
       1
       1
       1
       2
       1
       1
       4
       0
       4
       3
       3
       3
       4
       2
       3
       3
       3
       2
       5
       3
       3
       5
       2
       4
       3
       2
       6
       4
       2
       5
       3
       2
       6
       2
       1
       2
       0
       1
       3
       2
       3
       4
       0
       3
       3
       1
       1
       0
       1
       3
       5
       1
       2
       2
       4
       4
       2
       2
       5
       2
       6
       2
       1
       6
       2
       4
       2
       2
       3
       1
       4
       0
       5
       2
       1
       1
       1
       2
       2
       1
       3
       2
       4
       3
       2
       3
       3
       1
       3
       1
       2
       0
       4
       3
       1
       4
       2
       4
       3
       1
       3
       3
       4
       4
       1
       7
       0
       4
       3
       1
       4
       0
       3
       1
       0
       0
       1
       1
       3
       2
       0
       1
       2
       0
       4
       1
       2
       0
       2
       2
       3
       3
       3
       2
       2
       3
       1
       1
       1
       1
       1
       2
       0
       1
       3
       0
       3
       3
       6
       2
       3
       1
       3
       0
       1
       1
       3
       0
       1
       2
       0
       1
       0
       1
       1
       4
       3
       2
       3
       2
       4
       2
       1
       2
       0
       0
       2
       2
       0
       1
       3
       1
       2
       2
       3
       4
       5
       4
       3
      10
       1
       3
       3
       5
       1
       1
       4
       3
       2
       3
       1
       1
       1
       0
       0
       0
       2
       3
       0
       0
       2
       1
       1
       1
       0
       0
       2
       1
       3
       1
       3
       1
       2
       0
       2
       1
       0
       1
       1
       0
       0
       3
       1
       2
       1
       3
       1
       0
       1
       1
       1
       1
       0
       0
       1
       1
       1
       4
       1
       2
       3
       2
       0
       0
       3
       1
       0
       1
       2
       1
       2
       3
       1
       1
       0
       1
       2
       1
       1
       4
       2
       3
       5
       2
       1
       2
       2
       3
       3
       1
       2
       2
       2
       1
       1
       1
       2
       4
       2
       0
       2
       3
       4
       2
       1
       3
       1
       2
       1
       2
       1
       2
       0
       2
       1
       2
       3
       1
       0
       3
       2
       1
       1
       4
       8
       3
       2
       2
       2
       2
       3
       2
       3
       0
       3
       1
       1
       4
       2
       2
       3
       3
       2
       0
       2
       1
       1
       1
       0
       3
       0
       0
       3
       3
       1
       3
       1
       1
       1
       0
       2
       0
       1
       2
       0
       0
       0
       0
       2
       2
       0
       0
       0
       1
       1
       0
       0
       2
       3
       2
       2
       4
       2
       1
       1
       3
       0
       3
       2
       1
       1
       1
       2
       2
       2
       0
       2
       1
       2
       1
       1
       3
       0
       3
       2
       0
       0
       0
       1
       1
       1
       4
       1
       0
       0
       1
       3
       3
       2
       2
       1
       3
       2
       2
       2
       1
       1
       1
       2
       2
       1
       1
       1
       1
       2
       1
       1
       0
       3
       1
       3
       1
       3
       1
       1
       2
       1
       0
       2
       1
       2
       2
       1
       1
       1
       1
       1
       4
       0
       4
       3
       4
       0
       2
       3
       3
       4
       5
       5
      10
      10
       5
       5
       7
       5
       6
       5
       2
       4
       4
       3
       3
       7
       2
       3
       3
       4
       5
       0
       2
       2
       2
       0
       1
       2
       0
       1
       1
       1
       2
       3
       2
       4
       1
       0
       1
       0
       1
       2
       2
       2
       1
       0
       2
       1
       2
       0
       4
       3
       1
       1
       0
       2
       1
       0
       0
       1
       2
       2
       2
       2
       0
       2
       2
       1
       1
       0
       2
       0
       0
       1
       3
       1
       1
       2
       1
       2
       1
       3
       1
       2
       1
       3
       1
       0
       1
       2
       2
       2
       4
       0
       3
       4
       1
       3
       0
       0
       1
       3
       2
       0
       1
       1
       2
       2
       1
       1
       1
       0
       2
       2
       2
       1
       2
       0
       1
       0
       2
       2
       3
       1
       1
       3
       1
       1
       1
       3
       0
       4
       2
       3
       4
       5
       9
       9
      12
       8
      13
      11
      17
      12
      23
      18
      21
      22
      17
      11
      20
      18
      14
      12
      13
      10
      10
       7
      10
       3
       5
       3
       4
       2
       3
       0
       3
       2
       1
       1
       1
       1
       4
       0
       0
       1
       3
       1
       0
       0
       4
       3
       0
       2
       1
       2
       1
       2
       3
       1
       0
       0
       2
       1
       2
       1
       2
       0
       1
       1
       2
       2
       1
       1
       1
       1
       2
       3
       1
       1
       2
       1
       0
       1
       1
       1
       0
       0
       1
       1
       1
       1
       2
       1
       1
       2
       2
       1
       2
       0
       0
       1
       2
       2
       2
       3
       2
       1
       0
       5
       2
       1
       1
       4
       0
       2
       1
       0
       2
       1
       2
       3
       1
       1
       1
       2
       3
       1
       0
       1
       0
       1
       1
       1
       0
       1
       3
       2
       0
       0
       1
       0
       1
       0
       3
       0
       3
       2
       1
       2
       0
       1
       2
       1
       4
       1
       1
       0
       0
       2
       1
       1
       2
       0
       1
       4
       2
       0
       1
       2
       3
       0
       1
       0
       7
       2
       2
       0
       1
       5
       2
       2
       1
       0
       0
       1
       2
       1
       1
       0
       1
       0
       2
       0
       2
       0
       0
       2
       1
       2
       1
       1
       1
       0
       4
       1
       0
       0
       0
       0
       2
       2
       0
       2
       1
       3
       4
       1
       1
       0
       1
       0
       2
       0
       2
       3
       2
       1
       0
       2
       0
       0
       1
       0
       1
       0
       2
       3
       0
       3
       1
       2
       1
       1
       1
       5
       2
       1
       1
       2
       1
       3
       1
       1
       1
       3
       3
       1
       3
       1
       1
       2
       0
       3
       0
       1
       0
       0
       0
       1
       2
       1
       2
       2
       2
       2
       0
       1
       2
       2
       5
       1
       0
       3
       4
       1
       0
       2
       2
       2
       1
       2
       1
       0
       0
       0
       1
       2
       1
       0
       0
       1
       1
       1
       2
       2
       0
       1
       2
       3
       2
       3
       2
       0
       2
       1
       2
       3
       0
       0
       1
       1
       1
       1
       1
       2
       2
       1
       0
       0
       3
       1
       1
       0
       0
       2
       0
       2
       2
       0
       1
       1
       2
       4
       1
       1
       3
       2
       3
       2
       2
       3
       5
       6
       3
       7
       1
       2
       6
       3
       4
       1
       1
       4
       1
       2
       1
       1
       2
       1
       1
       1
       1
       1
       0
       1
       0
       2
       2
       0
       1
       0
       0
       1
       5
       0
       2
       1
       4
       2
       1
       1
       1
       0
       4
       1
       1
       0
       1
       1
       0
       0
       2
       0
       0
       0
       0
       1
       2
       1
       3
       7
       1
       0
       0
       1
       3
       0
       1
       1
       0
       4
       2
       0
       0
       0
       3
       2
       3
       0
       3
       1
       2
       5
       1
       0
       0
       0
       1
       0
       2
       0
       3
       4
       2
       0
       0
       2
       0
       0
       0
       2
       0
       0
       4
       0
       1
       1
       2
       1
       1
       0
       2
       0
       2
       2
       3
       0
       1
       1
       5
       3
       1
       1
       0
       1
       1
       1
       2
       2
       1
       1
       0
       1
       1
       0
       0
       1
       4
       2
       2
       1
       1
       2
       2
       2
       1
       2
       4
       0
       3
       0
       2
       2
       4
       0
       1
       1
       2
       1
       1
       0
       0
       2
       2
       0
       1
       1
       1
       3
       1
       2
       0
       1
       2
       2
       0
       4
       1
       1
       1
       4
       2
       1
       1
       3
       1
       4
       0
       2
       1
       1
       3
       2
       1
       1
       0
       1
       2
       2
       1
       4
       1
       2
       0
       1
       3
       0
       2
       1
       2
       1
       2
       2
       2
       0
       0
       1
       0
       2
       0
       1
       0
       0
       1
       0
       2
       3
       2
       5
       2
       3
       2
       2
       0
       2
       0
       3
       0
       4
       0
       1
       1
       0
       1
       0
       3
       1
       3
       3
       2
       1
       0
       1
       2
       1
       2
       2
       2
       1
       1
       4
       1
       1
       1
       0
       0
       1
       2
       0
       1
       1
       3
       3
       0
       4
       1
       1
       1
       2
       1
       1
       2
       1
       1
       2
       2
       1
       1
       1
       0
       1
       1
       0
       2
       1
       0
       1
       3
       1
       2
       0
       2
       2
       1
       0
       1
       0
       1
       1
       1
       1
       1
       0
       1
       0
       2
       0
       1
       1
       1
       1
       2
       3
       1
       1
       4
       2
       3
       3
       0
       2
       1
       1
       0
       5
       1
       4
       1
       0
       1
       1
       1
       2
       2
       2
       0
       2
       1
       0
       1
       3
       2
       2
       2
       0
       4
       0
       1
       2
       1
       1
       0
       0
       0
       2
       0
       0
       4
       2
       1
       1
       1
       0
       1
       1
       1
       2
       1
       3
       2
       2
       1
       2
       1
       3
       2
       1
       2
       0
       1
       3
       1
       4
       1
       2
       1
       0
       1
       3
       0
       0
       1
       0
       0
       1
       1
       1
       2
       3
       2
       1
       2
       1
       0
       3
       1
       0
       1
       1
       0
       2
       3
       1
       1
       4
       0
       3
       0
       1
       2
       0
       0
       3
       1
       0
       0
       2
       1
       1
       3
       3
       1
       0
       2
       1
       1
       2
       1
       0
       2
       2
       4
       2
       2
       1
       4
       2
       1
       2
       1
       1
       0
       0
       1
       2
       3
       1
       2
       2
       1
       0
       3
       1
       1
       2
       3
       2
       2
       0
       0
       1
       2
       1
       1
       1
       0
       4
       2
       3
       2
       1
       3
       2
       2
       0
       1
       3
       0
       3
       0
       3
       3
       2
       1
       1
       3
       1
       0
       1
       1
       1
       4
       2
       2
       0
       0
       2
       1
       2
       1
       1
       0
       0
       1
       1
       1
       1
       0
       3
       3
       1
       1
       1
       1
       0
       0
       3
       1
       1
       3
       0
       3
       0
       0
       0
       1
       2
       1
       1
       0
       1
       1
       0
       0
       0
       3
       1
       1
       1
       0
       1
       0
       3
       1
       0
       1
       2
       0
       0
       0
       0
       0
       0
       1
       3
       1
       2
       2
       0
       1
       1
       1
       1
       1
       3
       1
       4
       0
       0
       3
       1
       2
       0
       1
       2
       1
       3
       2
       1
       0
       3
       2
       2
       3
       0
       0
       0
       0
       0
       0
       0
       0
       0
       0
       0
       0
       0
       0
       0
       0
       0
       0
       0
       0
       0
       0
       0
       0
       0
       0
       0
       0
       0
       0
       0
       0
       0
       0
       0
       0
       0
       0
       0
       0
       0
       0
       0
       0
       0
       0
       0
       0
       0
       0
       0
       0
       0
       0
       0
       0
       0
       0
       0
       0
       0
       0
       0
       0
       0
       0
       0
       0
       0
       0
       0
       0
       0
       0
       0
       0
       0
       0
       0
       0
       0
       0
       0
       0
       0
       0
       0
       0
       0
       0
       0
       0
       0
       0
       0
       0
       0
       0
       0
       0
       0
       0
       0
       0
       0
       0
       0
       0
       0
       0
       0
       0
       0
       0
       0
       0
       0
       0
       0
       0
       0
       0
       0
       0
       0
       0
       0
       0
       0
       0
$ROI:
0
$PRESETS:
None
0
0
$ENER_FIT:
0.000000 0.536422
$MCA_CAL:
3
0.000000E+000 5.364218E-001 0.000000E+000 keV
$SHAPE_CAL:
3
3.032570E+000 0.000000E+000 0.000000E+000
