$SPEC_ID:
No sample description was entered.
$SPEC_REM:
DET# 1
DETDESC# DESKTOP-AKUPN2F Easy-MCA-8k SN 09022236
AP# Maestro Version 7.01
$DATE_MEA:
01/30/2017 17:14:54
$MEAS_TIM:
58025 59154
$DATA:
0 4095
       0
       0
       0
       0
      52
      18
       3
       1
       0
       0
       0
       0
       0
       0
       0
       0
       0
       0
       0
       0
       0
       0
       2
       1
       5
       3
       7
       9
      13
     110
    4396
  281952
  342788
   61377
    3137
    8623
    8587
    8198
    8190
    8228
    7948
    8053
    8239
   10129
   12485
   12308
   10204
    8283
    7885
    8119
    8693
    8987
    7991
    7250
    7071
    6883
    6987
    6855
    7084
    7249
    7043
    6911
    6569
    6502
    6463
    6424
    6765
    6883
    6862
    6878
    6542
    6510
    6304
    6250
    6198
    6367
    6339
    6324
    6316
    6366
    6330
    6391
    6232
    6484
    6491
    6436
    6942
    7001
    6896
    6567
    6720
    6982
    7002
    6789
    7048
    7257
    7116
    7225
    7486
    7581
    7507
    7695
    7782
    7771
    7989
    8113
    8319
    8483
    8734
    8771
    9164
    9150
    9296
    9425
    9651
    9526
    9974
   10409
   10387
   10323
   10363
   10509
   10637
   10751
   10920
   11060
   11149
   11234
   11329
   11429
   11750
   12091
   12184
   13479
   17046
   22432
   23659
   21158
   22743
   30934
   33113
   24803
   16576
   14015
   13696
   12723
   12206
   12356
   12301
   12024
   12234
   12439
   12538
   12567
   12868
   13472
   15344
   18974
   21028
   19416
   15931
   14744
   15580
   16142
   15033
   13784
   13182
   13005
   13121
   12762
   12644
   12824
   13144
   13550
   13203
   12947
   12823
   12647
   12577
   12738
   12568
   12703
   12579
   12740
   12977
   12629
   12701
   12806
   12567
   12595
   12468
   12621
   12569
   12303
   12583
   12429
   12585
   12420
   12520
   12310
   12497
   12537
   12237
   12224
   12099
   12210
   12319
   12113
   12394
   12305
   12024
   12147
   12194
   12024
   12322
   11979
   11953
   11765
   11897
   12042
   11912
   11845
   12001
   11671
   11613
   11830
   11678
   11714
   11636
   11600
   11692
   11695
   11399
   11613
   11406
   11406
   11384
   11314
   11352
   11147
   11459
   11291
   11339
   11157
   10889
   11045
   10946
   11008
   10808
   10946
   10926
   10668
   10818
   10705
   10518
   10385
   10586
   10508
   10424
   10410
   10359
   10291
   10285
   10190
   10223
   10208
   10314
   10092
   10157
   10107
   10116
    9941
    9920
    9786
    9684
    9598
    9591
    9633
    9487
    9716
    9578
    9561
    9602
    9319
    9381
    9228
    9441
    9409
    9190
    9214
    9190
    9113
    9002
    9067
    8911
    8992
    9026
    8931
    8975
    8871
    8780
    8666
    8689
    8818
    8844
    8575
    8544
    8528
    8396
    8520
    8456
    8364
    8513
    8241
    8333
    8256
    8193
    8344
    8256
    8253
    8237
    8192
    8160
    8109
    8126
    8034
    7932
    7872
    7983
    7926
    8045
    7958
    7896
    8037
    8051
    7974
    8040
    7953
    8019
    8005
    8007
    8099
    8224
    8352
    8563
    8859
    9031
    9046
    8718
    8714
    8127
    7834
    7983
    7643
    7600
    7683
    7678
    7476
    7363
    7438
    7453
    7158
    7273
    7200
    7250
    7332
    7159
    7196
    7250
    7239
    7038
    7111
    7111
    7026
    6832
    6849
    6796
    6742
    6812
    6895
    6815
    6759
    6781
    6749
    6646
    6595
    6624
    6514
    6618
    6617
    6730
    6777
    6542
    6442
    6389
    6416
    6342
    6305
    6320
    6327
    6215
    6170
    6214
    6201
    6203
    6213
    6133
    6159
    5998
    6075
    6134
    6080
    6094
    6181
    6106
    6248
    6131
    6096
    5963
    5967
    6141
    6006
    6028
    5907
    5850
    5786
    5911
    5839
    5918
    5822
    5687
    5566
    5772
    5644
    5780
    5720
    5793
    5673
    5641
    5593
    5670
    5584
    5752
    6273
    7326
    8815
    8952
    7726
    6164
    5708
    5799
    6135
    6151
    5784
    5379
    5329
    5031
    5241
    5268
    5160
    5122
    5135
    5165
    5163
    5060
    5108
    4918
    5199
    4941
    4982
    5067
    4966
    4966
    4994
    5008
    4919
    4936
    4957
    4902
    4899
    4963
    4969
    4843
    4901
    4850
    4777
    4750
    4851
    4885
    4697
    4652
    4819
    4710
    4689
    4705
    4602
    4621
    4671
    4669
    4595
    4706
    4598
    4643
    4607
    4866
    4856
    4807
    4651
    4575
    4574
    4509
    4548
    4557
    4453
    4421
    4500
    4565
    4549
    4630
    4576
    4483
    4442
    4409
    4475
    4426
    4421
    4333
    4480
    4328
    4457
    4403
    4333
    4413
    4310
    4232
    4309
    4283
    4311
    4320
    4230
    4351
    4300
    4186
    4128
    4317
    4198
    4243
    4257
    4471
    4617
    5316
    5804
    5782
    4970
    4415
    4234
    4175
    4131
    4224
    4193
    4337
    4434
    4230
    4112
    4063
    4078
    4149
    4132
    3959
    4010
    4006
    4003
    4003
    4009
    4132
    4128
    4022
    4113
    4115
    4029
    3999
    3934
    4153
    4000
    3970
    3995
    4027
    4113
    4013
    3988
    3924
    3972
    3949
    3920
    3952
    3900
    4025
    4012
    3977
    3941
    3942
    3987
    3860
    3983
    4080
    3909
    3902
    3873
    3888
    3990
    3906
    4082
    4091
    4159
    4019
    3948
    3833
    3939
    3921
    3938
    3808
    3975
    3984
    3921
    4052
    3832
    3817
    3856
    3954
    3952
    4370
    4598
    4591
    4425
    4145
    3830
    3895
    3778
    3840
    3839
    3898
    3801
    3771
    3754
    3750
    3724
    3834
    3832
    3804
    3752
    3875
    3833
    3811
    3903
    4140
    4656
    5811
    6654
    6320
    5082
    4205
    3821
    3657
    3721
    3830
    3823
    3662
    3619
    3779
    3759
    3712
    3686
    3682
    3599
    3666
    3711
    3680
    3688
    3623
    3681
    3785
    3826
    3719
    3796
    3762
    3643
    3733
    3704
    3697
    3730
    3730
    3783
    3778
    3623
    3691
    3772
    3738
    3697
    3682
    3724
    3721
    3695
    3731
    3681
    3763
    3756
    3731
    3635
    3709
    3793
    3666
    3780
    3756
    3765
    3754
    3701
    3718
    3782
    3673
    3734
    3785
    3735
    3859
    3789
    3787
    3802
    3866
    3868
    3722
    3974
    3798
    3751
    3952
    3764
    3857
    3872
    3835
    3850
    3855
    3869
    3896
    3937
    3853
    3904
    3771
    3841
    3943
    3822
    3936
    3786
    4060
    4007
    3872
    3974
    3910
    3912
    3937
    3963
    3972
    3975
    4054
    3929
    4022
    4154
    3992
    4179
    4079
    4118
    4126
    3874
    4058
    4076
    3979
    4124
    4049
    3960
    4007
    4131
    4068
    4216
    4063
    4069
    4173
    4110
    4197
    4041
    4110
    4113
    4060
    4121
    4099
    4244
    4149
    4111
    4204
    4269
    4274
    4186
    4342
    4131
    4175
    4196
    4286
    4205
    4271
    4107
    4216
    4381
    4311
    4277
    4368
    4407
    4330
    4313
    4370
    4357
    4375
    4340
    4512
    4490
    4345
    4424
    4367
    4401
    4466
    4427
    4574
    4421
    4382
    4438
    4405
    4518
    4505
    4429
    4540
    4349
    4583
    4500
    4667
    4672
    4469
    4523
    4646
    4671
    4533
    4548
    4674
    4601
    4672
    4670
    4664
    4584
    4638
    4726
    4734
    4660
    4773
    4687
    4666
    4694
    4794
    4798
    4821
    5053
    5149
    5103
    4933
    4997
    4833
    5004
    4852
    4793
    4953
    4765
    4799
    4855
    4858
    4760
    4840
    4748
    4738
    4635
    4709
    4759
    4655
    4557
    4630
    4547
    4450
    4268
    4274
    4229
    4048
    3869
    3789
    3727
    3685
    3583
    3579
    3386
    3493
    3377
    3425
    3148
    3326
    3218
    3143
    3167
    3071
    3108
    3133
    3157
    3092
    2988
    3014
    2948
    2951
    2883
    2929
    2809
    2831
    2706
    2770
    2781
    2760
    2785
    2794
    2714
    2628
    2698
    2759
    2702
    2639
    2647
    2540
    2565
    2612
    2577
    2562
    2532
    2567
    2461
    2547
    2576
    2459
    2353
    2396
    2486
    2520
    2528
    2521
    2820
    3130
    3494
    3505
    3467
    3084
    2763
    2572
    2338
    2222
    2281
    2236
    2136
    2155
    2220
    2091
    2052
    2059
    2120
    2088
    2081
    2030
    2064
    2112
    1986
    2030
    1983
    1998
    1968
    1989
    1875
    1848
    1889
    1910
    1866
    1930
    1837
    1880
    1846
    1798
    1815
    1793
    1792
    1849
    1710
    1699
    1771
    1752
    1703
    1641
    1795
    1651
    1645
    1626
    1620
    1660
    1636
    1593
    1635
    1584
    1631
    1643
    1608
    1510
    1548
    1554
    1469
    1527
    1523
    1527
    1543
    1389
    1495
    1425
    1422
    1449
    1386
    1439
    1421
    1462
    1422
    1414
    1408
    1362
    1375
    1400
    1415
    1348
    1352
    1373
    1348
    1272
    1294
    1395
    1354
    1339
    1328
    1307
    1372
    1320
    1343
    1284
    1328
    1294
    1328
    1293
    1249
    1271
    1244
    1212
    1181
    1212
    1246
    1213
    1221
    1282
    1256
    1225
    1177
    1271
    1230
    1187
    1182
    1211
    1183
    1212
    1127
    1185
    1132
    1147
    1182
    1179
    1180
    1199
    1288
    1464
    1824
    2431
    2862
    2755
    2083
    1486
    1261
    1127
    1182
    1125
    1183
    1128
    1170
    1186
    1056
    1133
    1208
    1104
    1151
    1131
    1157
    1206
    1123
    1182
    1134
    1163
    1181
    1155
    1175
    1151
    1165
    1124
    1145
    1120
    1196
    1126
    1083
    1185
    1190
    1186
    1134
    1153
    1121
    1143
    1186
    1139
    1230
    1374
    1729
    2436
    3513
    3995
    3531
    2402
    1566
    1234
    1142
    1032
    1134
    1222
    1159
    1186
    1158
    1186
    1179
    1194
    1126
    1189
    1224
    1137
    1225
    1174
    1211
    1137
    1196
    1234
    1289
    1222
    1255
    1318
    1181
    1208
    1191
    1267
    1266
    1239
    1251
    1235
    1173
    1288
    1284
    1264
    1266
    1248
    1305
    1328
    1220
    1332
    1264
    1309
    1287
    1316
    1325
    1281
    1295
    1250
    1323
    1309
    1305
    1267
    1285
    1317
    1301
    1323
    1276
    1313
    1382
    1340
    1358
    1243
    1284
    1289
    1266
    1246
    1243
    1298
    1280
    1289
    1342
    1326
    1402
    1300
    1266
    1269
    1244
    1255
    1309
    1289
    1277
    1307
    1294
    1330
    1342
    1708
    3838
   13516
   47109
  124471
  230273
  282897
  224135
  115029
   38463
    8913
    2013
     800
     691
     652
     594
     585
     555
     596
     660
     656
     633
     828
     852
     998
    1196
    1509
    2011
    2763
    3841
    4930
    5493
    4722
    3409
    2086
    1137
     670
     570
     527
     538
     509
     522
     577
     546
     537
     522
     538
     495
     537
     495
     550
     568
     515
     532
     511
     544
     519
     523
     538
     531
     522
     524
     519
     549
     505
     513
     499
     527
     547
     525
     454
     515
     527
     517
     491
     466
     475
     530
     481
     503
     532
     507
     515
     539
     547
     528
     548
     529
     485
     513
     496
     502
     518
     536
     503
     489
     521
     511
     480
     478
     488
     476
     491
     502
     491
     491
     487
     558
     485
     492
     471
     502
     518
     512
     492
     515
     518
     453
     503
     479
     531
     492
     497
     502
     498
     570
     650
     759
     839
     791
     772
     578
     521
     538
     508
     459
     428
     466
     463
     484
     486
     445
     503
     503
     413
     499
     469
     481
     472
     478
     472
     461
     439
     518
     473
     490
     478
     532
     494
     456
     482
     484
     450
     496
     442
     475
     429
     458
     464
     457
     482
     481
     436
     486
     454
     464
     442
     455
     477
     487
     462
     487
     462
     448
     424
     475
     441
     441
     445
     474
     503
     483
     456
     443
     432
     479
     485
     517
     479
     440
     474
     485
     542
     552
     655
     711
     701
     546
     501
     487
     495
     469
     507
     507
     440
     465
     437
     393
     434
     476
     428
     420
     417
     430
     417
     476
     445
     448
     437
     427
     444
     467
     429
     425
     413
     448
     511
     539
     546
     478
     462
     452
     427
     432
     428
     400
     403
     437
     456
     410
     471
     433
     473
     555
     632
     616
     596
     495
     422
     397
     429
     457
     425
     455
     387
     367
     433
     408
     369
     398
     439
     438
     414
     432
     465
     466
     456
     400
     408
     449
     366
     405
     407
     386
     367
     400
     383
     402
     415
     387
     386
     398
     406
     401
     382
     417
     390
     421
     337
     367
     415
     370
     412
     416
     449
     429
     379
     380
     433
     399
     363
     381
     375
     421
     417
     388
     406
     407
     422
     386
     415
     407
     436
     354
     393
     380
     398
     399
     404
     439
     449
     504
     423
     434
     427
     421
     422
     410
     439
     464
     451
     453
     382
     378
     373
     366
     381
     395
     356
     371
     420
     414
     361
     414
     383
     393
     351
     357
     352
     379
     340
     366
     369
     385
     397
     354
     397
     370
     339
     354
     369
     354
     360
     412
     437
     486
     524
     567
     602
     456
     417
     377
     351
     358
     381
     387
     335
     380
     358
     376
     386
     328
     388
     363
     353
     376
     348
     365
     357
     355
     375
     359
     378
     388
     389
     355
     364
     371
     363
     366
     352
     371
     368
     315
     350
     354
     367
     345
     387
     390
     357
     356
     313
     363
     369
     369
     363
     362
     362
     353
     360
     341
     358
     348
     345
     391
     344
     368
     383
     384
     342
     371
     367
     373
     361
     353
     373
     343
     359
     374
     347
     371
     371
     383
     359
     363
     323
     391
     389
     396
     404
     348
     342
     337
     355
     376
     449
     450
     541
     771
    1056
    1409
    1522
    1299
     920
     550
     398
     353
     360
     307
     362
     348
     312
     315
     328
     338
     368
     344
     349
     325
     332
     337
     336
     366
     348
     356
     361
     343
     352
     349
     352
     323
     348
     337
     362
     355
     348
     341
     363
     346
     329
     365
     382
     448
     486
     467
     444
     374
     349
     324
     307
     332
     327
     325
     338
     314
     332
     321
     327
     341
     304
     375
     325
     329
     323
     330
     360
     337
     376
     309
     356
     407
     367
     405
     422
     400
     351
     356
     391
     330
     332
     344
     345
     313
     329
     325
     329
     321
     347
     358
     342
     300
     327
     321
     358
     323
     342
     356
     359
     388
     471
     515
     560
     547
     463
     446
     518
     594
     758
    1015
    1033
     894
     608
     455
     334
     300
     301
     322
     300
     325
     308
     325
     319
     339
     367
     337
     297
     316
     345
     298
     309
     341
     321
     344
     335
     351
     344
     301
     300
     330
     283
     293
     328
     314
     300
     316
     319
     307
     318
     311
     316
     318
     322
     278
     309
     302
     338
     307
     278
     309
     308
     318
     328
     314
     351
     310
     299
     357
     326
     361
     333
     339
     361
     328
     301
     311
     323
     282
     320
     304
     296
     293
     342
     308
     340
     324
     268
     312
     329
     299
     292
     290
     316
     308
     289
     293
     286
     333
     319
     333
     299
     339
     290
     340
     297
     326
     275
     296
     296
     283
     284
     281
     314
     328
     315
     339
     314
     304
     312
     299
     304
     305
     277
     322
     314
     303
     305
     322
     322
     304
     348
     323
     278
     345
     293
     309
     294
     343
     335
     311
     313
     316
     292
     340
     317
     292
     314
     324
     307
     303
     318
     303
     306
     292
     300
     314
     293
     342
     270
     333
     330
     282
     294
     340
     327
     302
     294
     284
     292
     303
     279
     305
     295
     300
     316
     314
     324
     293
     283
     270
     315
     325
     317
     342
     299
     327
     288
     255
     314
     298
     301
     321
     305
     294
     341
     326
     289
     336
     295
     299
     301
     304
     313
     324
     281
     304
     327
     315
     337
     267
     304
     318
     282
     305
     299
     363
     336
     306
     307
     281
     311
     311
     305
     283
     299
     316
     283
     312
     324
     301
     320
     271
     300
     294
     282
     336
     324
     310
     294
     269
     312
     298
     301
     316
     343
     335
     297
     271
     315
     291
     302
     284
     263
     304
     305
     297
     302
     311
     303
     281
     320
     292
     329
     321
     318
     321
     335
     316
     308
     324
     293
     347
     298
     311
     338
     319
     303
     323
     290
     333
     280
     309
     328
     286
     305
     362
     339
     399
     456
     483
     614
     855
     973
     959
     776
     527
     385
     319
     310
     283
     277
     306
     283
     312
     292
     304
     304
     320
     271
     319
     301
     332
     302
     332
     281
     330
     293
     321
     340
     327
     313
     343
     320
     321
     323
     285
     293
     262
     323
     328
     318
     288
     306
     311
     305
     297
     317
     294
     315
     322
     316
     325
     286
     291
     301
     315
     320
     292
     293
     340
     302
     327
     333
     332
     354
     343
     359
     372
     381
     355
     324
     315
     338
     287
     331
     329
     338
     308
     296
     330
     306
     286
     323
     310
     302
     346
     323
     346
     319
     330
     296
     305
     356
     290
     300
     329
     319
     331
     348
     300
     338
     311
     292
     354
     315
     343
     341
     287
     310
     296
     303
     324
     307
     284
     294
     313
     323
     328
     348
     340
     318
     296
     338
     299
     293
     333
     325
     345
     321
     340
     338
     335
     314
     326
     311
     299
     331
     331
     339
     311
     356
     335
     349
     316
     352
     361
     339
     334
     329
     338
     363
     333
     331
     340
     339
     330
     325
     382
     321
     310
     357
     329
     345
     368
     379
     329
     341
     307
     341
     326
     345
     320
     328
     330
     322
     355
     356
     337
     306
     315
     347
     336
     323
     353
     358
     346
     338
     327
     342
     325
     340
     346
     353
     348
     326
     361
     345
     337
     332
     360
     334
     388
     356
     347
     358
     361
     353
     384
     312
     319
     369
     338
     357
     365
     331
     320
     367
     371
     437
     416
     483
     529
     584
     598
     486
     445
     387
     340
     308
     301
     316
     319
     307
     289
     276
     303
     278
     290
     299
     260
     291
     289
     275
     270
     267
     264
     270
     244
     272
     290
     236
     275
     240
     248
     242
     241
     238
     228
     263
     202
     238
     251
     244
     227
     236
     231
     254
     222
     244
     234
     246
     247
     234
     238
     225
     208
     239
     232
     200
     237
     181
     234
     203
     199
     219
     230
     208
     237
     219
     199
     219
     218
     215
     219
     227
     240
     223
     231
     235
     216
     232
     248
     270
     287
     260
     225
     215
     245
     210
     233
     208
     194
     192
     219
     200
     190
     200
     189
     216
     186
     193
     172
     212
     186
     224
     203
     195
     171
     194
     212
     190
     183
     204
     217
     173
     196
     166
     208
     184
     180
     188
     208
     192
     190
     178
     190
     192
     185
     207
     198
     193
     220
     162
     177
     176
     206
     182
     192
     168
     179
     184
     153
     172
     200
     175
     161
     166
     167
     181
     185
     174
     182
     153
     169
     179
     159
     153
     165
     177
     187
     166
     131
     185
     171
     168
     171
     169
     176
     138
     142
     169
     176
     168
     180
     142
     180
     165
     153
     166
     162
     140
     155
     144
     130
     159
     161
     159
     146
     166
     133
     153
     155
     164
     148
     130
     173
     147
     113
     146
     118
     138
     139
     149
     156
     125
     128
     141
     125
     139
     120
     125
     134
     137
     154
     117
     124
     119
     135
     139
     140
     125
     134
     122
     126
     130
     117
     135
     126
     111
     118
     105
     115
     138
     124
     124
     131
     147
     108
     122
      95
     113
     118
     102
     115
     124
     100
     131
     109
     115
     101
     122
     130
     112
      98
     116
     139
     124
     132
     156
     154
     184
     205
     256
     264
     233
     200
     159
     124
     110
      98
     106
     111
     101
      83
     129
     130
     143
     136
     111
     122
     126
     105
     108
     105
     120
     113
      99
     110
      99
     101
     113
      92
     111
     106
     123
      88
     116
      99
      97
      99
      98
     107
      96
     113
     130
     147
     158
     145
     172
     128
     114
     119
     131
     136
     116
     125
     145
     126
     180
     227
     198
     163
     132
     136
     102
      94
      93
      88
     103
      98
      93
      96
      93
      91
      99
     109
      82
     108
     110
      74
     103
     101
      88
     101
      91
     107
     123
     111
      94
     100
     102
      91
     109
     106
     104
     114
      99
     123
      79
     104
      91
      99
      83
     104
     100
     104
      91
     102
      72
     101
     105
     114
     110
     106
      93
      80
      80
      96
      84
     112
     100
     102
      91
     102
     100
      90
     108
      93
     114
     105
      99
     113
      96
      83
      84
      97
      96
      87
      98
     112
      92
     116
      98
     112
     124
     111
     121
     161
     229
     349
     450
     681
    1011
    1447
    2173
    3308
    5084
    7100
    8521
    8300
    6140
    3457
    1503
     476
     166
      84
      59
      64
      52
      64
      69
      61
      76
      75
      75
      85
      97
     102
     128
     138
     157
     206
     197
     216
     211
     192
     133
     112
      78
      70
      69
      41
      71
      57
      62
      56
      54
      55
      65
      62
      61
      63
      63
      55
      54
      53
      34
      60
      54
      51
      48
      54
      56
      40
      75
      54
      69
      57
      54
      80
      71
      70
      76
      83
      99
      82
      79
      60
      52
      60
      64
      72
      76
      69
      74
      63
      73
      55
      63
      51
      70
      66
      58
      69
      85
      78
     102
     123
     136
     119
     131
     108
      80
      67
      64
      77
      66
      56
      62
      63
      55
      54
      61
      58
      59
      75
      40
      57
      48
      49
      43
      65
      52
      55
      55
      49
      53
      53
      59
      76
      73
      58
      54
      66
      44
      63
      51
      64
      48
      53
      64
      46
      41
      52
      60
      62
      44
      47
      71
      49
      63
      65
      68
      66
      82
      69
      59
      64
      68
      63
      57
      64
      59
      66
      64
      47
      50
      48
      56
      55
      51
      57
      40
      59
      45
      48
      48
      51
      55
      54
      51
      34
      51
      42
      49
      57
      45
      57
      51
      54
      56
      50
      53
      43
      53
      46
      50
      46
      49
      54
      34
      51
      58
      41
      53
      56
      58
      37
      43
      47
      52
      47
      52
      55
      52
      53
      46
      47
      49
      41
      41
      53
      34
      45
      47
      36
      57
      58
      55
      70
      71
      66
      66
      65
      72
      80
      72
      85
      85
      75
      74
      71
      74
     106
     126
     158
     174
     179
     149
     133
      98
     115
     123
     151
     183
     171
     121
     100
      65
      72
      69
      70
      45
      50
      62
      50
      56
      68
      69
      64
      60
      45
      39
      40
      54
      49
      46
      51
      69
      49
      63
      44
      40
      57
      42
      52
      39
      35
      32
      39
      40
      43
      48
      44
      46
      43
      43
      37
      41
      42
      46
      44
      53
      65
      72
      72
     103
      96
      88
      71
      58
      47
      47
      50
      60
      49
      53
      34
      46
      47
      50
      54
      60
      75
      92
     105
      93
      85
      70
      39
      51
      44
      43
      50
      41
      47
      48
      41
      47
      63
      49
      60
      39
      43
      55
      46
      38
      47
      35
      44
      49
      45
      39
      35
      42
      44
      38
      34
      51
      38
      35
      29
      51
      37
      34
      38
      41
      39
      31
      30
      42
      45
      43
      39
      38
      46
      49
      53
      47
      50
      63
      63
      68
      88
      79
      59
      52
      41
      40
      32
      44
      43
      43
      46
      34
      37
      53
      35
      36
      30
      46
      36
      32
      39
      41
      49
      35
      28
      39
      35
      34
      36
      42
      37
      32
      41
      42
      41
      48
      50
      39
      40
      49
      55
      57
      36
      40
      51
      32
      37
      43
      37
      38
      36
      39
      37
      32
      48
      49
      43
      49
      48
      38
      45
      55
      40
      40
      41
      32
      31
      38
      37
      43
      36
      36
      39
      30
      36
      25
      43
      44
      40
      55
      29
      28
      28
      36
      35
      28
      36
      35
      34
      26
      27
      39
      37
      41
      24
      29
      34
      33
      44
      35
      32
      30
      38
      38
      39
      35
      32
      43
      34
      29
      27
      40
      43
      40
      34
      34
      43
      31
      31
      40
      50
      53
      53
      52
      71
      98
     130
     140
     138
     124
      81
      62
      42
      38
      31
      25
      29
      29
      38
      29
      32
      47
      25
      38
      29
      26
      36
      41
      36
      43
      32
      53
      38
      44
      37
      35
      35
      42
      31
      46
      33
      27
      35
      31
      36
      31
      29
      24
      43
      32
      35
      28
      33
      33
      41
      38
      33
      29
      38
      41
      38
      46
      49
      53
      70
      87
     112
     113
     203
     245
     363
     478
     552
     575
     469
     311
     165
      88
      30
      42
      30
      37
      26
      33
      29
      28
      33
      31
      37
      33
      45
      37
      39
      39
      48
      31
      50
      41
      49
      47
      44
      41
      33
      34
      30
      29
      30
      29
      31
      25
      37
      32
      39
      30
      28
      33
      30
      33
      38
      35
      31
      23
      39
      36
      31
      28
      37
      27
      24
      28
      36
      21
      23
      24
      28
      33
      30
      32
      32
      43
      31
      28
      30
      35
      25
      37
      37
      43
      25
      36
      39
      22
      34
      31
      30
      37
      31
      38
      27
      40
      22
      32
      33
      30
      23
      34
      28
      41
      26
      34
      22
      31
      36
      28
      37
      31
      33
      20
      38
      27
      35
      35
      37
      32
      36
      27
      37
      26
      41
      31
      24
      31
      22
      32
      26
      25
      35
      37
      23
      33
      33
      24
      27
      34
      38
      37
      49
      35
      24
      42
      54
      45
      45
      39
      39
      29
      31
      30
      47
      35
      25
      50
      47
      58
      45
      81
     112
     110
     100
      82
      59
      50
      39
      35
      38
      25
      28
      23
      25
      23
      30
      35
      23
      26
      32
      33
      29
      40
      30
      30
      28
      32
      34
      29
      27
      34
      25
      22
      37
      36
      35
      40
      32
      40
      41
      27
      39
      38
      35
      31
      34
      38
      39
      38
      54
      39
      28
      32
      34
      33
      31
      26
      28
      23
      35
      30
      25
      45
      28
      38
      32
      26
      30
      35
      33
      29
      28
      30
      35
      33
      27
      25
      27
      34
      42
      42
      31
      37
      35
      27
      30
      39
      36
      27
      33
      29
      37
      40
      41
      38
      35
      40
      31
      23
      35
      37
      39
      32
      29
      25
      25
      36
      28
      33
      42
      29
      30
      37
      35
      33
      42
      34
      37
      31
      31
      38
      37
      22
      34
      24
      31
      41
      25
      35
      31
      40
      34
      33
      26
      27
      29
      28
      36
      31
      26
      33
      37
      29
      31
      42
      28
      28
      21
      39
      33
      28
      36
      31
      34
      28
      39
      29
      36
      36
      34
      35
      29
      44
      24
      34
      28
      38
      37
      32
      34
      32
      40
      31
      32
      31
      26
      44
      25
      29
      39
      22
      27
      43
      34
      27
      25
      39
      29
      27
      30
      36
      26
      32
      26
      29
      32
      37
      34
      25
      28
      26
      17
      24
      35
      40
      26
      25
      37
      36
      35
      32
      36
      30
      34
      31
      38
      32
      21
      23
      32
      30
      26
      38
      39
      37
      31
      29
      26
      32
      39
      38
      28
      36
      27
      30
      20
      27
      33
      28
      43
      31
      33
      20
      18
      35
      16
      27
      26
      31
      28
      30
      25
      35
      33
      33
      24
      25
      21
      27
      29
      29
      28
      35
      37
      25
      26
      28
      25
      27
      24
      20
      28
      24
      33
      30
      37
      31
      29
      31
      29
      22
      22
      33
      29
      28
      25
      23
      37
      33
      21
      35
      24
      26
      31
      29
      25
      27
      39
      24
      28
      31
      30
      22
      24
      23
      36
      37
      23
      36
      34
      21
      28
      21
      21
      22
      34
      30
      25
      26
      16
      39
      25
      21
      29
      31
      40
      28
      18
      26
      23
      22
      29
      21
      26
      32
      20
      40
      24
      22
      30
      32
      29
      23
      20
      20
      39
      20
      29
      30
      31
      25
      33
      32
      29
      18
      28
      19
      23
      20
      23
      34
      19
      32
      20
      16
      38
      33
      28
      25
      33
      27
      38
      37
      23
      15
      25
      23
      21
      31
      17
      26
      31
      17
      32
      28
      27
      17
      28
      34
      31
      27
      29
      29
      19
      26
      32
      28
      20
      27
      19
      20
      20
      20
      20
      26
      20
      24
      20
      25
      27
      31
      31
      33
      24
      23
      36
      22
      26
      22
      24
      25
      29
      29
      27
      32
      22
      23
      24
      24
      20
      27
      26
      32
      19
      23
      20
      19
      26
      24
      30
      28
      27
      33
      25
      27
      22
      33
      21
      22
      27
      25
      28
      18
      23
      27
      18
      19
      27
      26
      30
      15
      27
      29
      29
      15
      34
      27
      38
      29
      34
      24
      25
      40
      55
      65
      80
      99
     112
     103
     121
     124
     124
     135
      99
      78
      74
      34
      40
      30
      28
      23
      26
      22
      23
      27
      39
      36
      21
      34
      31
      31
      30
      35
      37
      35
      41
      48
      51
      60
      64
      67
      46
      34
      29
      21
      33
      29
      31
      24
      25
      20
      31
      15
      22
      27
      37
      20
      28
      27
      17
      30
      32
      30
      21
      23
      22
      31
      27
      28
      38
      25
      28
      21
      29
      20
      19
      31
      33
      30
      29
      33
      30
      18
      24
      31
      23
      26
      28
      30
      25
      25
      30
      29
      21
      30
      37
      32
      20
      40
      27
      15
      31
      33
      25
      25
      20
      33
      21
      32
      31
      29
      23
      22
      30
       0
       0
       0
       0
       0
       0
       0
       0
       0
       0
       0
       0
       0
       0
       0
       0
       0
       0
       0
       0
       0
       0
       0
       0
       0
       0
       0
       0
       0
       0
       0
       0
       0
       0
       0
       0
       0
       0
       0
       0
       0
       0
       0
       0
       0
       0
       0
       0
       0
       0
       0
       0
       0
       0
       0
       0
       0
       0
       0
       0
       0
       0
       0
       0
$ROI:
0
$PRESETS:
None
0
0
$ENER_FIT:
0.000000 0.536422
$MCA_CAL:
3
0.000000E+000 5.364218E-001 0.000000E+000 keV
$SHAPE_CAL:
3
3.032570E+000 0.000000E+000 0.000000E+000
