$SPEC_ID:
No sample description was entered.
$SPEC_REM:
DET# 1
DETDESC# DESKTOP-AKUPN2F Easy-MCA-8k SN 09022236
AP# Maestro Version 7.01
$DATE_MEA:
01/31/2017 14:52:12
$MEAS_TIM:
816 910
$DATA:
0 8191
       0
       0
       0
       0
       0
       0
       0
       0
       1
       0
       0
       0
       0
       0
       0
       0
       0
       0
       0
       0
       0
       0
       0
       0
       0
       0
       0
       0
       0
       0
       0
       0
       0
       0
       0
       0
       0
       0
       0
       1
       0
       0
       0
       0
       0
       0
       0
       0
       0
       0
       0
       0
       0
       0
       0
       0
       0
       8
      35
      84
     148
     210
    1162
    2637
    3329
    3885
    3555
    2510
    2189
    2310
    2431
    2203
    1468
     891
     568
     522
     554
     518
     526
     556
     559
     619
     539
     555
     556
     612
     585
     611
     584
     628
     562
     607
     622
     583
     560
     577
     517
     574
     548
     558
     552
     514
     515
     584
     599
     528
     501
     508
     565
     579
     509
     516
     491
     481
     535
     533
     498
     503
     536
     495
     509
     496
     515
     491
     521
     518
     486
     529
     475
     497
     557
     487
     514
     538
     504
     531
     543
     476
     479
     470
     525
     460
     497
     511
     503
     525
     528
     518
     484
     493
     475
     506
     504
     470
     542
     548
     470
     487
     516
     469
     475
     543
     485
     505
     503
     494
     477
     498
     490
     458
     475
     505
     486
     458
     503
     463
     495
     467
     466
     468
     464
     500
     486
     513
     475
     496
     494
     500
     496
     532
     508
     535
     479
     487
     519
     518
     515
     490
     523
     524
     506
     478
     538
     535
     557
     506
     533
     515
     531
     517
     526
     489
     518
     514
     521
     513
     521
     492
     544
     566
     539
     516
     468
     548
     531
     549
     563
     516
     555
     535
     557
     539
     522
     560
     518
     528
     548
     542
     545
     531
     554
     600
     583
     553
     591
     567
     558
     573
     581
     545
     600
     547
     589
     563
     598
     565
     590
     534
     619
     608
     601
     588
     580
     597
     602
     590
     617
     657
     619
     589
     606
     610
     597
     567
     584
     594
     571
     629
     642
     593
     608
     620
     581
     659
     600
     569
     583
     616
     596
     582
     621
     596
     578
     607
     634
     617
     602
     613
     651
     630
     610
     633
     665
     640
     638
     638
     625
     630
     597
     627
     662
     613
     636
     619
     622
     674
     636
     633
     603
     631
     626
     606
     609
     585
     656
     667
     652
     648
     611
     675
     648
     648
     660
     701
     661
     635
     651
     641
     661
     672
     611
     684
     656
     717
     659
     693
     665
     692
     660
     669
     663
     695
     692
     667
     673
     671
     640
     669
     715
     672
     627
     674
     692
     674
     665
     694
     694
     710
     681
     627
     702
     663
     695
     728
     740
     680
     650
     636
     686
     687
     733
     641
     665
     659
     665
     681
     690
     676
     688
     692
     707
     674
     687
     723
     654
     688
     684
     695
     718
     642
     720
     718
     649
     753
     661
     738
     669
     686
     699
     718
     673
     664
     696
     712
     711
     677
     692
     709
     706
     646
     707
     687
     672
     723
     691
     663
     711
     642
     728
     715
     702
     709
     685
     702
     707
     668
     718
     674
     635
     690
     730
     724
     702
     717
     707
     705
     700
     697
     719
     694
     677
     660
     675
     667
     688
     692
     745
     656
     694
     677
     664
     686
     694
     758
     691
     679
     725
     658
     691
     693
     691
     652
     657
     667
     720
     707
     644
     666
     679
     723
     726
     717
     714
     739
     652
     695
     706
     679
     695
     639
     659
     728
     713
     743
     718
     686
     694
     677
     694
     680
     709
     704
     712
     676
     691
     732
     637
     677
     737
     702
     720
     687
     705
     661
     696
     656
     667
     683
     676
     720
     673
     667
     668
     686
     690
     717
     645
     682
     689
     695
     675
     660
     708
     646
     706
     707
     686
     714
     692
     664
     685
     679
     707
     659
     640
     639
     651
     673
     724
     656
     655
     667
     727
     637
     667
     683
     734
     675
     708
     709
     664
     669
     629
     692
     687
     687
     670
     695
     682
     723
     679
     590
     661
     742
     630
     737
     668
     691
     708
     701
     691
     655
     635
     647
     672
     719
     662
     687
     648
     659
     660
     660
     634
     698
     641
     640
     651
     709
     686
     638
     643
     668
     629
     712
     629
     709
     688
     692
     706
     620
     647
     644
     642
     691
     666
     647
     639
     651
     676
     617
     661
     650
     612
     588
     669
     625
     660
     634
     631
     633
     688
     646
     605
     632
     655
     639
     668
     646
     612
     644
     615
     620
     627
     614
     682
     639
     630
     595
     639
     640
     652
     606
     590
     610
     674
     609
     640
     637
     607
     682
     633
     694
     605
     587
     692
     643
     588
     627
     635
     585
     642
     662
     579
     640
     684
     617
     607
     635
     657
     626
     639
     638
     623
     599
     642
     633
     611
     645
     635
     598
     609
     595
     614
     590
     629
     633
     631
     615
     614
     598
     668
     638
     613
     637
     641
     637
     605
     600
     597
     592
     618
     620
     630
     557
     640
     618
     630
     616
     584
     582
     587
     626
     599
     589
     634
     638
     588
     529
     610
     550
     536
     548
     560
     582
     569
     552
     573
     549
     622
     615
     624
     616
     572
     612
     589
     573
     574
     611
     557
     594
     584
     635
     560
     600
     571
     588
     612
     613
     574
     604
     579
     587
     588
     627
     611
     596
     599
     604
     565
     575
     567
     567
     595
     566
     610
     554
     550
     532
     587
     579
     543
     602
     528
     545
     562
     570
     590
     583
     539
     521
     592
     577
     591
     548
     551
     499
     565
     573
     545
     578
     590
     545
     608
     544
     590
     546
     565
     576
     577
     525
     587
     588
     579
     526
     536
     564
     574
     596
     586
     605
     596
     544
     570
     561
     571
     572
     555
     598
     601
     581
     576
     589
     591
     626
     606
     607
     653
     583
     591
     601
     619
     618
     657
     611
     651
     674
     651
     602
     645
     653
     678
     676
     656
     692
     716
     663
     642
     679
     703
     682
     693
     722
     698
     664
     684
     722
     709
     735
     704
     723
     716
     705
     725
     701
     715
     724
     714
     718
     704
     664
     665
     718
     666
     689
     716
     700
     685
     629
     658
     678
     668
     676
     676
     692
     710
     691
     705
     679
     684
     688
     672
     652
     712
     657
     674
     616
     671
     663
     675
     670
     731
     659
     693
     697
     730
     694
     667
     692
     700
     682
     676
     720
     663
     659
     678
     687
     742
     680
     689
     662
     703
     659
     688
     708
     713
     674
     673
     703
     664
     748
     738
     682
     691
     751
     740
     705
     689
     691
     711
     675
     691
     690
     688
     641
     689
     737
     739
     750
     684
     709
     687
     728
     714
     720
     647
     699
     650
     643
     728
     722
     663
     640
     645
     718
     637
     683
     628
     696
     675
     633
     621
     669
     676
     642
     605
     680
     637
     649
     620
     622
     607
     661
     629
     628
     646
     608
     574
     592
     644
     612
     618
     600
     601
     569
     590
     627
     607
     609
     668
     615
     560
     620
     590
     638
     614
     620
     617
     619
     587
     575
     594
     568
     596
     587
     583
     580
     592
     606
     587
     613
     585
     561
     542
     560
     576
     594
     599
     541
     569
     589
     536
     569
     575
     573
     552
     530
     571
     572
     573
     583
     561
     555
     548
     560
     552
     542
     536
     532
     536
     552
     524
     528
     553
     516
     537
     542
     521
     532
     517
     524
     551
     525
     567
     548
     543
     544
     548
     505
     509
     515
     543
     513
     485
     533
     521
     540
     513
     514
     524
     520
     475
     537
     542
     497
     512
     485
     453
     491
     518
     466
     477
     497
     492
     498
     470
     479
     524
     509
     479
     478
     497
     417
     478
     496
     500
     483
     478
     474
     515
     492
     468
     489
     449
     490
     486
     492
     509
     445
     465
     493
     453
     473
     442
     482
     475
     480
     463
     525
     454
     492
     471
     438
     464
     456
     453
     505
     474
     491
     452
     487
     444
     446
     461
     422
     432
     475
     438
     444
     454
     405
     459
     470
     448
     470
     415
     462
     393
     415
     399
     456
     444
     456
     436
     427
     434
     427
     423
     430
     456
     402
     449
     423
     416
     413
     425
     454
     420
     475
     445
     411
     427
     408
     440
     417
     403
     390
     418
     395
     398
     412
     406
     413
     408
     384
     459
     437
     402
     453
     399
     423
     423
     410
     395
     405
     372
     396
     410
     390
     401
     389
     387
     424
     368
     367
     347
     382
     382
     394
     369
     367
     402
     396
     389
     366
     377
     389
     406
     343
     364
     389
     379
     372
     412
     402
     406
     387
     395
     440
     396
     382
     434
     361
     418
     369
     395
     378
     367
     381
     372
     384
     387
     361
     375
     348
     348
     366
     373
     381
     334
     333
     364
     349
     406
     370
     361
     378
     349
     336
     363
     361
     360
     348
     343
     370
     369
     348
     376
     327
     379
     361
     364
     342
     358
     350
     352
     370
     381
     371
     361
     298
     336
     357
     341
     348
     363
     362
     310
     326
     338
     339
     344
     312
     341
     340
     359
     347
     329
     331
     357
     344
     342
     323
     343
     355
     352
     339
     333
     328
     340
     329
     333
     327
     343
     339
     308
     328
     324
     318
     364
     321
     336
     323
     302
     328
     311
     338
     303
     333
     339
     338
     317
     294
     319
     310
     372
     298
     319
     334
     346
     332
     340
     290
     350
     357
     316
     327
     324
     355
     325
     314
     333
     327
     348
     308
     333
     291
     286
     320
     314
     303
     305
     299
     314
     311
     292
     322
     333
     306
     295
     326
     310
     375
     310
     299
     292
     282
     305
     292
     335
     326
     307
     312
     307
     294
     325
     306
     285
     308
     319
     279
     332
     321
     320
     323
     352
     333
     339
     321
     342
     347
     332
     319
     297
     307
     316
     299
     291
     301
     278
     296
     307
     323
     295
     269
     308
     294
     296
     290
     300
     289
     293
     298
     265
     308
     322
     304
     299
     275
     296
     283
     304
     282
     263
     318
     275
     298
     293
     281
     283
     304
     292
     292
     316
     267
     276
     300
     257
     274
     279
     306
     312
     268
     311
     255
     289
     314
     298
     285
     281
     299
     304
     289
     290
     286
     270
     285
     281
     280
     259
     323
     299
     286
     287
     320
     283
     299
     270
     300
     289
     264
     265
     300
     261
     294
     279
     293
     303
     284
     283
     279
     304
     262
     269
     292
     274
     272
     279
     289
     267
     296
     290
     287
     295
     264
     318
     265
     276
     305
     295
     279
     263
     299
     291
     282
     292
     273
     297
     265
     283
     275
     263
     261
     260
     274
     280
     274
     250
     284
     250
     276
     257
     250
     256
     290
     278
     250
     270
     283
     274
     294
     240
     280
     305
     264
     285
     255
     278
     254
     259
     257
     288
     275
     266
     283
     289
     246
     260
     283
     266
     267
     273
     280
     265
     307
     254
     269
     267
     238
     253
     267
     262
     235
     263
     283
     306
     292
     301
     262
     265
     265
     276
     250
     253
     256
     237
     280
     279
     259
     304
     262
     280
     279
     287
     278
     266
     224
     244
     277
     298
     259
     262
     267
     259
     274
     280
     264
     265
     259
     300
     285
     273
     243
     240
     279
     254
     258
     265
     270
     264
     250
     245
     257
     264
     286
     222
     246
     246
     252
     281
     284
     265
     237
     266
     260
     238
     242
     232
     282
     254
     245
     233
     278
     254
     299
     255
     265
     271
     278
     238
     275
     237
     213
     259
     288
     280
     244
     256
     260
     270
     240
     272
     249
     255
     250
     265
     278
     259
     282
     241
     265
     245
     246
     242
     268
     278
     265
     276
     234
     267
     245
     231
     230
     267
     270
     246
     245
     257
     244
     251
     240
     257
     273
     225
     243
     242
     256
     268
     262
     249
     234
     227
     257
     253
     234
     255
     227
     245
     240
     244
     277
     248
     254
     256
     252
     262
     247
     252
     261
     242
     273
     257
     260
     271
     239
     268
     256
     235
     260
     257
     228
     271
     245
     251
     236
     257
     232
     266
     258
     264
     254
     288
     243
     257
     265
     267
     270
     226
     258
     255
     267
     253
     272
     249
     233
     210
     232
     268
     239
     240
     240
     250
     239
     261
     219
     226
     255
     221
     255
     230
     271
     258
     278
     285
     263
     240
     244
     228
     248
     267
     232
     262
     240
     241
     257
     240
     254
     283
     272
     241
     259
     262
     270
     240
     248
     227
     229
     260
     244
     269
     239
     245
     245
     251
     260
     235
     246
     248
     242
     275
     253
     244
     245
     240
     235
     242
     235
     244
     221
     283
     245
     253
     250
     235
     268
     258
     243
     247
     264
     234
     267
     252
     265
     266
     226
     235
     271
     224
     270
     260
     241
     235
     274
     248
     252
     268
     216
     264
     274
     237
     268
     228
     252
     225
     206
     284
     256
     258
     268
     249
     271
     252
     221
     287
     234
     257
     236
     234
     250
     267
     273
     251
     238
     221
     242
     256
     254
     226
     246
     246
     279
     231
     255
     213
     242
     241
     249
     254
     223
     254
     273
     227
     267
     216
     246
     236
     222
     249
     248
     269
     236
     234
     229
     257
     266
     246
     248
     219
     272
     256
     225
     229
     250
     277
     254
     227
     239
     256
     238
     230
     259
     235
     228
     252
     266
     217
     226
     260
     241
     225
     237
     211
     250
     260
     249
     224
     232
     239
     219
     233
     237
     243
     252
     260
     215
     231
     248
     254
     263
     244
     267
     246
     234
     262
     240
     245
     230
     246
     234
     227
     255
     247
     264
     236
     255
     248
     261
     261
     230
     226
     242
     244
     268
     271
     254
     259
     238
     264
     242
     254
     260
     230
     210
     284
     252
     257
     245
     218
     242
     211
     236
     238
     222
     259
     260
     253
     255
     240
     252
     233
     262
     240
     266
     241
     185
     281
     261
     232
     229
     236
     239
     254
     256
     241
     243
     253
     244
     236
     252
     272
     243
     257
     234
     228
     235
     236
     254
     254
     256
     260
     242
     224
     246
     275
     269
     272
     292
     268
     263
     268
     266
     298
     273
     266
     279
     266
     255
     253
     259
     265
     230
     214
     228
     233
     258
     239
     245
     238
     223
     233
     259
     243
     256
     288
     253
     253
     235
     237
     235
     265
     258
     241
     227
     252
     249
     247
     281
     225
     247
     210
     236
     226
     230
     238
     245
     236
     245
     262
     234
     253
     226
     262
     224
     263
     220
     242
     268
     272
     252
     230
     261
     253
     230
     269
     257
     224
     235
     238
     249
     272
     241
     251
     249
     222
     233
     251
     227
     258
     243
     235
     251
     244
     250
     228
     221
     226
     238
     235
     224
     260
     240
     237
     264
     254
     263
     247
     250
     221
     221
     227
     251
     276
     225
     227
     235
     234
     269
     234
     217
     244
     257
     234
     265
     244
     248
     242
     243
     240
     243
     243
     231
     254
     253
     250
     242
     252
     239
     227
     245
     259
     237
     234
     247
     230
     234
     251
     239
     236
     270
     207
     229
     249
     225
     256
     250
     254
     265
     252
     227
     261
     228
     241
     250
     243
     243
     244
     230
     238
     237
     231
     247
     240
     253
     247
     245
     244
     234
     244
     252
     260
     241
     244
     257
     262
     291
     266
     245
     246
     269
     272
     251
     254
     245
     249
     242
     250
     233
     201
     247
     220
     290
     228
     236
     249
     244
     246
     261
     261
     239
     249
     231
     256
     225
     260
     250
     244
     258
     249
     248
     230
     243
     252
     283
     246
     265
     264
     250
     244
     224
     244
     218
     231
     225
     239
     258
     259
     289
     222
     201
     242
     247
     242
     238
     247
     268
     245
     252
     230
     225
     244
     250
     234
     274
     239
     270
     258
     242
     271
     245
     213
     231
     234
     267
     243
     231
     206
     241
     240
     233
     242
     248
     234
     238
     238
     239
     239
     244
     227
     251
     262
     232
     246
     233
     251
     275
     241
     253
     257
     276
     218
     225
     255
     237
     271
     236
     229
     239
     252
     248
     257
     259
     290
     263
     278
     263
     263
     247
     262
     235
     244
     253
     239
     233
     216
     242
     248
     244
     258
     241
     240
     244
     250
     247
     233
     250
     260
     257
     248
     216
     225
     241
     256
     259
     236
     267
     236
     272
     241
     237
     252
     249
     266
     223
     242
     237
     256
     242
     273
     251
     290
     251
     244
     267
     259
     236
     217
     227
     222
     251
     244
     294
     239
     263
     263
     237
     255
     236
     250
     253
     260
     249
     212
     235
     264
     265
     249
     254
     228
     234
     251
     227
     228
     253
     230
     248
     267
     251
     260
     261
     249
     264
     225
     247
     252
     262
     263
     264
     246
     291
     296
     265
     254
     255
     258
     299
     254
     273
     283
     275
     288
     292
     268
     253
     258
     266
     259
     252
     262
     249
     218
     236
     250
     285
     252
     231
     239
     262
     231
     242
     281
     232
     237
     264
     224
     235
     277
     250
     282
     261
     269
     241
     265
     254
     246
     264
     229
     228
     266
     239
     268
     217
     232
     252
     251
     246
     263
     281
     234
     253
     285
     240
     242
     252
     250
     232
     247
     252
     237
     270
     261
     242
     263
     214
     225
     249
     222
     281
     242
     240
     225
     247
     263
     265
     279
     234
     261
     221
     246
     230
     253
     222
     270
     237
     243
     269
     222
     253
     226
     264
     272
     253
     243
     252
     226
     268
     235
     243
     238
     264
     262
     247
     227
     293
     246
     238
     264
     230
     224
     263
     257
     239
     278
     263
     281
     262
     251
     222
     251
     257
     266
     233
     235
     267
     247
     243
     247
     248
     245
     237
     233
     285
     231
     248
     263
     253
     239
     234
     245
     274
     239
     260
     254
     228
     251
     262
     261
     258
     234
     252
     258
     225
     273
     234
     257
     229
     255
     261
     246
     231
     251
     253
     262
     268
     241
     266
     266
     252
     212
     270
     235
     236
     255
     275
     273
     280
     241
     232
     269
     229
     265
     259
     235
     267
     253
     244
     232
     281
     258
     258
     247
     257
     261
     245
     277
     243
     268
     252
     282
     234
     276
     250
     269
     272
     258
     263
     250
     234
     274
     289
     268
     275
     258
     255
     242
     273
     252
     270
     259
     263
     288
     234
     265
     238
     252
     259
     255
     251
     267
     252
     276
     244
     277
     275
     256
     223
     262
     273
     261
     284
     242
     270
     246
     282
     259
     228
     264
     254
     240
     256
     238
     255
     257
     261
     280
     272
     235
     257
     253
     244
     284
     259
     252
     255
     252
     267
     256
     241
     265
     249
     262
     238
     258
     256
     278
     239
     265
     241
     257
     273
     269
     271
     245
     237
     249
     263
     256
     261
     277
     275
     222
     235
     269
     242
     247
     241
     262
     254
     265
     276
     253
     256
     277
     269
     257
     272
     237
     251
     288
     278
     240
     263
     265
     247
     245
     236
     258
     246
     272
     239
     259
     240
     246
     268
     272
     263
     262
     231
     270
     254
     278
     290
     268
     235
     267
     256
     264
     276
     265
     271
     272
     274
     286
     254
     248
     255
     267
     275
     276
     274
     265
     262
     266
     239
     261
     272
     285
     269
     250
     275
     251
     273
     271
     253
     282
     249
     279
     256
     225
     266
     269
     270
     261
     278
     275
     288
     265
     247
     249
     266
     254
     260
     288
     248
     259
     266
     268
     238
     234
     247
     265
     287
     257
     234
     273
     254
     262
     257
     297
     231
     253
     283
     259
     281
     236
     259
     235
     281
     274
     276
     275
     270
     249
     257
     273
     286
     256
     243
     280
     240
     285
     284
     249
     248
     254
     270
     277
     276
     261
     268
     295
     270
     255
     242
     253
     306
     269
     270
     286
     263
     274
     299
     277
     255
     273
     290
     270
     294
     253
     288
     270
     293
     266
     266
     271
     285
     282
     267
     307
     249
     289
     266
     271
     257
     248
     291
     271
     245
     288
     266
     288
     264
     256
     273
     262
     255
     255
     263
     276
     274
     265
     273
     287
     290
     247
     291
     299
     272
     245
     250
     273
     286
     269
     270
     270
     249
     266
     278
     229
     276
     293
     245
     248
     253
     257
     257
     290
     277
     299
     267
     276
     274
     285
     286
     278
     275
     298
     287
     294
     303
     306
     249
     287
     276
     287
     278
     261
     264
     278
     277
     284
     282
     306
     282
     274
     276
     276
     258
     296
     306
     270
     297
     282
     313
     305
     282
     274
     244
     277
     301
     283
     291
     284
     294
     286
     276
     283
     286
     276
     261
     252
     279
     288
     295
     259
     296
     269
     302
     276
     291
     267
     264
     253
     287
     299
     298
     277
     286
     284
     277
     275
     296
     260
     273
     287
     271
     290
     290
     251
     289
     304
     258
     277
     275
     266
     267
     262
     289
     284
     262
     288
     269
     296
     294
     261
     263
     298
     277
     302
     279
     255
     299
     271
     262
     298
     274
     283
     305
     294
     299
     269
     282
     282
     302
     271
     287
     291
     281
     288
     285
     296
     278
     264
     293
     296
     301
     269
     285
     283
     295
     286
     308
     297
     303
     270
     303
     306
     265
     305
     269
     292
     298
     280
     298
     289
     283
     290
     283
     288
     269
     299
     280
     284
     259
     305
     299
     290
     296
     271
     302
     303
     283
     269
     319
     316
     267
     284
     313
     291
     289
     290
     290
     281
     303
     287
     312
     294
     310
     278
     278
     306
     258
     298
     278
     320
     285
     291
     355
     305
     258
     281
     250
     320
     320
     304
     274
     281
     299
     290
     306
     312
     304
     310
     308
     270
     286
     272
     306
     303
     349
     303
     288
     319
     309
     289
     279
     316
     339
     286
     293
     316
     324
     291
     312
     312
     297
     292
     307
     302
     294
     326
     322
     301
     286
     308
     294
     310
     285
     276
     306
     289
     285
     293
     300
     312
     312
     296
     319
     311
     297
     303
     330
     263
     339
     264
     338
     271
     279
     321
     303
     332
     289
     278
     282
     309
     278
     280
     296
     303
     273
     317
     304
     338
     291
     312
     278
     290
     307
     299
     326
     285
     284
     288
     306
     345
     319
     315
     308
     302
     311
     308
     317
     305
     299
     294
     315
     301
     322
     317
     343
     314
     322
     310
     322
     310
     298
     300
     316
     310
     325
     292
     328
     308
     347
     322
     301
     303
     287
     299
     266
     310
     318
     298
     311
     324
     287
     312
     297
     344
     309
     325
     329
     329
     337
     342
     360
     359
     315
     365
     332
     339
     406
     358
     316
     329
     343
     356
     354
     357
     374
     367
     329
     348
     334
     336
     337
     339
     300
     328
     303
     342
     339
     346
     308
     360
     304
     317
     299
     332
     322
     323
     312
     289
     340
     279
     328
     325
     313
     297
     321
     322
     305
     289
     342
     328
     329
     308
     309
     319
     338
     337
     335
     336
     311
     333
     326
     306
     293
     360
     335
     311
     308
     323
     332
     314
     356
     334
     337
     324
     362
     322
     318
     332
     308
     321
     316
     362
     338
     349
     347
     310
     324
     318
     327
     337
     321
     303
     347
     342
     337
     349
     311
     311
     326
     330
     329
     355
     317
     325
     325
     346
     337
     330
     329
     332
     327
     369
     336
     333
     334
     354
     323
     330
     307
     362
     346
     363
     371
     318
     350
     365
     370
     350
     317
     326
     362
     334
     347
     349
     333
     342
     346
     332
     302
     347
     320
     338
     346
     337
     384
     320
     323
     322
     371
     337
     352
     338
     340
     343
     370
     323
     394
     343
     342
     374
     360
     337
     369
     355
     331
     331
     353
     392
     379
     340
     331
     359
     372
     368
     336
     349
     367
     359
     358
     358
     361
     408
     348
     308
     323
     365
     361
     334
     378
     348
     363
     415
     387
     344
     363
     357
     360
     381
     341
     382
     399
     407
     370
     356
     396
     348
     355
     330
     365
     370
     376
     390
     372
     367
     368
     369
     394
     362
     384
     358
     367
     366
     404
     347
     387
     367
     362
     379
     430
     362
     367
     377
     387
     394
     352
     366
     373
     367
     392
     358
     363
     337
     379
     365
     393
     333
     380
     367
     369
     381
     372
     376
     375
     397
     395
     383
     391
     389
     368
     412
     392
     360
     399
     403
     410
     392
     392
     393
     414
     397
     405
     449
     384
     382
     408
     410
     400
     404
     398
     395
     401
     380
     385
     379
     401
     396
     391
     358
     407
     404
     404
     391
     354
     429
     422
     414
     372
     411
     369
     373
     380
     409
     400
     398
     389
     429
     368
     395
     402
     425
     406
     391
     403
     367
     405
     415
     401
     396
     401
     412
     435
     430
     414
     389
     389
     368
     411
     420
     382
     384
     450
     411
     416
     421
     421
     403
     413
     431
     413
     425
     439
     396
     423
     437
     388
     392
     439
     436
     430
     406
     402
     431
     449
     406
     416
     436
     403
     432
     439
     404
     446
     436
     398
     437
     444
     404
     438
     444
     406
     433
     432
     445
     450
     455
     439
     476
     463
     464
     417
     446
     443
     435
     433
     407
     425
     442
     421
     420
     435
     447
     466
     430
     433
     444
     416
     428
     456
     405
     427
     451
     469
     488
     454
     422
     440
     429
     465
     431
     467
     442
     451
     437
     434
     449
     464
     417
     487
     464
     422
     456
     443
     466
     475
     479
     457
     462
     462
     476
     456
     447
     437
     442
     435
     425
     455
     445
     457
     454
     458
     448
     443
     477
     473
     476
     428
     435
     480
     469
     444
     443
     472
     497
     422
     448
     456
     475
     448
     452
     487
     438
     462
     470
     458
     459
     461
     479
     504
     456
     511
     485
     466
     466
     471
     495
     482
     511
     482
     512
     452
     413
     494
     460
     486
     478
     438
     478
     501
     508
     475
     487
     491
     533
     467
     466
     465
     464
     509
     476
     485
     452
     474
     459
     488
     495
     490
     481
     463
     497
     473
     486
     495
     481
     545
     490
     516
     459
     471
     472
     483
     499
     534
     477
     493
     500
     504
     513
     488
     505
     446
     519
     492
     444
     505
     548
     495
     484
     484
     490
     487
     476
     480
     486
     480
     489
     509
     534
     478
     489
     455
     482
     500
     492
     510
     522
     446
     485
     475
     495
     470
     495
     490
     489
     472
     480
     457
     469
     461
     496
     485
     477
     453
     459
     508
     421
     464
     423
     458
     457
     447
     428
     405
     440
     413
     439
     449
     411
     448
     434
     403
     414
     406
     376
     431
     408
     403
     411
     419
     379
     440
     419
     343
     383
     423
     388
     403
     380
     396
     398
     361
     404
     403
     404
     361
     356
     407
     318
     362
     385
     354
     362
     379
     384
     369
     392
     416
     340
     339
     377
     382
     349
     334
     371
     360
     329
     383
     371
     333
     371
     348
     337
     353
     353
     386
     372
     377
     369
     355
     364
     354
     355
     337
     388
     378
     355
     344
     338
     341
     363
     347
     366
     349
     336
     342
     315
     359
     313
     369
     339
     340
     371
     348
     342
     373
     370
     335
     346
     326
     328
     376
     373
     347
     356
     361
     342
     360
     339
     340
     356
     319
     343
     325
     318
     357
     352
     348
     367
     369
     337
     337
     336
     331
     350
     324
     323
     335
     345
     337
     342
     329
     349
     349
     333
     377
     322
     347
     361
     304
     322
     359
     345
     337
     337
     359
     313
     320
     345
     356
     332
     325
     337
     357
     391
     341
     335
     327
     333
     321
     317
     327
     326
     314
     329
     360
     363
     310
     340
     317
     338
     334
     343
     322
     325
     333
     345
     294
     327
     364
     353
     355
     365
     352
     337
     307
     379
     312
     338
     308
     349
     332
     350
     290
     314
     326
     344
     314
     331
     311
     323
     333
     334
     355
     330
     317
     340
     336
     332
     351
     361
     347
     338
     317
     322
     305
     356
     322
     287
     337
     320
     333
     338
     362
     350
     328
     345
     345
     322
     313
     327
     302
     308
     340
     344
     341
     348
     317
     352
     329
     348
     333
     339
     338
     310
     310
     338
     339
     358
     318
     339
     347
     380
     315
     346
     350
     301
     300
     326
     329
     310
     336
     326
     314
     294
     294
     327
     303
     359
     323
     325
     348
     305
     315
     315
     333
     321
     302
     343
     322
     299
     271
     345
     340
     312
     320
     337
     305
     341
     333
     321
     291
     318
     320
     297
     339
     339
     345
     322
     324
     324
     304
     351
     327
     356
     345
     323
     313
     320
     305
     291
     325
     295
     314
     322
     298
     307
     300
     309
     292
     307
     285
     321
     363
     329
     315
     306
     305
     307
     318
     317
     316
     303
     330
     316
     331
     344
     288
     315
     310
     313
     330
     325
     315
     306
     300
     333
     317
     301
     333
     289
     330
     311
     291
     348
     312
     314
     297
     298
     312
     284
     305
     305
     320
     320
     296
     325
     318
     307
     313
     306
     279
     273
     265
     297
     308
     260
     290
     298
     338
     296
     275
     294
     321
     324
     321
     321
     302
     268
     317
     287
     324
     311
     315
     306
     273
     316
     297
     272
     285
     297
     294
     317
     300
     310
     316
     288
     308
     278
     281
     322
     278
     324
     283
     286
     305
     297
     291
     283
     313
     296
     284
     319
     323
     337
     286
     314
     296
     280
     310
     323
     291
     321
     293
     291
     278
     318
     292
     313
     324
     309
     317
     303
     285
     286
     295
     319
     292
     295
     297
     314
     307
     288
     326
     311
     312
     293
     284
     299
     320
     308
     311
     310
     297
     325
     278
     301
     303
     302
     310
     325
     314
     314
     290
     305
     347
     303
     313
     287
     325
     307
     295
     314
     330
     306
     290
     323
     280
     313
     286
     300
     308
     298
     339
     302
     279
     294
     332
     300
     288
     320
     331
     307
     310
     298
     319
     312
     319
     333
     352
     330
     332
     294
     320
     320
     299
     309
     292
     351
     297
     343
     337
     339
     272
     329
     331
     304
     283
     293
     331
     289
     313
     305
     345
     320
     284
     297
     309
     296
     309
     308
     330
     321
     358
     339
     312
     315
     327
     291
     320
     317
     314
     299
     333
     343
     316
     324
     313
     327
     314
     342
     332
     346
     321
     322
     334
     343
     331
     315
     326
     312
     345
     320
     306
     328
     323
     319
     307
     301
     354
     325
     315
     327
     326
     314
     328
     320
     304
     316
     308
     307
     321
     310
     326
     316
     319
     308
     329
     314
     332
     298
     305
     296
     322
     305
     322
     310
     326
     274
     298
     275
     322
     290
     286
     274
     301
     292
     302
     281
     276
     318
     287
     290
     291
     264
     279
     253
     240
     264
     264
     281
     237
     275
     267
     270
     239
     258
     247
     256
     230
     208
     231
     248
     220
     225
     199
     234
     182
     195
     231
     235
     212
     210
     212
     220
     202
     197
     213
     212
     204
     213
     200
     230
     189
     216
     194
     203
     196
     216
     235
     201
     215
     209
     179
     201
     184
     189
     193
     195
     196
     175
     206
     200
     222
     192
     197
     192
     189
     195
     198
     186
     189
     182
     197
     186
     177
     158
     227
     201
     175
     185
     159
     160
     213
     174
     185
     203
     196
     189
     175
     183
     181
     188
     196
     209
     177
     176
     189
     185
     184
     169
     167
     167
     186
     163
     161
     167
     177
     149
     151
     173
     166
     182
     170
     204
     175
     179
     170
     176
     166
     181
     158
     145
     156
     173
     165
     183
     181
     156
     179
     172
     177
     163
     172
     154
     163
     169
     153
     169
     169
     158
     179
     163
     167
     155
     164
     151
     157
     139
     173
     160
     165
     150
     166
     151
     142
     156
     183
     147
     135
     152
     160
     156
     158
     166
     158
     167
     155
     154
     138
     140
     151
     143
     161
     146
     153
     140
     183
     145
     175
     168
     132
     153
     162
     189
     148
     141
     155
     142
     161
     158
     139
     144
     159
     156
     137
     152
     150
     147
     145
     169
     162
     147
     159
     120
     141
     145
     186
     159
     187
     194
     205
     221
     271
     355
     377
     449
     610
     726
     927
    1109
    1440
    1736
    2278
    2810
    3599
    4274
    5253
    6091
    7055
    8372
    9200
    9878
   10334
   10596
   10761
   10430
    9960
    8893
    7958
    6939
    5692
    4476
    3601
    2699
    1998
    1464
     948
     728
     464
     364
     237
     220
     172
     166
     136
     135
     147
     126
     151
     115
     152
     121
     141
     145
     127
     141
     147
     124
     122
     119
     125
     121
     129
     113
     133
     134
     122
     125
     125
     134
     110
     102
     122
     107
     125
     120
      96
     116
     120
     106
     115
      86
     119
     124
     125
      95
     101
     110
     111
     108
      97
     114
     101
     114
     111
      91
     115
     107
     106
      92
     104
      92
     105
      91
     108
     101
      98
      97
     106
     100
      94
     103
      96
      91
     101
      87
      94
     109
     102
     104
     105
     109
      87
     108
      98
      91
     113
      78
      96
      90
      85
      91
      80
      92
      84
      85
      89
      99
     124
      80
      82
      84
      95
      80
      83
     104
      88
      86
     103
      90
      73
      75
      88
      63
      81
      88
      85
      85
      75
      82
      69
      69
      69
      70
      87
      67
      68
      80
      78
      85
      79
      65
      73
      67
      64
      84
      63
      70
      78
      70
      73
      63
      61
      66
      79
      57
      68
      69
      69
      62
      63
      56
      85
      61
      72
      73
      68
      62
      54
      65
      53
      55
      65
      64
      65
      47
      63
      59
      73
      78
      64
      57
      62
      70
      62
      56
      62
      59
      56
      63
      63
      70
      55
      49
      57
      58
      52
      60
      72
      61
      46
      44
      55
      53
      56
      59
      47
      57
      48
      48
      51
      53
      54
      52
      50
      60
      52
      57
      40
      62
      43
      52
      54
      55
      56
      48
      57
      59
      47
      68
      39
      45
      37
      43
      62
      52
      45
      40
      51
      58
      46
      44
      57
      47
      58
      47
      41
      48
      52
      36
      38
      46
      38
      50
      39
      48
      57
      36
      35
      60
      41
      38
      45
      51
      46
      52
      37
      45
      46
      42
      32
      40
      42
      37
      39
      33
      36
      44
      35
      36
      29
      34
      36
      38
      29
      42
      41
      40
      40
      39
      36
      38
      39
      33
      41
      39
      41
      30
      29
      38
      31
      38
      38
      35
      43
      33
      34
      40
      30
      41
      37
      31
      38
      34
      30
      29
      35
      33
      56
      39
      33
      29
      35
      37
      36
      26
      39
      36
      35
      32
      28
      32
      40
      39
      30
      34
      26
      35
      29
      40
      30
      32
      38
      27
      42
      34
      35
      40
      31
      28
      23
      42
      32
      29
      34
      33
      30
      26
      37
      29
      21
      27
      26
      29
      33
      27
      25
      41
      38
      24
      24
      26
      33
      34
      36
      34
      31
      33
      23
      30
      40
      30
      29
      28
      30
      24
      23
      22
      33
      32
      37
      37
      25
      29
      34
      27
      32
      19
      33
      37
      36
      29
      34
      29
      26
      24
      26
      33
      22
      23
      41
      29
      17
      29
      33
      27
      26
      31
      34
      25
      36
      29
      31
      27
      39
      30
      32
      22
      35
      26
      31
      30
      27
      37
      33
      28
      38
      23
      28
      32
      33
      29
      26
      32
      30
      30
      22
      29
      34
      35
      31
      29
      32
      22
      27
      28
      27
      13
      34
      30
      23
      23
      31
      29
      26
      32
      26
      23
      25
      33
      25
      30
      27
      19
      32
      26
      24
      29
      35
      26
      17
      22
      36
      30
      24
      26
      34
      21
      27
      22
      25
      32
      25
      29
      22
      31
      26
      26
      24
      13
      25
      41
      31
      16
      30
      15
      20
      32
      19
      30
      23
      29
      22
      26
      28
      22
      42
      21
      25
      19
      28
      19
      31
      32
      32
      21
      19
      20
      22
      19
      20
      16
      20
      32
      23
      29
      24
      22
      19
      19
      22
      34
      22
      15
      27
      22
      21
      20
      33
      20
      17
      24
      22
      23
      27
      26
      18
      26
      26
      24
      22
      21
      19
      23
      18
      22
      16
      27
      39
      22
      26
      22
      24
      28
      26
      23
      27
      28
      21
      24
      30
      25
      30
      16
      30
      27
      27
      20
      28
      21
      25
      26
      30
      25
      29
      23
      28
      31
      37
      21
      21
      25
      25
      37
      29
      46
      37
      30
      42
      44
      67
      61
      68
     103
     143
     185
     237
     295
     357
     501
     609
     817
    1053
    1324
    1640
    2058
    2510
    3091
    3641
    4485
    5138
    5859
    6948
    7653
    8210
    8867
    9181
    9287
    9246
    8699
    8138
    7153
    6305
    5243
    4280
    3406
    2631
    1889
    1329
     993
     634
     442
     291
     168
     112
      68
      47
      50
      28
      25
      21
      32
      26
      26
      30
      19
      27
      30
      27
      32
      30
      12
      29
      28
      20
      31
      21
      18
      22
      19
      24
      21
      24
      15
      17
      20
      12
      10
      18
      24
      16
      15
      24
      18
      25
      18
      14
      25
      13
      17
      21
      18
      19
      19
      17
      12
       9
      18
      22
      25
      23
      25
      25
      13
      18
      23
      15
      23
      13
      21
      18
      18
      24
      16
      17
      27
      16
      18
      12
      26
      20
      21
      17
      19
      16
      19
      19
      15
      22
      21
      25
      21
      12
      18
      19
      20
      28
      22
      12
      17
      19
      22
      26
      25
      15
      19
      23
      19
      12
      21
      15
      23
      26
      13
      22
      22
      14
      17
      16
      14
      16
      12
      21
      17
      24
      16
      19
      15
      19
      19
      15
      15
      18
      16
      15
      17
      17
      20
      10
      11
      16
      18
      12
      13
      12
      16
      13
      17
      12
      19
      21
      19
      20
      17
      13
      16
      14
      14
      18
      18
      23
      21
      21
      19
      14
      16
      19
      20
      12
      21
      11
      14
      18
      21
      14
      18
      24
      22
      13
      19
      18
      11
      19
      25
      13
      19
      13
      24
      17
      19
      11
      18
      24
      18
      16
      11
      18
      18
      23
      12
      20
      16
      18
      18
      18
      19
      22
      19
      12
      13
      16
      13
      15
      19
      19
      20
      17
      11
      17
       9
      12
      16
       8
      20
      12
       6
      13
      13
      14
      10
      15
      16
      13
      16
      18
       8
      16
      14
       9
      14
      13
      10
      12
      18
      11
      16
      25
      17
      12
      14
      10
      11
      12
      18
      13
      23
      14
      16
      11
      10
       9
      12
      11
      12
      26
      11
      20
      13
      20
      16
       9
      18
      17
      14
      20
      11
      17
      14
      13
      18
      17
      12
       8
      18
      17
      12
       8
      17
      13
      15
      11
      11
      18
      18
      17
      15
      11
      27
      17
      22
      21
       9
      13
      13
      19
      12
      11
      15
       9
      13
      16
      13
      13
       9
      10
      12
      16
      21
      13
      16
      14
      20
       8
      13
      11
      13
      10
      15
      15
      11
      10
      18
      15
      11
       9
      12
      12
      16
      18
      18
      12
      17
      13
      10
      15
      15
      10
      21
      20
      18
       9
      14
      14
       6
      21
      10
      19
      11
      15
      16
      16
      15
       9
      14
       8
      12
       9
      10
      14
      23
      12
       6
      17
      14
      12
      16
       9
      12
      14
       7
      12
      13
      16
       9
      16
      12
      15
      15
      15
      18
      13
      11
      10
      14
      14
       9
      17
       9
      21
      15
       9
      12
      14
       9
      12
      11
      12
      18
      13
      15
       9
       9
      14
      12
      10
      10
      21
      12
      10
       9
      13
      11
       7
      12
      14
      10
      12
      13
      11
      13
      19
      12
      16
      10
      19
      12
       7
      16
       9
      10
      11
      12
      13
      13
      11
      12
      12
      12
      15
       9
      15
      15
      17
      14
      16
       9
      14
      15
       6
      14
      16
      12
      15
      11
      13
      12
      14
      10
      12
      12
      11
       9
      15
      10
      12
       6
      13
       8
      15
      10
      17
      20
       6
      17
      18
      16
      17
      21
      20
      19
      30
      20
      31
      30
      41
      36
      54
      49
      58
      54
      86
      87
      92
      88
     120
     108
     100
     108
     109
      93
      98
      88
      54
      47
      39
      36
      31
      25
      17
      23
      20
      15
      13
      12
       9
      16
      11
      13
      14
      13
      12
      12
       9
      11
      19
      16
      13
      18
      13
       7
      14
      12
      10
       8
      10
       7
       9
      18
       8
      15
       7
       9
      13
       5
      15
      17
      17
      10
      11
      11
       9
      18
      10
       7
       7
       4
       6
      23
      13
       9
       5
       9
      12
      14
      14
      11
      10
       8
      10
       9
       8
       7
      15
      13
      12
      13
      11
       7
      11
       5
      16
      11
      16
      17
       8
      11
      10
      13
       7
       6
      12
      12
      12
       9
       6
      12
      11
       8
      15
      11
      10
      14
       8
      17
      13
       9
      17
      10
       8
       6
      10
      10
      14
       8
       9
      10
      14
      10
       9
      13
      10
      11
      12
       8
      11
      12
      15
      12
      11
      15
      12
       4
       6
      13
       8
      12
       7
      12
      10
      13
      13
      11
      13
       9
      11
       6
      12
       7
      15
      11
      12
       8
       9
       9
       8
       9
       7
       7
       6
      19
      19
      12
      13
      13
      11
       7
      12
       9
      11
       7
       8
      13
       9
       7
      11
       8
      11
      10
      15
      13
      13
       9
      10
      10
      23
       8
       9
       8
      13
      11
       7
      13
      15
      10
       9
      13
      10
       4
      15
      11
       7
       5
      10
      18
       3
      16
      10
       6
      11
       6
       7
      12
      13
       9
       6
      14
      10
       7
       8
       9
       8
      20
       9
       8
      14
      12
      13
       8
       8
       9
      12
      13
       5
       6
      15
      12
       8
       8
      11
      14
      11
      14
      13
      14
       7
      10
       7
      17
      10
       8
       5
       7
      11
       7
       9
       8
      11
      12
       7
      12
       8
       7
      11
       8
      12
       9
       9
      11
       9
       6
      13
      11
      10
       7
      12
       7
      11
      14
      10
      13
       9
       7
       8
      13
      13
      11
      11
       7
      11
      12
       9
       6
       9
      10
       8
      10
      10
       4
       7
      13
       7
       6
      10
      12
       9
       8
       9
       8
      10
       9
       7
      19
       5
      15
      11
       9
      16
       9
       4
      16
      13
       9
      13
       8
      12
      10
      10
      12
      12
      10
      12
       9
       7
      14
      11
       7
       6
      10
       5
       4
       6
       9
       8
       6
       2
       8
      11
      12
       5
       9
      10
       2
       8
      10
      12
       9
       7
      12
       8
       8
      14
       7
      11
       1
      10
       6
      11
       7
      11
      12
      13
       8
      11
       9
       8
       4
      12
       9
      12
      14
      10
      13
      10
      10
      13
       3
       9
       8
       6
       6
       2
       6
       9
       2
       6
       8
       4
      14
      11
      14
      10
      11
      11
      16
      11
       6
      10
       4
       6
      12
      13
      14
      18
       7
       5
       6
       6
       8
      10
       6
       9
      11
      10
      12
       7
      11
       9
       6
      12
      13
       4
       9
      13
      10
       8
      12
      10
       8
       4
       4
       6
       9
       8
       7
       6
      14
       9
       9
       4
       3
       7
       5
       8
      11
      14
       9
      10
       5
       6
      10
       4
       8
      10
       9
      12
       7
      11
      10
       5
      12
       2
       6
       8
       9
       8
       8
       7
       7
      11
      10
       9
       9
       9
       6
       8
      10
       5
       9
      10
      11
      12
      12
      10
       6
       7
      12
       9
       9
      11
       8
       3
       9
       9
       3
      15
      11
      13
      12
      13
       6
       7
      10
       6
      12
      14
      10
       3
      12
      15
       9
      11
      11
       9
      16
       6
      13
       7
      12
      10
      18
      15
       3
       9
      10
      14
       5
       7
      10
       8
      13
       6
      11
      10
       6
      10
      11
       5
      10
       8
       9
       6
      11
       7
       8
       8
       6
       7
       6
       8
       4
      10
      13
       8
      10
       7
       7
       8
      10
      10
       5
       7
       7
       5
       5
       8
       6
       6
      11
       8
       8
      12
       7
       5
      11
       6
       9
      10
       6
       9
       5
      14
      10
       5
      13
       5
      13
      10
      12
       8
      10
      12
       8
      12
      13
      11
       4
       9
       4
      10
       9
       6
       5
       1
       7
       6
       8
       3
       6
       5
       8
      10
       4
       2
       6
       7
       8
      10
      10
      13
       9
       6
       9
       9
       8
       7
       1
      10
       9
       6
      10
       7
       7
       5
      12
       8
       8
      11
       6
       6
       6
       7
       8
       5
       5
      13
       9
       5
      11
       8
       4
       7
      13
      10
       4
       9
       7
      11
       7
      11
       6
       6
      11
       7
      10
       5
      12
       4
      10
       9
       9
       9
      10
       9
       6
       5
       7
      12
       7
       6
       8
       6
       9
       8
       9
       4
      10
       8
       7
       5
       8
       6
      17
       5
       6
       5
      13
       4
       9
       6
      12
       5
       7
       3
       7
      10
       6
      10
      12
       5
       8
       8
      10
      10
       8
      10
      10
      10
       8
       6
      10
       5
       9
       8
       8
      10
       9
       6
       3
       9
       5
       8
       5
       6
      11
      10
      12
      10
       6
       5
       8
       7
       6
       9
       9
       5
       7
       5
       8
       8
       8
       9
      13
       2
       9
       4
       6
       3
       8
       8
       7
       4
      11
       6
       9
       7
      10
      13
       4
       4
       7
       5
      12
       9
       4
       7
      10
       7
       3
       6
       4
      10
       8
       6
       6
       3
       7
       8
      12
       3
       5
       6
       5
       9
      11
      11
       6
       6
       5
       8
       5
       8
      10
       7
       4
      12
       6
       6
       5
       5
      14
       9
       9
      10
       4
       7
       9
       8
       5
       7
       8
      10
      12
       6
       6
       2
       7
       7
       7
       8
       6
       9
       3
       7
       4
       8
       8
      10
       4
      10
       5
       9
       6
       4
       6
       9
       2
       2
       4
       4
       7
       5
       5
       2
       8
      11
       8
       8
       3
       6
       3
      10
       7
       5
      11
      10
       7
      12
       9
       7
       6
      11
       4
       9
       7
       7
       4
      10
       7
      11
       8
       3
       9
       5
       6
       7
       4
       8
       5
       7
       5
       3
       5
       8
       6
       8
       3
       9
       8
       6
       3
       8
       7
      11
       5
       3
       3
       5
       4
       8
       3
       9
       5
       6
       4
       9
       7
       5
       3
       7
       5
       7
       5
       6
       4
       5
       6
       5
       9
       8
       7
      11
      12
      11
       7
      11
       5
       7
       7
       8
       8
       3
       8
       5
      11
       8
       9
       6
       5
       8
       9
       8
       4
       5
       6
       5
       4
       9
       7
       8
      12
       6
       3
       4
       7
       7
       2
       7
       8
       6
      10
       6
       2
       5
       5
       3
       7
       4
      15
       4
       3
       6
       7
       7
       7
       2
      11
       5
       3
      13
       6
       4
       4
       4
       6
       2
       7
       5
       6
       8
       6
       8
      10
       5
       4
       3
       1
       9
       7
       4
      14
       6
      13
       4
      10
       6
       3
       6
       5
      11
       9
      10
       4
       1
      12
       6
       4
       8
       5
       8
       7
       8
       9
      10
       6
      11
       4
       8
       6
       7
       7
       1
       5
       5
       8
       5
       6
       8
       4
      11
      10
       5
       6
       6
       3
       6
       8
       6
       8
       7
      10
       4
       7
      12
       5
       9
       7
       5
       7
       6
       5
       6
       9
      10
       3
      10
      11
       8
       7
       8
       7
       5
       4
       5
       9
       9
      11
       2
       9
       6
       4
       3
       6
       5
       6
       7
       8
      11
       3
       5
       3
       5
       5
       6
       4
       7
       5
       6
       8
       4
       7
       5
       9
       9
       5
       8
       9
       9
       6
       4
      11
       3
       8
      12
       5
       2
       5
       4
       8
       3
       6
       5
       5
       5
       5
       6
       7
       4
       5
       5
       6
       5
       7
       7
       5
       7
      11
       8
       7
       8
       9
       5
       4
       6
       5
       9
       7
       8
       5
       7
       5
       9
      12
       4
       4
       8
       5
       5
       8
       9
      12
       6
       7
       8
       4
       7
       8
       5
       9
       6
       6
       6
       6
       8
       3
       7
       4
       5
       8
       7
       5
       2
       6
       5
       5
       4
       4
      10
      10
      13
      13
      13
      10
       4
       8
      12
       9
      11
      10
      16
       8
      10
      13
       8
      18
       9
      11
      11
      13
       9
       4
       6
      11
       2
       7
       4
       4
       9
       4
       6
       9
      10
      10
       5
       2
       6
       6
       6
       8
       6
       7
       5
       8
      10
       0
       5
       8
       0
       3
       5
      12
       6
       9
       6
       7
       5
       5
       6
       4
       4
       5
       5
       4
       4
       5
       5
       6
       4
       5
       7
       7
       4
       3
       6
       7
       6
       4
       1
       8
       7
      11
       6
       7
       7
       6
       6
       1
      10
       8
       4
       2
       7
       5
       5
       4
       4
       5
       8
       3
       3
       4
       6
       7
       6
       5
       9
       5
       5
       5
       9
       6
       6
       6
       5
       9
       5
       8
       7
       7
       4
       7
       3
       7
       5
       5
       9
       2
       4
       6
       8
       9
       7
       7
       4
       2
       6
       7
       5
       9
       4
       2
       7
       4
       6
       5
       5
       3
      12
       8
       7
       3
       5
       5
       9
       6
       6
       6
       4
       8
       7
       6
       2
       6
       4
       8
       5
       5
       5
       6
       3
       6
       7
       3
       4
       6
       7
       3
       7
       9
       6
       6
       3
       6
       7
       7
       7
       9
       4
       9
       3
       8
       6
       2
       1
       4
       1
       2
       7
       8
       5
       5
       3
       2
      10
       4
       8
       8
       6
       5
      13
      11
       6
       8
       6
       4
       4
       4
       4
       8
       5
      11
       3
       6
       7
      10
       6
       5
       5
       9
       6
       4
       6
       3
       4
       8
       5
       7
       9
       4
       3
       4
       4
       7
       8
       5
       4
       6
       4
       6
       6
       8
       8
       7
       6
       6
       5
       4
       3
       1
       3
       4
       7
      11
       4
       1
       5
       8
       5
       4
       8
       8
       6
       1
       6
       4
      11
       7
       4
      10
       5
       4
       5
       3
      11
       5
       1
       4
       7
       5
       5
       7
       5
       3
       5
       5
       5
       4
       6
       7
       7
       8
       6
       5
       4
       5
       4
       4
       8
       1
       4
      13
       4
       6
      11
       8
       3
       7
       6
       7
       4
       4
       5
       5
       9
       6
       7
       1
       4
       4
       4
       7
       6
       6
       5
       4
       2
       3
       5
       6
       7
       8
       4
       6
       9
       6
       6
       7
       5
       8
       3
       8
       2
       6
       7
       8
       1
       8
       6
       8
       5
       7
      10
       6
       5
       7
       2
       8
       8
       2
       4
       7
       5
       2
       7
       5
       5
       5
       2
       9
       7
       6
       5
       6
       7
       6
       5
       4
       5
       6
       5
       5
       4
       4
       6
       1
       4
       3
       7
       2
       4
       8
       6
       4
       8
       2
       3
       8
       6
       3
       3
       7
       5
       7
       9
       6
       7
       6
       7
       8
       4
       6
       5
       2
       9
       7
       1
       5
       3
       7
       3
       5
       6
       5
       2
       5
       6
       3
       7
       7
      11
       9
       6
       7
       8
       8
       3
       2
       3
       5
       4
       2
       5
       5
       6
       1
       4
       5
       5
       7
       5
       6
       7
       5
       6
       3
       5
       5
       2
       1
       5
       4
       2
       4
       4
      10
       6
       6
       6
       3
       1
       6
       2
       4
       3
       3
       6
       7
       4
       7
       6
       3
       5
       2
       9
       3
       4
       5
       5
       3
       3
       6
       4
       4
       4
       6
       7
       8
       5
       7
       7
       4
       4
       2
       4
       1
       7
       2
      10
       3
       4
       9
       6
       6
       6
       7
       4
       5
       2
       3
       3
       4
       3
       1
       4
       1
       7
       6
       3
       7
       4
       3
       2
       4
       1
       4
       1
       7
       2
       2
       4
       5
      10
       2
       3
       5
       3
      13
       8
       2
       5
       3
       5
       5
       3
       6
       5
       6
       4
       3
       5
       6
       6
       7
       6
       7
       3
       2
       2
       4
       4
       6
       5
       2
       5
       4
       7
       4
       1
       5
       5
       4
       6
       4
       4
       5
       6
       8
       9
       7
       4
       8
       9
       5
       3
       3
       8
       3
       7
       3
      11
       1
       3
       3
       1
       5
       5
       5
       4
       6
       3
       7
       6
       7
       4
       4
       4
      11
       5
       4
       4
       2
       7
       9
       5
       5
       8
       4
       6
       5
       5
       2
       4
       0
       6
       7
       3
       5
       3
       7
       6
       5
       5
       4
       2
       2
       2
       3
       7
       4
       7
       5
       2
       7
       6
       2
       2
       6
       3
       7
       6
       2
       3
       2
       2
       5
       4
      11
       5
       6
       1
       4
       6
       1
       6
       3
       4
       4
       1
       3
       7
       7
       5
       4
       2
       8
       4
       7
       9
       5
       8
       5
       4
       3
       6
       5
       2
       8
       6
       9
      10
       5
       6
       4
       6
       1
       5
       2
       9
       3
       6
       6
       3
       3
       9
       3
       6
       3
       2
       6
       4
       2
       5
       5
       7
       0
       3
       0
       7
       1
       3
       5
       3
       4
       5
       2
       5
       6
       4
       5
       3
       4
       4
       4
       4
       1
       6
       5
       5
       3
       3
       3
       1
       2
       7
       8
       6
      10
       9
       3
       6
       3
       3
       2
       3
       4
       2
       4
       3
       6
       8
       4
       4
       8
       6
       6
       4
       6
       6
       3
       5
       4
       2
       4
       4
       4
       4
       8
       5
       3
       5
       5
       2
       8
       6
       4
       5
       1
       4
       6
       2
       4
       3
       2
       2
       2
       5
       1
       7
       5
       4
       6
       4
       6
       3
       1
       4
       3
       6
       1
       3
       3
       7
       3
       6
       6
       3
       3
       6
       2
       4
       3
       3
       6
       1
       5
       4
       2
      11
       4
       4
       3
       2
       6
      12
       4
       5
       5
       5
       1
       6
      13
       4
       3
       7
       4
       4
       6
       5
       3
       3
       6
       4
       4
       8
       6
       4
       7
       8
       9
       0
       7
       5
       4
       4
       5
       4
       3
       1
       5
       2
       4
       2
       4
       5
       4
       5
       4
       3
       2
      10
       3
       4
       5
       5
       4
       3
       4
       1
       0
       3
       5
       4
       3
       3
       4
       9
       4
       8
       2
       4
       3
       3
       5
       4
       5
       5
       3
       6
       3
       3
       6
       5
       2
       1
       6
       3
       2
       5
       8
       4
       3
       6
       1
       5
       6
       3
       3
       6
       4
       1
       3
       5
       4
       4
       0
       0
       0
       0
       0
       0
       0
       0
       0
       0
       0
       0
       0
       0
       0
       0
       0
       0
       0
       0
       0
       0
       0
       0
       0
       0
       0
       0
       0
       0
       0
       0
       0
       0
       0
       0
       0
       0
       0
       0
       0
       0
       0
       0
       0
       0
       0
       0
       0
       0
       0
       0
       0
       0
       0
       0
       0
       0
       0
       0
       0
       0
       0
       0
       0
       0
       0
       0
       0
       0
       0
       0
       0
       0
       0
       0
       0
       0
       0
       0
       0
       0
       0
       0
       0
       0
       0
       0
       0
       0
       0
       0
       0
       0
       0
       0
       0
       0
       0
       0
       0
       0
       0
       0
       0
       0
       0
       0
       0
       0
       0
       0
       0
       0
       0
       0
       0
       0
       0
       0
       0
       0
       0
       0
       0
       0
       0
       0
$ROI:
0
$PRESETS:
None
0
0
$ENER_FIT:
0.000000 0.536422
$MCA_CAL:
3
0.000000E+000 5.364218E-001 0.000000E+000 keV
$SHAPE_CAL:
3
3.032570E+000 0.000000E+000 0.000000E+000
