$SPEC_ID:
No sample description was entered.
$SPEC_REM:
DET# 1
DETDESC# DESKTOP-AKUPN2F Easy-MCA-8k SN 09022236
AP# Maestro Version 7.01
$DATE_MEA:
01/31/2017 14:30:43
$MEAS_TIM:
1068 1096
$DATA:
0 8191
       0
       0
       0
       0
       0
       0
       0
       0
       1
       2
       1
       0
       0
       0
       0
       1
       0
       0
       0
       0
       0
       0
       0
       0
       0
       0
       0
       0
       0
       0
       0
       0
       0
       0
       0
       0
       0
       0
       0
       0
       0
       0
       0
       0
       0
       0
       0
       0
       0
       0
       0
       0
       0
       0
       0
       0
       1
       2
       8
      20
      34
      53
     233
    1100
    1474
    1098
     764
     788
     702
     775
     646
     401
     310
     300
     292
     268
     276
     273
     302
     283
     273
     285
     336
     346
     334
     357
     410
     437
     417
     421
     429
     452
     416
     373
     352
     387
     356
     341
     369
     355
     349
     317
     331
     351
     326
     337
     340
     311
     327
     354
     303
     329
     299
     329
     333
     346
     310
     324
     350
     340
     360
     329
     323
     326
     342
     329
     321
     271
     300
     307
     268
     291
     294
     280
     288
     270
     274
     305
     313
     295
     280
     312
     269
     275
     309
     260
     285
     270
     258
     242
     259
     260
     278
     238
     260
     238
     223
     248
     269
     259
     257
     246
     268
     283
     235
     251
     250
     280
     253
     241
     307
     265
     262
     263
     281
     257
     291
     254
     271
     246
     286
     295
     260
     261
     283
     239
     279
     274
     295
     273
     276
     260
     268
     281
     279
     265
     295
     260
     256
     274
     272
     263
     262
     305
     309
     326
     265
     286
     292
     304
     289
     273
     301
     320
     273
     326
     303
     312
     295
     315
     296
     329
     305
     311
     317
     360
     289
     296
     322
     307
     333
     316
     312
     308
     324
     331
     339
     335
     313
     350
     321
     319
     324
     374
     329
     329
     362
     385
     355
     333
     346
     341
     371
     345
     356
     400
     361
     382
     366
     372
     346
     375
     337
     405
     345
     342
     412
     360
     373
     369
     376
     355
     380
     371
     367
     390
     401
     402
     393
     368
     355
     419
     378
     364
     405
     361
     353
     382
     400
     398
     396
     412
     403
     409
     407
     420
     390
     397
     396
     435
     448
     416
     442
     421
     424
     407
     438
     431
     432
     378
     414
     406
     393
     445
     388
     395
     437
     377
     423
     387
     426
     412
     404
     418
     429
     407
     409
     461
     414
     440
     427
     432
     423
     441
     423
     405
     415
     450
     447
     455
     436
     440
     441
     410
     416
     460
     454
     427
     450
     420
     456
     463
     417
     437
     435
     441
     415
     386
     434
     444
     419
     433
     456
     390
     450
     457
     442
     445
     402
     425
     438
     408
     471
     436
     422
     432
     429
     431
     444
     422
     396
     409
     450
     437
     442
     470
     442
     426
     430
     421
     433
     430
     428
     436
     436
     439
     411
     437
     481
     430
     418
     439
     423
     426
     389
     386
     411
     405
     378
     430
     416
     418
     432
     455
     437
     451
     429
     427
     435
     449
     441
     440
     416
     422
     394
     460
     402
     428
     425
     428
     430
     407
     449
     451
     445
     431
     432
     441
     411
     463
     413
     466
     411
     423
     420
     409
     395
     422
     440
     423
     430
     418
     413
     447
     462
     452
     435
     408
     436
     430
     439
     414
     455
     476
     402
     427
     448
     436
     433
     451
     393
     427
     410
     423
     405
     468
     425
     418
     412
     409
     406
     403
     471
     408
     409
     392
     425
     426
     431
     426
     414
     429
     438
     464
     419
     424
     430
     413
     439
     425
     427
     427
     416
     418
     421
     406
     387
     410
     407
     417
     427
     407
     402
     433
     438
     419
     437
     416
     431
     435
     445
     442
     453
     395
     381
     418
     431
     413
     403
     421
     406
     381
     390
     432
     408
     388
     432
     409
     387
     421
     414
     404
     399
     390
     398
     424
     434
     407
     404
     421
     413
     401
     412
     401
     422
     381
     385
     363
     440
     414
     387
     423
     400
     415
     396
     395
     358
     409
     399
     397
     396
     430
     396
     394
     397
     363
     421
     409
     407
     398
     385
     406
     387
     447
     387
     397
     395
     391
     415
     390
     368
     397
     365
     385
     413
     427
     363
     412
     375
     408
     403
     365
     365
     343
     382
     389
     362
     433
     382
     386
     378
     400
     353
     391
     390
     384
     412
     390
     398
     370
     408
     395
     377
     413
     381
     381
     390
     395
     396
     378
     368
     367
     366
     386
     368
     369
     370
     355
     388
     375
     304
     370
     364
     365
     384
     376
     394
     353
     374
     337
     384
     346
     352
     381
     407
     345
     353
     399
     358
     375
     387
     405
     372
     374
     324
     378
     359
     344
     326
     356
     396
     382
     334
     362
     319
     357
     371
     327
     361
     321
     332
     352
     374
     321
     331
     397
     344
     382
     372
     313
     327
     368
     372
     359
     363
     343
     328
     368
     337
     356
     348
     357
     354
     363
     352
     342
     363
     360
     361
     346
     339
     385
     362
     363
     360
     380
     346
     375
     364
     367
     385
     374
     348
     342
     348
     362
     380
     376
     349
     379
     337
     365
     389
     382
     404
     401
     390
     400
     388
     405
     415
     406
     399
     418
     441
     422
     466
     441
     396
     429
     405
     401
     444
     426
     405
     450
     415
     371
     361
     394
     408
     372
     365
     387
     402
     389
     382
     422
     403
     357
     425
     401
     431
     398
     415
     416
     417
     386
     424
     422
     424
     406
     403
     423
     399
     400
     378
     420
     445
     416
     440
     386
     422
     403
     413
     413
     392
     376
     426
     424
     378
     436
     411
     426
     423
     392
     438
     405
     394
     425
     393
     406
     398
     385
     406
     423
     410
     409
     395
     405
     409
     420
     373
     433
     401
     369
     442
     404
     380
     374
     369
     412
     413
     389
     349
     388
     361
     370
     360
     406
     377
     361
     363
     375
     367
     369
     373
     400
     343
     377
     368
     361
     385
     382
     407
     355
     334
     353
     373
     344
     342
     365
     373
     357
     317
     328
     337
     331
     389
     352
     381
     333
     363
     333
     354
     352
     366
     360
     340
     367
     407
     335
     370
     335
     368
     339
     327
     362
     333
     339
     359
     315
     322
     333
     321
     332
     351
     307
     314
     317
     301
     348
     324
     318
     345
     352
     354
     322
     307
     333
     362
     324
     304
     327
     336
     308
     321
     310
     342
     323
     320
     304
     325
     293
     338
     306
     309
     274
     318
     323
     293
     299
     352
     269
     283
     318
     317
     284
     294
     318
     348
     290
     332
     302
     296
     321
     317
     319
     312
     290
     309
     295
     320
     285
     321
     333
     349
     328
     355
     328
     344
     349
     333
     305
     312
     337
     302
     290
     328
     301
     303
     270
     300
     303
     298
     279
     280
     300
     253
     265
     289
     254
     298
     288
     288
     289
     246
     267
     258
     266
     282
     273
     282
     291
     305
     278
     253
     257
     248
     258
     263
     255
     281
     274
     247
     256
     290
     245
     246
     264
     256
     274
     257
     263
     262
     230
     284
     264
     270
     253
     265
     267
     268
     246
     215
     249
     230
     234
     224
     244
     233
     229
     242
     242
     215
     258
     217
     245
     232
     246
     215
     253
     238
     236
     216
     232
     242
     271
     232
     263
     264
     265
     228
     240
     205
     235
     221
     211
     220
     212
     203
     225
     228
     243
     231
     223
     209
     208
     213
     209
     208
     207
     226
     219
     235
     223
     187
     226
     214
     213
     219
     215
     238
     221
     218
     214
     234
     236
     211
     216
     231
     240
     197
     206
     196
     220
     229
     219
     192
     226
     195
     201
     229
     209
     217
     242
     240
     226
     208
     218
     217
     192
     196
     222
     226
     225
     201
     236
     204
     210
     220
     201
     196
     193
     208
     233
     240
     225
     209
     214
     211
     191
     214
     229
     203
     189
     178
     230
     204
     185
     181
     188
     185
     171
     189
     225
     183
     192
     218
     214
     209
     189
     218
     197
     206
     205
     199
     209
     213
     197
     203
     200
     216
     215
     201
     201
     197
     212
     190
     206
     203
     204
     196
     215
     199
     206
     211
     206
     184
     183
     215
     207
     192
     210
     207
     200
     202
     213
     230
     222
     235
     197
     202
     217
     204
     207
     180
     181
     196
     197
     186
     210
     187
     207
     188
     186
     194
     191
     172
     186
     189
     194
     210
     176
     203
     174
     193
     213
     190
     191
     186
     172
     185
     191
     181
     182
     176
     168
     181
     207
     191
     182
     181
     181
     190
     226
     194
     183
     165
     183
     203
     183
     185
     176
     181
     187
     199
     183
     170
     162
     191
     182
     192
     185
     162
     194
     176
     171
     196
     173
     181
     185
     181
     172
     199
     199
     175
     204
     190
     196
     177
     176
     164
     168
     187
     178
     152
     158
     182
     183
     156
     160
     198
     173
     172
     165
     173
     185
     187
     188
     174
     184
     170
     160
     181
     176
     185
     183
     170
     197
     162
     197
     178
     172
     172
     189
     183
     185
     177
     160
     158
     198
     170
     155
     184
     180
     192
     176
     192
     174
     184
     163
     178
     176
     179
     166
     143
     202
     167
     174
     178
     168
     185
     173
     188
     196
     175
     188
     175
     193
     195
     186
     178
     166
     194
     168
     178
     188
     170
     184
     166
     167
     189
     186
     188
     171
     162
     188
     178
     176
     155
     194
     178
     168
     171
     191
     181
     178
     172
     172
     179
     171
     154
     165
     191
     174
     177
     185
     173
     172
     174
     191
     201
     174
     180
     190
     168
     171
     190
     181
     153
     165
     182
     190
     190
     177
     163
     186
     155
     187
     156
     186
     170
     172
     155
     167
     163
     188
     210
     185
     193
     183
     198
     214
     221
     211
     238
     209
     214
     208
     224
     182
     178
     184
     178
     184
     200
     163
     152
     170
     164
     159
     170
     171
     150
     183
     167
     166
     188
     183
     191
     165
     177
     154
     188
     173
     165
     172
     173
     176
     158
     163
     155
     171
     163
     142
     184
     156
     170
     174
     167
     146
     167
     188
     153
     170
     182
     171
     166
     163
     189
     149
     150
     177
     171
     183
     186
     152
     153
     161
     147
     173
     155
     157
     167
     179
     170
     164
     163
     176
     156
     165
     156
     171
     168
     166
     170
     171
     169
     166
     183
     163
     182
     170
     182
     177
     198
     168
     160
     194
     183
     167
     170
     187
     163
     182
     165
     157
     179
     166
     149
     193
     159
     177
     179
     168
     173
     171
     184
     172
     178
     187
     195
     164
     180
     160
     170
     152
     188
     164
     173
     162
     167
     195
     183
     166
     182
     182
     173
     174
     177
     176
     161
     163
     189
     183
     157
     184
     152
     177
     176
     187
     206
     169
     154
     175
     166
     185
     181
     165
     189
     181
     188
     177
     186
     180
     188
     166
     210
     174
     191
     189
     207
     151
     176
     192
     189
     162
     185
     172
     171
     192
     196
     169
     222
     148
     182
     173
     153
     177
     195
     180
     167
     169
     198
     173
     177
     191
     200
     188
     191
     193
     165
     186
     156
     201
     192
     192
     162
     169
     194
     201
     186
     194
     170
     211
     209
     196
     171
     202
     185
     202
     189
     205
     165
     184
     181
     202
     178
     203
     196
     195
     169
     192
     190
     211
     177
     173
     195
     158
     187
     166
     203
     177
     184
     194
     195
     201
     188
     201
     175
     205
     181
     181
     206
     186
     198
     191
     202
     196
     196
     175
     191
     181
     203
     186
     212
     195
     161
     198
     206
     181
     186
     181
     210
     217
     180
     205
     172
     201
     188
     198
     190
     202
     225
     243
     178
     204
     184
     185
     220
     206
     204
     218
     191
     197
     196
     194
     194
     207
     181
     199
     202
     189
     209
     230
     229
     188
     213
     220
     202
     193
     209
     219
     215
     228
     205
     185
     222
     207
     198
     211
     222
     208
     226
     198
     188
     215
     223
     171
     203
     244
     221
     206
     180
     227
     203
     210
     191
     203
     235
     196
     208
     243
     209
     210
     218
     237
     240
     226
     217
     225
     230
     224
     215
     207
     209
     230
     224
     216
     255
     225
     220
     242
     226
     219
     212
     207
     231
     233
     233
     216
     204
     207
     200
     233
     225
     234
     214
     229
     227
     254
     236
     230
     205
     219
     226
     239
     228
     210
     225
     217
     195
     233
     227
     210
     243
     220
     236
     219
     241
     225
     235
     210
     223
     249
     222
     255
     226
     223
     213
     225
     231
     228
     249
     236
     251
     233
     253
     216
     261
     234
     253
     267
     250
     244
     226
     237
     232
     213
     256
     252
     244
     234
     230
     247
     242
     268
     241
     243
     267
     250
     254
     249
     222
     246
     270
     244
     234
     243
     249
     207
     228
     257
     244
     245
     218
     255
     266
     238
     245
     234
     275
     249
     250
     251
     246
     241
     249
     245
     278
     255
     240
     268
     213
     241
     260
     233
     245
     246
     259
     235
     246
     217
     223
     232
     246
     243
     227
     262
     244
     235
     194
     233
     236
     230
     234
     220
     229
     221
     261
     230
     240
     221
     213
     254
     197
     212
     228
     204
     214
     190
     209
     204
     180
     185
     187
     182
     148
     184
     168
     172
     174
     162
     177
     150
     172
     174
     154
     151
     145
     167
     143
     164
     132
     136
     147
     149
     161
     149
     135
     138
     152
     146
     151
     144
     137
     130
     149
     142
     138
     142
     140
     128
     137
     133
     118
     129
     142
     131
     127
     139
     138
     131
     143
     129
     108
     127
     122
     114
     126
     113
     121
     128
     142
     123
     126
     107
     113
     134
     118
     138
     118
     114
     110
     127
     122
     126
     121
     110
     135
     127
      97
     134
     129
     132
     125
     119
     114
     117
     102
     118
     119
     122
      94
     123
     119
     104
     113
     127
      90
     109
      99
      97
     114
     107
     124
     117
     102
      98
     108
     100
     136
     101
      94
     110
     108
     102
      92
     102
     102
      99
     110
     111
     117
     120
     118
     104
     114
     115
      91
     101
     101
     121
     112
      97
     113
     123
     118
     129
     113
     119
     110
     104
      93
      96
     106
     118
      90
      94
     106
      95
      91
      84
      99
      74
      91
      57
      91
      81
      87
      89
      93
      90
      82
      82
      82
      85
      88
      86
      88
      95
      92
      84
      78
      87
      76
      80
      69
      91
      75
      80
      97
      62
      89
      92
      89
      92
      81
      78
      77
      87
      93
      81
      88
      75
      88
      71
      83
      59
      97
      91
      74
      79
      91
      84
      70
      70
      75
      70
      69
      63
      75
      72
      75
      75
      65
      88
      74
      83
      74
      61
      73
      76
      58
      74
      68
      73
      76
      60
      75
      70
      74
      60
      54
      61
      70
      86
      66
      73
      63
      70
      72
      68
      64
      58
      73
      69
      59
      88
      59
      60
      62
      69
      56
      67
      77
      60
      67
      66
      56
      65
      75
      62
      56
      50
      51
      58
      55
      57
      57
      71
      59
      70
      56
      56
      48
      59
      51
      53
      47
      41
      52
      59
      47
      56
      48
      51
      41
      38
      59
      51
      44
      61
      37
      53
      55
      50
      44
      51
      52
      51
      44
      48
      38
      42
      63
      36
      38
      63
      46
      40
      39
      40
      45
      43
      53
      45
      50
      39
      34
      46
      42
      43
      43
      54
      45
      47
      47
      44
      48
      49
      48
      49
      47
      41
      36
      58
      44
      37
      38
      39
      43
      45
      26
      32
      37
      46
      44
      35
      31
      36
      28
      47
      38
      49
      40
      39
      41
      43
      42
      28
      43
      27
      35
      40
      41
      41
      42
      38
      29
      45
      29
      34
      40
      25
      25
      48
      36
      31
      40
      32
      37
      31
      29
      37
      31
      44
      44
      38
      26
      33
      34
      35
      28
      29
      47
      27
      26
      32
      40
      36
      32
      33
      39
      35
      29
      27
      36
      41
      35
      32
      38
      36
      38
      32
      35
      31
      37
      36
      36
      35
      23
      36
      51
      40
      44
      49
      43
      47
      57
      46
      57
      47
      50
      54
      51
      47
      37
      36
      45
      38
      31
      37
      26
      26
      33
      30
      27
      30
      27
      26
      23
      38
      20
      24
      40
      28
      31
      27
      26
      31
      27
      29
      33
      18
      29
      21
      32
      27
      20
      30
      29
      23
      33
      26
      31
      31
      30
      29
      24
      27
      32
      42
      25
      29
      24
      32
      36
      31
      29
      24
      28
      23
      31
      29
      22
      31
      29
      23
      28
      18
      23
      19
      31
      27
      28
      23
      39
      37
      26
      28
      23
      32
      23
      34
      22
      41
      26
      35
      21
      27
      18
      32
      34
      26
      30
      32
      34
      30
      43
      51
      57
      52
      53
      59
      66
      63
      78
      69
      59
      62
      44
      56
      55
      44
      33
      30
      38
      39
      34
      26
      24
      31
      31
      28
      24
      20
      30
      23
      33
      25
      20
      25
      28
      24
      34
      33
      24
      30
      28
      27
      28
      24
      29
      27
      26
      20
      17
      26
      21
      30
      25
      22
      24
      31
      28
      25
      31
      28
      19
      29
      27
      23
      25
      25
      14
      15
      28
      24
      27
      29
      20
      21
      22
      26
      30
      20
      23
      22
      15
      22
      18
      28
      22
      17
      25
      25
      21
      30
      31
      20
      27
      29
      18
      25
      26
      23
      14
      27
      19
      19
      30
      23
      21
      20
      31
      24
      21
      25
      13
      19
      33
      22
      15
      19
      27
      34
      25
      27
      27
      25
      25
      23
      26
      21
      16
      10
       9
      20
      18
      25
      19
      20
      22
      25
      20
      27
      24
      27
      23
      24
      25
      28
      25
      26
      21
      14
      29
      19
      21
      26
      25
      23
      22
      24
      25
      37
      27
      29
      27
      20
      16
      28
      21
      26
      31
      23
      27
      24
      25
      20
      25
      23
      31
      24
      25
      34
      26
      28
      25
      37
      25
      17
      26
      23
      21
      21
      18
      23
      25
      22
      22
      26
      22
      26
      33
      31
      45
      70
      65
      79
     133
     192
     262
     394
     533
     827
    1142
    1655
    2269
    3107
    3860
    4794
    5735
    6743
    7440
    8250
    8539
    8740
    8372
    7570
    6950
    5713
    4725
    3701
    2897
    1998
    1471
     958
     632
     384
     234
     129
      83
      47
      24
      18
      13
      14
      16
       9
      18
      14
      11
      10
      14
      13
      18
      10
       8
      11
       6
      13
      13
      13
      13
      28
       9
      10
      10
      12
       8
      21
      17
      19
      14
      14
      13
      18
       7
      15
      11
      12
       9
      16
      13
      15
      17
       9
      11
      16
      13
      16
      14
      10
      12
      15
       7
       9
      13
       7
      13
       6
       9
      12
      10
      11
      12
      12
      15
       9
      11
      12
      18
      18
      12
      13
      15
      13
      10
      12
       9
      10
      12
      14
      11
      17
       6
       7
       9
      12
      12
      11
      12
       7
       6
      20
      12
      17
      14
      14
      15
      13
      12
      15
      15
      18
      11
      15
      12
       8
      16
       9
      11
      13
       6
      15
      11
       9
      15
      16
       9
      13
       4
      11
      14
       9
      11
       4
      15
      14
      14
      10
      10
      15
       9
      16
      10
       7
      11
      13
      17
       5
      15
      10
      12
      13
       6
      15
       6
      13
      10
       7
       4
      13
      15
      13
      10
      10
      14
      16
      11
      10
      13
       8
       7
      12
      16
      13
      13
      10
      13
       7
      13
       6
      15
      11
       5
       5
      11
      11
      13
       6
       7
      10
       8
      10
      12
      17
       9
      11
       9
      11
      16
      10
      14
       9
       8
      11
      15
       9
       7
      10
      16
       6
       8
      11
      10
      17
       7
      15
      10
      11
       7
      13
       9
       8
      11
      10
      10
      10
      12
      10
      14
      10
      15
      13
      12
      15
      16
       8
      10
      16
      13
      10
      15
       8
      12
      11
       9
      10
      13
      14
      12
      12
      12
      10
      16
      12
      15
      24
      18
      23
      12
      10
      13
      13
      13
      19
      14
      11
      11
      11
      10
      14
      12
      12
       9
      18
      10
       8
      15
      10
      11
       8
      17
      15
       3
      10
      13
       8
       7
      15
       9
       4
       8
      10
      11
       9
      13
      13
       7
      13
      12
       5
       7
       8
      13
      16
      14
       8
       5
       5
       3
       5
      15
      15
      11
       5
      12
       8
      16
      10
       9
      12
       4
       9
      14
       9
      12
       9
       6
      16
       9
      14
       8
      14
       9
       6
       9
      11
       9
      11
      14
      11
      13
       7
       9
      10
       8
      11
       8
       6
      12
      10
       6
       9
      14
      17
       7
       2
      15
      11
       9
      12
      15
      12
       8
       6
       6
      10
      10
      13
      11
      18
      12
       8
      17
      11
      14
      11
      12
       7
      11
       8
      13
      12
      19
       9
       9
      10
       9
      13
       9
      10
      11
       8
      14
      12
       6
      12
      13
      12
       9
      11
       8
       6
      11
       9
      12
      17
       8
      12
       8
      10
      13
      18
       7
       8
      11
      11
      16
      16
       8
       9
      10
      10
      17
      16
      11
       8
      11
      14
      12
       5
      18
      12
      14
       8
      10
      16
      12
       8
       6
       8
       9
      10
      10
      16
      10
      11
      10
      12
       8
       9
      13
       6
       9
       6
      11
      18
       3
      11
       7
      13
      10
      11
       7
       6
       8
      14
      11
       8
       7
       7
       7
       8
       7
       8
       8
      10
       6
      11
      13
      11
       9
       9
      17
       9
      10
       3
      11
       7
      17
      11
      10
      10
      10
      10
       9
       6
      11
       8
      13
      12
       7
      11
       3
       8
      14
       9
       5
       8
       9
       7
      14
      10
      13
      11
       4
      16
      11
      11
      11
       7
      11
       7
       9
       5
      16
      11
      13
      14
       8
      12
      13
      12
      10
      15
      12
       7
      14
      15
       9
       9
       5
       8
      14
       6
      10
       7
      12
      16
      13
       3
      11
       8
       9
       5
       7
       7
      17
       5
       8
      10
       5
       9
       4
      10
      11
      10
      12
       9
       7
      12
       8
      11
      10
       8
      18
      14
      14
       9
       4
       9
       4
       8
       7
       8
      11
      12
       7
      14
      10
      10
       8
       8
      10
       9
      12
       4
       4
       7
      12
       7
       6
       5
       4
       5
      13
      19
       4
      15
       7
       6
       6
       9
      10
       5
       4
       6
       8
       4
       1
       8
       8
       7
      10
       4
      10
       8
       7
       5
      10
       6
      13
       9
       9
      11
      13
       9
       6
      12
      14
       7
       3
       7
       4
       4
      12
       8
      13
       4
      13
      11
      11
       8
      10
       4
       8
       6
       6
       8
      14
       4
      13
       6
       6
       8
       5
       6
       5
       7
       5
       9
       6
       8
       6
      15
      13
      11
      12
       5
       9
       7
       6
       9
      10
      19
      14
      15
      10
      14
       5
       8
       7
      10
       4
      14
       8
       9
      15
       8
      11
      10
      11
       8
       5
       9
      10
      10
      10
      10
       8
      15
       4
       4
       6
      14
       5
       7
      13
       8
       8
      10
       9
       9
       8
       5
      11
      10
       9
       8
      11
       3
      12
       8
       9
       6
      11
       3
       5
       9
       7
       8
       3
       7
       8
       6
       5
       5
      15
       8
      12
       4
       7
       7
       6
      10
       9
       6
      12
       8
       5
       7
       7
       5
       9
      10
       6
       9
       9
       3
       6
      11
       7
       9
      14
       6
       9
       8
       9
      10
      11
       8
       6
      14
       9
       7
       8
       7
       5
       1
      10
      13
       7
      15
       6
      10
      14
       6
      13
       8
      14
       5
       3
      11
       7
       7
       7
      11
      10
       8
      11
       7
      13
      11
       5
      10
       2
       5
      10
       7
      12
       4
       5
       7
       8
      13
       7
       9
       6
      13
      12
       8
       4
       4
      10
       8
       9
       9
       9
       2
       8
       7
       8
       6
       3
       9
       6
       5
      15
       6
       7
       5
       8
       6
      10
       7
       3
       8
       7
       6
       4
       4
       5
       8
       2
       7
       6
       4
       9
       7
       6
       2
       6
       4
       7
       8
      11
       8
       7
       6
       5
       5
       6
      13
       5
       5
      10
      13
       6
       6
      11
       4
       9
       4
      13
      11
       8
       7
      10
       5
       3
       7
       9
       7
       9
       7
       8
       5
       4
       2
       9
       6
       4
       6
      13
       9
      10
      12
       7
      12
       7
       6
       9
      12
       6
       9
      10
       2
       8
      12
       8
       5
      10
       8
      12
       7
      10
      12
       7
      12
       4
       6
      12
       6
       7
       9
       5
       6
       2
      12
      13
       7
       6
       9
       6
      10
       7
       6
       6
       9
      10
       8
       5
       4
       4
       9
       9
      12
       9
       5
       7
       4
       5
       8
       6
      11
       6
       6
       6
       5
      11
       8
       6
       5
      10
       6
       9
       6
      11
       7
       6
       7
       9
      15
       5
      13
      15
       9
      15
      26
      28
      21
      24
      20
      24
      23
      14
      24
      23
      14
      11
      10
       8
      10
      10
       5
      11
       5
      11
       6
       5
       5
      12
       5
      10
       8
       7
       7
       9
       7
       9
       9
      10
       8
       5
       6
       8
       8
      10
       8
      10
       4
       6
       5
      12
       7
       7
       7
       9
       7
       6
       6
      11
       8
       7
       4
       5
       6
       8
       6
       8
       2
       2
      10
       7
       6
       4
       5
       9
       6
       5
      10
       7
       6
       9
       8
       7
       3
      11
       4
       9
       9
       7
       2
       4
      10
       8
      13
       7
       9
      10
       3
       4
      12
      14
      12
       5
       8
       9
      10
      10
       7
       5
      11
       4
       7
       9
       6
       6
      10
       8
       3
      11
       5
       6
       8
       8
       7
       7
       7
       5
       8
       7
       7
       3
       1
      12
       3
       6
       8
       6
       8
       6
       4
       5
       7
       4
      12
       6
       6
       4
       8
       5
       5
       7
       8
       9
       4
       4
       2
       7
      11
       8
       6
       4
      11
       5
      13
       5
       6
       8
       7
      13
       6
       6
       5
       8
       9
       6
       3
       6
       4
       7
       7
       7
       7
       7
       8
       6
       8
       5
      10
      10
       3
       3
      10
       6
      13
       4
       6
      13
       8
       6
       4
      10
       2
       4
       3
       3
       4
       5
       8
       9
       6
       7
       5
       5
       8
       6
      11
      10
      10
      12
       6
       6
       7
       5
       8
       9
       7
      10
       9
       8
      19
       5
       8
      11
      11
      10
       9
      15
      13
      19
      21
      16
      23
      19
      22
      17
      18
      15
      22
      17
       9
       9
      10
       5
       5
       7
       2
       1
       3
       8
       5
       4
       3
       5
      10
       7
       4
       9
       3
      10
      11
       5
       6
      15
       7
       6
       4
       9
       3
       5
       1
      11
       8
       9
       7
      10
       7
       3
       6
       2
      10
       8
       7
       6
      10
       8
       5
       7
      10
       4
       6
       4
       3
       7
       6
       6
       4
       6
       8
       6
       4
       2
       4
      10
       4
       6
       5
       3
       5
       6
       4
       8
       8
       4
       8
       6
      10
       2
       9
       7
      12
       7
       7
      11
       2
       9
       5
       5
       7
       7
       2
       2
       7
       3
      10
       7
       3
       7
       9
       1
      11
       6
       7
      11
       9
       5
       4
       2
      12
       9
       3
       7
      10
       6
       6
       3
       5
      10
       7
       7
       7
       4
       3
       8
       7
       3
      10
       9
       9
       4
       6
       4
       9
       5
       9
       5
       2
       5
       5
       7
       5
      16
       4
       6
       3
       6
       5
       5
       4
       5
       7
       3
       9
       8
       2
       5
       3
       1
       5
       8
       6
       1
       5
       6
       8
      11
       4
       3
       6
       5
       8
       8
       4
       7
       8
       5
       5
       9
       6
       4
       4
       5
       6
       6
       6
       3
       8
       6
       6
       4
       8
       7
       4
      11
       1
       9
       7
       5
       3
       5
       9
       7
       4
       7
       4
       9
       6
       5
       8
       4
       6
       3
       9
       5
       3
       4
       4
       4
       6
       8
       7
       4
       3
      11
       5
       6
       8
       9
       7
       6
       6
       4
       9
       5
       5
       2
       4
       4
       7
      12
       3
       3
       8
       9
       7
       2
       4
       8
       9
       4
       5
       7
      10
       4
       2
       6
       8
       7
       6
       7
      10
      10
       2
      10
       8
       7
       6
       4
       8
       4
       3
       3
       8
       7
       9
       8
       6
       8
       8
      12
       5
       4
      12
       4
       8
       6
       5
       6
       4
       8
       5
       6
      10
       6
       4
       4
       8
       4
       8
       9
       4
       6
       5
       2
       6
       6
       4
       7
       8
       3
       6
       7
       5
       7
       6
       2
       8
       2
       4
       1
       5
       7
      12
      11
       7
       8
       5
       7
      10
       5
       6
      12
       2
       2
       3
       4
       9
       2
       9
       6
      11
       3
       4
       8
       9
       9
       5
       9
       4
       2
       4
       5
       6
       5
       4
       5
       8
       8
       8
       9
       8
       3
       7
       7
       3
       9
      10
       3
       6
       6
       5
       5
       4
       3
       2
       3
       3
       5
       7
       8
       6
       7
       7
       4
       8
       7
       6
       5
       4
       5
       5
       2
       4
       2
       7
       7
       6
       9
      12
      11
       5
       4
       6
       5
       5
       7
       6
       7
       6
       7
       9
       8
       7
       5
       8
       6
       9
       3
       6
       7
       6
       7
       4
       7
       6
       3
       6
       4
       6
       5
       4
       6
       7
       2
       5
       4
       5
       6
       9
       5
       3
      11
       6
       4
       4
       5
       5
       8
       6
       9
       3
       2
       9
       8
       5
       5
       3
       7
       9
       4
       7
       7
       8
       4
       1
       8
       4
       6
       2
       5
       7
       5
       7
       8
       6
       4
       5
       7
       7
       9
       5
       5
       8
       5
       9
       8
       5
       6
       5
       7
      10
       4
       3
       9
       5
       5
       9
      16
       3
       5
       5
       7
       8
       3
       8
       3
       6
       7
       9
       4
       6
       5
       5
       6
       5
      12
       6
       5
       4
       6
       7
       3
       5
       6
       7
       2
       6
       8
       8
      14
       4
       0
      10
       4
       5
       5
       5
       8
       6
       5
       4
       5
       3
       6
       6
       9
       8
       2
       8
       7
       4
       5
       7
       6
       4
       8
       5
      10
       2
       5
       7
       4
       6
       6
       7
       5
       8
       6
       4
       2
       2
       8
       6
       1
       8
       8
       3
       4
       4
       5
       8
      12
       6
       7
       2
       7
       7
       4
       8
       7
       7
      13
       7
      16
       9
       8
       7
       7
      10
       5
      13
      12
      20
      28
      17
      11
      16
      15
      15
       8
      15
       8
       9
       7
       4
       5
       4
       5
       3
      10
       5
       6
       5
       3
       3
      10
       4
       7
       6
       1
       7
       4
       8
       9
       6
       3
       4
       4
       2
       5
       6
       4
       2
       8
       6
       7
       2
       5
       7
       6
       7
       9
       5
       5
       1
      10
       8
       6
      10
       7
       3
       1
       6
       4
       6
       7
       8
       8
      10
       7
       5
       6
       5
       6
       4
       5
       6
       4
      11
       5
       4
       1
       5
      11
       6
       7
       3
      11
       4
       3
       2
       5
       7
       1
       6
       5
       7
       4
       8
       3
       7
       7
       6
       6
       8
       4
       3
      10
      10
       6
       7
       3
       6
       7
       7
      13
       5
      12
       5
       6
      10
       1
       8
       6
       4
       4
       7
       2
       4
       3
       6
       2
       1
       9
       9
       6
       5
       9
       8
       3
       4
       9
       6
       5
      10
      10
       6
       1
       3
       7
       6
      13
       4
       9
       6
       6
       2
       4
       6
       4
       7
       7
       6
       6
       6
       4
       7
       8
       4
       2
       4
       3
       4
       6
       4
       9
      12
       5
       6
       1
       4
       3
       5
      11
       5
       3
       4
       7
       3
       9
       4
       3
       5
       4
       3
       9
       6
       6
      11
       7
       1
       2
       5
       7
       5
       2
       7
       6
       6
       5
       6
       4
       9
       6
       5
       9
       8
       6
      12
      10
       8
      12
      11
       8
      13
       5
      12
      10
       5
       6
       5
       4
       7
       8
       5
       3
       9
       9
       7
       7
       6
       7
       2
       6
       7
       9
      12
      14
      12
       2
       8
       5
       5
       7
       6
       4
       4
       2
      11
       3
       7
       8
       5
       4
       4
       4
       3
       2
       8
       5
       4
       7
       7
       5
       8
       5
       4
       2
       7
       7
       5
       8
      10
       3
       7
       2
       8
       8
       8
       4
       8
       6
       9
      11
       4
       5
       5
       7
       5
       2
      11
       9
       5
       5
       5
       7
       3
       5
       7
       4
       6
       8
       6
       8
      10
      10
       8
       4
       6
       9
       8
       4
       5
       6
       1
       8
       9
       8
       7
       7
       6
       5
       8
       4
       3
       6
       4
       7
       7
      10
      10
       8
       3
       2
       6
       5
       6
      11
       7
       2
      13
       7
       6
       7
       1
       6
       5
       2
       6
       7
       7
      10
       4
       7
       5
       9
       6
       3
       9
       6
       6
       8
       9
       3
       3
       6
       8
      12
       6
       8
       3
       5
       5
      11
       5
       7
       5
       9
       2
       7
       2
      10
       5
       6
       4
       8
       3
       7
       1
       6
       5
       3
       6
       8
       6
      13
      11
       9
       5
      10
       3
       6
       8
       3
       2
       7
       3
       9
       7
       6
       6
       4
       6
       5
       8
       4
       6
       6
       6
       6
       5
       3
       3
       6
      10
       4
       7
       9
       8
       8
       7
       5
       2
       8
       8
       4
       7
       7
       6
      12
      13
       9
       6
       4
       5
       6
       9
      10
       4
      10
       5
       3
       4
      11
       3
       8
       8
      11
       3
       4
       6
       4
      14
       9
       5
       7
       8
       8
       7
      15
       4
       9
       6
       6
       7
       7
       7
       6
       6
       6
       6
       2
       8
       2
       7
       1
       4
       7
       2
       3
       4
      11
       8
       6
       5
       5
       4
       8
       5
       5
       6
       4
       1
       4
       4
       4
       6
       8
       3
       4
       6
       4
       3
       5
       5
       7
       4
       4
       5
       6
       7
       2
       5
       2
       4
       5
       2
       3
       3
       6
       7
       2
       2
      13
       5
       4
       6
       6
       6
       3
       0
       6
       1
       6
       3
       6
       8
       5
       3
       3
       8
       6
       3
       2
       6
       5
       2
       2
       3
       3
       4
       6
       3
       7
       5
       3
       3
      12
       4
       8
       6
       4
       5
       6
       7
       9
       4
       3
       4
       4
       3
       4
       2
       4
       3
       2
       5
       3
       1
       3
      10
       3
       6
       3
       4
       3
       4
       5
       0
       2
       7
       3
       6
       9
       4
       8
       4
       3
       5
       5
       3
       2
       4
       5
       2
       3
       4
       6
       2
       3
       5
       6
       3
       2
       7
       2
       4
       5
       7
       2
       2
       6
       5
       3
      14
       3
       6
       6
       4
       3
       4
       5
       8
       3
       4
       7
       4
       7
       4
       6
       6
       5
       2
       6
       6
       2
       6
       1
       9
       4
       5
       5
       1
       4
       1
       3
       3
       2
       3
       2
       3
       5
       4
       4
       4
       8
       7
       4
       4
       3
       7
       7
       6
       5
       3
       1
       4
       3
       3
       4
       4
       1
       1
       3
       2
       5
       3
       3
       1
       5
       4
       3
       4
       5
       4
       3
       0
       3
       3
       2
       4
       3
       3
       4
       1
       2
       2
       3
       3
       4
       7
       5
       3
       6
       4
       5
       1
       5
       2
       2
       5
       1
       6
       4
       4
       4
       0
       3
       1
       3
       6
       8
       1
       1
       3
       4
       4
       4
       2
       5
       3
       3
       4
       3
       3
       3
       5
       4
       6
       4
       1
       6
       2
       6
       6
       4
       4
       2
       4
       7
       5
       5
       7
       3
       2
       3
       5
       6
       5
       4
       1
       4
       3
       4
       3
       1
       0
       3
       5
       1
       4
       2
       6
       4
       2
       2
       4
       4
       2
       9
       2
       4
       1
       2
       0
       3
       2
       7
       1
       2
       5
       3
       3
       6
       4
       6
       4
       2
       1
       7
       4
       1
       3
       1
       8
       1
       2
       2
       3
       2
       3
       3
       1
       2
       3
       3
       2
       3
       2
       4
       1
       6
       7
       3
       6
       4
       3
       6
       2
       3
       8
       5
       6
       8
       3
       2
       5
       2
       5
       3
       1
       2
       2
       7
       3
       3
       2
       4
       4
       5
       1
       8
       3
       4
       4
       0
       2
       1
       4
       1
       2
       2
       0
       2
       2
       2
       1
       2
       5
       1
       6
       0
       2
       1
       4
       2
       3
       4
       0
       1
       6
       4
       4
       2
       4
       2
       2
       0
       2
       2
       0
       0
       2
       2
       2
       1
       1
       1
       2
       3
       2
       2
       3
       2
       3
       3
       2
       5
       2
       0
       1
       4
       0
       4
       3
       1
       2
       6
       2
       2
       1
       4
       3
       4
       5
       1
       3
       0
       2
       3
       3
       3
       2
       2
       6
       3
       0
       8
       3
       3
       3
       4
       2
       4
       2
       1
       3
       4
       1
       3
       2
       1
       4
       1
       1
       6
       4
       0
       3
       2
       3
       3
       1
       4
       2
       2
       1
       1
       2
       3
       1
       2
       1
       3
       2
       2
       2
       4
       1
       0
       3
       3
       2
       5
       0
       2
       2
       6
       1
       1
       3
       0
       0
       2
       1
       3
       0
       5
       4
       1
       2
       2
       4
       4
       3
       1
       3
       1
       2
       4
       4
       3
       1
       4
       3
       0
       3
       1
       1
       3
       2
       4
       2
       0
       1
       0
       3
       1
       3
       1
       3
       3
       2
       2
       1
       3
       3
       4
       2
       0
       1
       3
       3
       3
       1
       1
       1
       6
       5
       1
       2
       0
       2
       1
       2
       3
       3
       1
       2
       4
       2
       3
       0
       1
       1
       5
       1
       0
       1
       0
       0
       2
       1
       1
       0
       2
       2
       1
       2
       6
       2
       4
       2
       1
       3
       0
       1
       1
       0
       0
       1
       1
       0
       3
       1
       1
       2
       4
       1
       2
       3
       2
       1
       2
       5
       2
       2
       2
       5
       3
       1
       2
       2
       0
       0
       2
       3
       3
       4
       1
       1
       5
       4
       0
       2
       3
       2
       2
       0
       3
       0
       3
       1
       2
       3
       1
       3
       2
       3
       3
       3
       2
       4
       4
       4
       4
       3
       2
       3
       2
       0
       3
       3
       2
       1
       1
       2
       4
       1
       1
       3
       1
       2
       1
       1
       0
       0
       1
       1
       1
       2
       0
       0
       2
       2
       3
       0
       2
       3
       1
       1
       4
       7
       1
       3
       1
       1
       4
       1
       0
       2
       0
       2
       2
       5
       3
       3
       1
       1
       1
       1
       2
       1
       0
       0
       1
       1
       3
       1
       2
       3
       6
       0
       0
       0
       1
       3
       2
       0
       1
       2
       1
       2
       0
       0
       2
       3
       0
       4
       0
       1
       2
       0
       2
       2
       1
       1
       0
       0
       1
       1
       4
       4
       1
       4
       2
       3
       4
       3
       3
       0
       3
       1
       1
       4
       2
       1
       6
       1
       0
       1
       1
       3
       0
       2
       1
       1
       3
       0
       4
       0
       1
       0
       4
       0
       4
       2
       0
       1
       3
       1
       2
       0
       2
       0
       2
       1
       2
       1
       3
       0
       6
       1
       5
       1
       2
       4
       2
       5
       2
       1
       1
       2
       1
       1
       0
       1
       4
       2
       2
       2
       1
       2
       1
       3
       2
       2
       0
       3
       0
       2
       1
       0
       0
       0
       2
       2
       6
       2
       4
       7
       7
       8
      11
      11
      21
      25
      23
      28
      48
      47
      42
      66
      62
      79
      99
     108
      99
     110
     146
     138
     118
     126
     105
     113
      92
      86
      55
      55
      45
      25
      20
      11
       6
       4
       7
       7
       2
       1
       1
       2
       2
       2
       0
       1
       2
       1
       1
       0
       0
       1
       0
       1
       3
       0
       0
       1
       1
       3
       0
       3
       1
       0
       2
       1
       1
       1
       2
       2
       4
       1
       1
       3
       1
       2
       2
       0
       3
       1
       0
       0
       3
       0
       1
       2
       1
       0
       1
       2
       0
       1
       4
       2
       2
       0
       0
       1
       4
       3
       2
       4
       0
       0
       1
       0
       1
       2
       2
       2
       2
       0
       1
       1
       2
       0
       0
       1
       1
       1
       2
       2
       1
       1
       1
       0
       1
       0
       2
       1
       0
       0
       0
       2
       1
       1
       1
       0
       1
       0
       0
       2
       1
       1
       3
       2
       1
       0
       0
       2
       0
       1
       1
       1
       1
       3
       2
       1
       1
       0
       3
       1
       3
       3
       4
       0
       2
       2
       0
       1
       2
       1
       2
       1
       2
       1
       0
       1
       1
       1
       1
       2
       0
       0
       0
       2
       1
       0
       0
       2
       0
       2
       0
       2
       1
       1
       1
       3
       0
       1
       1
       0
       1
       2
       1
       2
       2
       3
       2
       2
       2
       3
       2
       4
       2
       2
       2
       2
       4
       1
       2
       0
       0
       2
       0
       2
       1
       0
       1
       1
       0
       2
       0
       2
       0
       0
       0
       0
       3
       0
       1
       1
       5
       0
       1
       1
       0
       0
       3
       1
       2
       3
       3
       2
       1
       2
       0
       0
       0
       2
       0
       0
       3
       1
       1
       0
       1
       1
       0
       1
       1
       2
       0
       0
       1
       2
       1
       1
       0
       0
       0
       2
       0
       0
       2
       3
       0
       0
       1
       1
       1
       2
       0
       3
       0
       1
       1
       1
       1
       1
       0
       2
       0
       1
       1
       0
       0
       2
       1
       3
       0
       0
       0
       0
       0
       1
       0
       0
       1
       0
       1
       0
       0
       2
       1
       1
       1
       0
       0
       0
       2
       2
       2
       3
       0
       1
       2
       3
       2
       0
       1
       2
       0
       1
       0
       4
       3
       0
       1
       3
       1
       0
       0
       2
       0
       0
       2
       0
       1
       2
       0
       1
       0
       0
       1
       1
       0
       0
       1
       0
       0
       0
       0
       0
       0
       1
       1
       0
       1
       0
       1
       1
       2
       3
       1
       2
       1
       0
       0
       3
       0
       1
       2
       3
       2
       2
       1
       0
       1
       1
       0
       1
       1
       0
       1
       4
       2
       1
       2
       0
       0
       2
       0
       0
       1
       1
       1
       1
       0
       0
       0
       0
       1
       1
       2
       2
       1
       1
       1
       0
       0
       2
       2
       1
       3
       1
       2
       1
       2
       1
       0
       1
       1
       0
       0
       1
       1
       2
       1
       0
       1
       0
       0
       1
       0
       0
       1
       1
       0
       0
       1
       0
       0
       0
       0
       2
       0
       0
       0
       1
       0
       0
       0
       0
       0
       1
       0
       1
       0
       1
       0
       1
       1
       1
       1
       0
       2
       0
       1
       1
       2
       2
       1
       1
       1
       0
       0
       1
       2
       1
       1
       3
       2
       0
       2
       1
       2
       3
       1
       1
       1
       0
       0
       0
       1
       2
       2
       0
       2
       2
       0
       0
       1
       1
       2
       0
       1
       5
       4
       2
       1
       2
       0
       2
       2
       1
       3
       4
       0
       0
       2
       2
       5
       2
       4
       6
       2
       3
       2
       4
       0
       3
       4
       2
       2
       1
       1
       4
       2
       3
       0
       3
       4
       0
       0
       1
       1
       1
       0
       0
       2
       0
       0
       2
       1
       0
       0
       0
       1
       5
       0
       2
       5
       0
       1
       0
       3
       0
       0
       0
       0
       0
       2
       2
       3
       0
       1
       0
       1
       1
       1
       0
       2
       0
       0
       3
       0
       1
       1
       2
       2
       0
       1
       2
       1
       2
       0
       0
       1
       1
       1
       2
       1
       1
       1
       0
       1
       4
       0
       0
       2
       0
       1
       3
       1
       1
       1
       0
       4
       1
       1
       0
       0
       0
       0
       4
       1
       0
       1
       1
       0
       0
       0
       1
       0
       4
       3
       2
       0
       1
       1
       2
       4
       1
       3
       1
       1
       2
       1
       2
       1
       1
       1
       0
       2
       0
       2
       2
       1
       1
       0
       1
       0
       0
       1
       2
       1
       2
       0
       0
       2
       0
       2
       0
       0
       0
       0
       0
       1
       2
       2
       3
       0
       1
       1
       4
       0
       4
       4
       0
       2
       1
       0
       0
       0
       1
       1
       2
       1
       1
       0
       2
       1
       0
       1
       1
       0
       1
       2
       1
       0
       1
       0
       1
       1
       1
       2
       1
       0
       1
       0
       0
       0
       1
       1
       0
       1
       0
       0
       0
       0
       1
       0
       1
       1
       0
       1
       0
       1
       1
       1
       0
       0
       0
       0
       1
       2
       1
       2
       1
       0
       1
       0
       0
       0
       0
       1
       2
       2
       1
       0
       0
       0
       0
       0
       0
       0
       0
       1
       0
       1
       1
       1
       0
       0
       0
       1
       0
       2
       1
       1
       1
       1
       0
       0
       0
       2
       1
       3
       0
       2
       1
       0
       0
       0
       3
       2
       0
       1
       2
       0
       1
       0
       0
       3
       0
       2
       0
       1
       2
       3
       0
       1
       0
       1
       1
       0
       2
       0
       0
       0
       2
       0
       0
       1
       1
       1
       0
       0
       2
       1
       1
       1
       0
       1
       2
       0
       0
       1
       1
       0
       0
       0
       1
       0
       2
       1
       2
       0
       1
       1
       0
       1
       1
       1
       1
       0
       1
       2
       0
       0
       0
       0
       0
       1
       2
       0
       1
       0
       1
       0
       0
       0
       0
       0
       0
       2
       0
       0
       0
       0
       0
       3
       1
       2
       1
       0
       0
       1
       0
       0
       0
       0
       1
       1
       1
       1
       2
       0
       2
       1
       2
       1
       0
       1
       0
       3
       1
       1
       1
       2
       0
       0
       1
       1
       0
       0
       3
       0
       0
       0
       2
       0
       1
       2
       0
       0
       1
       0
       0
       1
       1
       1
       1
       0
       0
       0
       0
       0
       0
       0
       0
       1
       5
       2
       0
       0
       0
       0
       1
       0
       1
       2
       1
       0
       1
       1
       1
       1
       0
       2
       1
       0
       0
       0
       1
       0
       0
       3
       1
       2
       0
       1
       0
       0
       2
       0
       0
       0
       0
       0
       0
       0
       2
       3
       0
       0
       1
       4
       2
       1
       0
       1
       0
       1
       0
       1
       0
       0
       0
       0
       0
       0
       0
       0
       0
       0
       0
       0
       1
       1
       1
       0
       1
       1
       0
       1
       1
       1
       0
       1
       0
       1
       1
       0
       1
       0
       2
       1
       0
       1
       0
       0
       1
       0
       0
       1
       0
       1
       2
       1
       1
       0
       0
       1
       2
       0
       0
       2
       0
       0
       0
       2
       0
       0
       1
       0
       2
       4
       0
       1
       0
       0
       1
       0
       0
       0
       1
       0
       2
       2
       0
       1
       1
       0
       0
       1
       2
       3
       1
       2
       1
       3
       3
       1
       3
       6
       0
       1
       2
       3
       4
       1
       1
       2
       2
       1
       0
       0
       1
       2
       1
       2
       1
       2
       0
       0
       1
       1
       0
       0
       1
       1
       2
       0
       1
       0
       0
       1
       0
       1
       1
       0
       0
       0
       3
       0
       0
       1
       0
       0
       0
       0
       1
       0
       2
       0
       1
       1
       0
       1
       1
       0
       2
       1
       0
       0
       4
       0
       1
       0
       2
       0
       0
       1
       0
       0
       1
       0
       1
       0
       0
       0
       1
       1
       0
       3
       0
       0
       0
       1
       0
       2
       1
       0
       1
       1
       0
       1
       1
       1
       3
       1
       0
       0
       0
       1
       2
       1
       0
       1
       2
       0
       0
       1
       0
       0
       0
       1
       0
       1
       1
       2
       0
       0
       1
       0
       3
       1
       1
       0
       1
       2
       2
       2
       3
       3
       2
       5
       2
       6
       3
       7
       8
       3
      10
       6
      12
       7
      11
       7
       5
       5
       4
       6
       6
       0
       1
       6
       4
       1
       0
       3
       0
       2
       0
       3
       0
       0
       0
       0
       0
       0
       0
       0
       2
       1
       0
       0
       0
       2
       0
       0
       0
       1
       1
       0
       0
       0
       2
       2
       1
       1
       0
       0
       0
       0
       1
       0
       2
       0
       0
       0
       0
       0
       1
       0
       0
       0
       1
       1
       0
       1
       0
       0
       0
       0
       1
       1
       0
       2
       1
       0
       0
       1
       0
       0
       1
       1
       0
       2
       1
       1
       0
       1
       0
       0
       0
       1
       1
       0
       0
       3
       1
       0
       0
       1
       0
       0
       0
       1
       2
       1
       1
       0
       2
       1
       0
       0
       0
       1
       0
       0
       0
       0
       0
       0
       2
       0
       0
       1
       0
       1
       0
       0
       1
       0
       0
       0
       0
       0
       1
       1
       0
       2
       0
       1
       0
       1
       0
       0
       0
       1
       0
       1
       0
       2
       0
       1
       2
       1
       0
       2
       0
       0
       1
       0
       0
       0
       0
       0
       0
       0
       0
       0
       0
       0
       1
       1
       1
       0
       0
       0
       2
       0
       0
       0
       0
       0
       1
       0
       0
       0
       0
       1
       0
       2
       0
       0
       0
       0
       1
       0
       0
       0
       0
       1
       0
       0
       0
       0
       0
       0
       0
       1
       0
       0
       0
       1
       2
       1
       0
       1
       0
       0
       0
       0
       1
       2
       0
       1
       0
       0
       0
       1
       1
       0
       0
       2
       2
       0
       4
       0
       0
       0
       1
       1
       0
       1
       1
       0
       0
       0
       1
       0
       0
       1
       2
       1
       0
       0
       0
       0
       1
       0
       0
       1
       0
       2
       0
       2
       2
       1
       1
       0
       0
       0
       0
       2
       0
       1
       0
       0
       2
       1
       0
       0
       0
       0
       1
       0
       1
       2
       0
       0
       1
       1
       0
       0
       0
       0
       3
       1
       1
       3
       2
       0
       1
       0
       0
       1
       1
       0
       1
       0
       1
       0
       0
       0
       1
       1
       0
       1
       0
       0
       1
       1
       0
       0
       1
       1
       1
       3
       1
       0
       0
       2
       0
       0
       2
       1
       1
       2
       2
       2
       0
       3
       4
       1
       3
       0
       1
       1
       1
       1
       0
       1
       0
       1
       0
       0
       2
       0
       2
       1
       1
       0
       1
       0
       0
       0
       0
       0
       0
       1
       0
       0
       0
       0
       0
       0
       1
       0
       1
       0
       2
       0
       1
       2
       0
       0
       0
       2
       0
       1
       1
       1
       0
       2
       0
       0
       0
       1
       0
       2
       0
       0
       0
       1
       0
       2
       1
       0
       0
       0
       4
       1
       1
       1
       0
       1
       2
       0
       0
       0
       2
       0
       0
       0
       0
       0
       0
       2
       1
       0
       1
       1
       0
       2
       1
       0
       1
       1
       2
       0
       2
       2
       1
       1
       0
       1
       1
       0
       0
       1
       0
       0
       1
       2
       0
       2
       0
       0
       1
       1
       1
       0
       0
       0
       3
       0
       0
       2
       0
       0
       0
       0
       1
       0
       0
       0
       0
       0
       1
       0
       1
       1
       3
       0
       0
       0
       0
       1
       0
       1
       0
       0
       0
       1
       0
       1
       1
       2
       0
       0
       0
       0
       2
       0
       1
       0
       0
       0
       2
       0
       2
       2
       4
       3
       0
       1
       2
       0
       0
       1
       0
       1
       2
       0
       1
       0
       0
       0
       2
       0
       0
       0
       1
       1
       0
       2
       1
       2
       0
       0
       1
       0
       0
       0
       0
       0
       0
       1
       0
       1
       3
       0
       0
       0
       1
       0
       0
       1
       0
       1
       2
       0
       1
       0
       1
       1
       0
       0
       0
       1
       0
       1
       0
       0
       0
       0
       0
       0
       0
       0
       1
       0
       0
       0
       0
       0
       0
       1
       1
       1
       1
       0
       2
       0
       1
       2
       0
       1
       0
       1
       0
       1
       1
       0
       0
       0
       0
       3
       2
       1
       1
       0
       1
       1
       2
       2
       2
       0
       0
       3
       1
       0
       0
       1
       0
       0
       0
       1
       0
       0
       1
       0
       0
       0
       0
       1
       0
       0
       1
       0
       0
       0
       2
       1
       0
       1
       0
       0
       0
       1
       1
       0
       1
       0
       0
       4
       0
       1
       0
       0
       0
       0
       2
       0
       1
       0
       1
       0
       0
       0
       2
       0
       0
       0
       1
       0
       0
       1
       0
       1
       1
       2
       0
       0
       1
       0
       0
       1
       0
       1
       0
       0
       2
       1
       0
       0
       0
       0
       1
       0
       1
       1
       1
       0
       1
       1
       1
       1
       1
       0
       0
       1
       0
       0
       0
       0
       0
       0
       0
       0
       0
       1
       1
       0
       0
       1
       1
       1
       0
       0
       1
       1
       2
       0
       0
       0
       0
       0
       1
       0
       0
       1
       1
       0
       0
       0
       0
       1
       2
       0
       0
       0
       0
       1
       2
       2
       2
       0
       0
       0
       0
       0
       3
       0
       2
       0
       1
       0
       1
       0
       0
       1
       0
       1
       1
       0
       0
       0
       0
       1
       0
       0
       1
       0
       1
       0
       0
       0
       0
       2
       3
       0
       1
       1
       0
       0
       0
       1
       0
       0
       1
       0
       0
       1
       1
       0
       0
       1
       0
       0
       0
       0
       1
       0
       2
       0
       0
       0
       0
       1
       2
       0
       0
       0
       0
       1
       0
       0
       0
       0
       0
       0
       0
       0
       0
       0
       0
       0
       1
       2
       0
       0
       0
       1
       0
       1
       0
       0
       2
       0
       0
       0
       0
       0
       1
       1
       1
       0
       1
       0
       0
       1
       1
       0
       0
       0
       2
       3
       0
       1
       0
       0
       1
       2
       0
       1
       1
       1
       0
       0
       4
       0
       1
       1
       0
       1
       1
       1
       0
       0
       3
       1
       0
       0
       0
       2
       1
       0
       0
       0
       0
       0
       0
       1
       2
       0
       2
       0
       0
       0
       0
       1
       0
       0
       1
       2
       0
       0
       1
       1
       0
       0
       0
       0
       1
       0
       1
       0
       0
       0
       1
       1
       1
       1
       0
       0
       1
       2
       0
       1
       1
       0
       0
       0
       0
       0
       0
       0
       0
       0
       0
       0
       0
       0
       0
       0
       0
       0
       0
       0
       0
       0
       0
       0
       0
       0
       0
       0
       0
       0
       0
       0
       0
       0
       0
       0
       0
       0
       0
       0
       0
       0
       0
       0
       0
       0
       0
       0
       0
       0
       0
       0
       0
       0
       0
       0
       0
       0
       0
       0
       0
       0
       0
       0
       0
       0
       0
       0
       0
       0
       0
       0
       0
       0
       0
       0
       0
       0
       0
       0
       0
       0
       0
       0
       0
       0
       0
       0
       0
       0
       0
       0
       0
       0
       0
       0
       0
       0
       0
       0
       0
       0
       0
       0
       0
       0
       0
       0
       0
       0
       0
       0
       0
       0
       0
       0
       0
       0
       0
       0
       0
       0
       0
       0
       0
       0
       0
       0
       0
       0
       0
$ROI:
0
$PRESETS:
None
0
0
$ENER_FIT:
0.000000 0.536422
$MCA_CAL:
3
0.000000E+000 5.364218E-001 0.000000E+000 keV
$SHAPE_CAL:
3
3.032570E+000 0.000000E+000 0.000000E+000
