$SPEC_ID:
No sample description was entered.
$SPEC_REM:
DET# 1
DETDESC# DESKTOP-AKUPN2F Easy-MCA-8k SN 09022236
AP# Maestro Version 7.01
$DATE_MEA:
01/31/2017 15:30:33
$MEAS_TIM:
2423 2480
$DATA:
0 8191
       0
       0
       0
       0
       0
       0
       0
       0
       1
       3
       2
       3
       2
       3
       2
       2
       2
       0
       1
       1
       4
       2
       1
       4
       0
       3
       0
       1
       1
       0
       0
       2
       1
       1
       0
       1
       3
       1
       1
       1
       1
       0
       0
       1
       3
       1
       0
       0
       0
       1
       2
       0
       0
       0
       2
       1
       0
       1
      14
      43
      74
     118
     591
    1626
    2254
    2473
    1948
    1429
    1256
    1443
    1494
    1151
     664
     365
     312
     309
     321
     292
     310
     328
     318
     301
     309
     332
     277
     303
     331
     301
     311
     305
     296
     329
     293
     296
     313
     302
     336
     342
     296
     326
     287
     282
     300
     307
     275
     305
     283
     262
     240
     264
     275
     281
     302
     289
     254
     276
     277
     264
     277
     242
     219
     253
     251
     271
     294
     276
     265
     273
     263
     236
     247
     242
     268
     239
     228
     268
     263
     239
     246
     260
     253
     278
     254
     216
     273
     231
     260
     246
     256
     262
     232
     251
     259
     262
     257
     260
     252
     248
     258
     223
     260
     243
     259
     241
     242
     257
     240
     245
     251
     230
     239
     248
     276
     250
     264
     260
     229
     245
     243
     214
     287
     232
     252
     224
     251
     264
     228
     255
     225
     232
     255
     220
     226
     246
     251
     232
     242
     240
     257
     256
     240
     247
     270
     237
     262
     277
     284
     249
     291
     233
     266
     276
     266
     240
     266
     274
     299
     286
     263
     288
     284
     272
     290
     268
     279
     285
     308
     286
     286
     296
     314
     280
     298
     299
     304
     335
     290
     286
     313
     296
     328
     312
     340
     330
     293
     307
     295
     298
     309
     312
     290
     307
     340
     342
     330
     317
     327
     354
     333
     332
     346
     331
     350
     353
     353
     353
     356
     336
     352
     373
     350
     339
     400
     375
     376
     409
     427
     437
     465
     418
     473
     500
     540
     529
     569
     498
     536
     553
     584
     565
     582
     628
     575
     650
     602
     631
     570
     595
     552
     572
     564
     542
     531
     535
     531
     454
     436
     422
     455
     398
     407
     398
     392
     380
     345
     357
     383
     354
     355
     357
     377
     388
     372
     375
     405
     414
     402
     413
     442
     435
     471
     443
     486
     456
     439
     455
     466
     453
     500
     483
     459
     501
     434
     473
     441
     409
     409
     415
     407
     409
     464
     386
     393
     375
     400
     385
     429
     373
     358
     407
     375
     425
     393
     388
     369
     394
     396
     406
     332
     373
     370
     361
     352
     373
     332
     336
     401
     388
     354
     387
     377
     400
     371
     338
     341
     338
     334
     329
     364
     398
     356
     372
     354
     372
     375
     364
     360
     377
     388
     374
     362
     390
     327
     418
     332
     398
     377
     369
     365
     413
     375
     346
     374
     386
     381
     380
     371
     391
     368
     379
     364
     363
     348
     428
     371
     369
     332
     371
     358
     380
     358
     339
     401
     330
     342
     367
     388
     362
     351
     370
     376
     351
     336
     347
     372
     352
     363
     345
     372
     413
     358
     363
     373
     355
     374
     382
     351
     369
     347
     359
     375
     331
     342
     346
     367
     381
     349
     355
     360
     404
     383
     351
     359
     355
     334
     375
     363
     356
     387
     325
     347
     364
     337
     392
     376
     365
     351
     351
     370
     345
     348
     353
     309
     367
     307
     341
     348
     353
     355
     348
     357
     359
     327
     357
     373
     365
     340
     353
     376
     347
     350
     345
     366
     336
     350
     360
     371
     346
     321
     316
     350
     329
     310
     333
     313
     349
     353
     344
     318
     328
     350
     332
     347
     328
     300
     346
     357
     374
     341
     316
     334
     316
     343
     323
     320
     338
     322
     329
     322
     313
     312
     337
     339
     290
     326
     340
     327
     327
     317
     350
     313
     311
     316
     361
     320
     321
     343
     305
     330
     343
     323
     314
     348
     322
     300
     338
     328
     334
     312
     322
     312
     339
     321
     331
     328
     327
     332
     327
     313
     338
     292
     309
     332
     332
     316
     326
     327
     299
     299
     310
     347
     328
     330
     274
     305
     313
     304
     338
     292
     312
     312
     302
     323
     325
     274
     282
     267
     293
     311
     281
     301
     304
     308
     305
     316
     326
     307
     335
     328
     312
     293
     302
     318
     290
     300
     308
     292
     274
     282
     299
     270
     307
     293
     285
     301
     300
     282
     281
     291
     294
     272
     286
     284
     309
     320
     290
     323
     302
     298
     305
     286
     300
     311
     284
     274
     308
     284
     266
     318
     274
     275
     299
     295
     268
     298
     281
     291
     295
     300
     304
     298
     291
     282
     307
     312
     285
     314
     315
     277
     277
     291
     306
     274
     271
     247
     304
     294
     274
     286
     274
     298
     279
     280
     284
     319
     261
     306
     295
     274
     290
     275
     275
     281
     276
     257
     271
     270
     298
     259
     280
     290
     260
     263
     261
     277
     297
     290
     273
     291
     273
     303
     278
     295
     236
     295
     293
     267
     326
     297
     279
     274
     275
     278
     299
     296
     296
     288
     315
     282
     295
     294
     285
     277
     289
     262
     280
     299
     265
     302
     278
     267
     274
     280
     261
     290
     303
     279
     253
     264
     256
     249
     300
     267
     278
     245
     294
     284
     279
     240
     305
     267
     256
     253
     275
     257
     260
     257
     242
     260
     259
     240
     250
     248
     247
     232
     247
     305
     262
     265
     258
     244
     269
     259
     255
     286
     257
     261
     266
     253
     264
     243
     224
     237
     246
     264
     241
     301
     263
     286
     265
     247
     222
     245
     241
     277
     242
     233
     299
     272
     250
     265
     270
     273
     263
     259
     273
     254
     267
     271
     289
     278
     282
     272
     304
     306
     277
     271
     267
     287
     258
     332
     272
     284
     301
     290
     286
     312
     282
     268
     317
     298
     287
     285
     302
     284
     295
     276
     283
     303
     280
     261
     296
     256
     306
     264
     274
     261
     288
     264
     263
     270
     259
     266
     266
     227
     248
     243
     283
     256
     239
     261
     252
     240
     240
     263
     251
     253
     234
     253
     257
     241
     234
     236
     225
     260
     225
     264
     245
     245
     245
     238
     244
     233
     242
     228
     263
     258
     254
     223
     243
     256
     226
     262
     208
     251
     242
     226
     240
     223
     252
     232
     246
     245
     218
     219
     248
     209
     221
     231
     241
     212
     225
     229
     216
     216
     212
     227
     209
     237
     237
     245
     210
     232
     237
     256
     233
     263
     241
     263
     233
     243
     234
     240
     237
     255
     251
     239
     240
     239
     237
     230
     219
     204
     219
     246
     231
     226
     235
     220
     218
     212
     215
     202
     226
     217
     177
     211
     211
     228
     220
     215
     229
     214
     191
     213
     210
     218
     205
     187
     218
     213
     208
     205
     207
     220
     180
     197
     217
     214
     191
     180
     225
     208
     214
     208
     186
     179
     201
     206
     212
     220
     200
     187
     236
     210
     205
     231
     213
     200
     201
     178
     200
     229
     217
     226
     203
     196
     209
     202
     196
     185
     191
     204
     201
     200
     213
     212
     200
     213
     203
     208
     181
     180
     183
     193
     193
     202
     211
     219
     155
     180
     171
     180
     187
     193
     205
     195
     183
     195
     185
     181
     203
     164
     186
     197
     191
     201
     211
     206
     177
     194
     206
     201
     208
     190
     201
     202
     201
     190
     215
     212
     234
     200
     202
     178
     180
     215
     180
     161
     209
     194
     182
     198
     190
     213
     184
     223
     189
     184
     184
     166
     187
     196
     178
     174
     180
     202
     184
     213
     170
     204
     196
     200
     165
     173
     188
     189
     190
     203
     153
     178
     180
     193
     197
     190
     196
     189
     183
     167
     165
     200
     181
     208
     189
     195
     186
     167
     201
     200
     176
     196
     186
     209
     196
     170
     202
     178
     191
     181
     185
     190
     192
     200
     211
     212
     193
     173
     203
     198
     189
     204
     182
     193
     189
     177
     181
     204
     203
     191
     171
     173
     195
     170
     204
     177
     191
     182
     190
     180
     196
     200
     177
     196
     174
     190
     236
     212
     169
     192
     197
     190
     173
     177
     187
     173
     162
     197
     165
     188
     180
     184
     165
     172
     188
     180
     186
     181
     173
     160
     198
     185
     178
     170
     165
     162
     176
     184
     181
     180
     174
     179
     191
     192
     154
     191
     165
     181
     167
     204
     162
     161
     190
     176
     190
     207
     168
     203
     171
     199
     167
     210
     161
     164
     178
     187
     178
     185
     171
     192
     174
     171
     185
     178
     166
     190
     183
     153
     170
     161
     167
     170
     179
     180
     148
     182
     158
     178
     168
     174
     177
     190
     165
     180
     170
     188
     182
     198
     196
     181
     156
     168
     168
     182
     151
     171
     194
     186
     157
     169
     204
     182
     155
     148
     141
     180
     156
     165
     148
     182
     168
     160
     177
     161
     181
     163
     183
     160
     144
     171
     174
     175
     179
     155
     175
     154
     169
     157
     185
     162
     174
     173
     180
     145
     184
     163
     152
     171
     166
     174
     161
     177
     184
     167
     182
     198
     166
     201
     177
     179
     174
     168
     159
     165
     172
     177
     177
     178
     183
     194
     175
     176
     192
     207
     173
     184
     199
     158
     195
     172
     175
     182
     150
     196
     158
     172
     174
     157
     165
     162
     160
     170
     154
     187
     190
     162
     161
     159
     167
     170
     183
     170
     194
     180
     163
     166
     179
     174
     177
     167
     161
     157
     161
     167
     148
     167
     154
     145
     181
     176
     182
     189
     201
     186
     171
     176
     192
     182
     174
     191
     182
     195
     171
     197
     174
     178
     214
     175
     169
     147
     167
     163
     175
     153
     166
     147
     188
     157
     175
     155
     157
     164
     172
     156
     150
     156
     166
     191
     175
     135
     127
     162
     153
     166
     169
     169
     179
     162
     164
     141
     170
     171
     164
     145
     166
     178
     158
     158
     143
     160
     168
     161
     153
     161
     161
     180
     163
     162
     140
     175
     172
     178
     157
     184
     180
     166
     174
     173
     159
     155
     158
     164
     177
     157
     179
     173
     120
     169
     177
     151
     166
     164
     170
     166
     165
     154
     179
     144
     153
     161
     178
     169
     179
     159
     190
     139
     147
     140
     176
     141
     173
     160
     161
     152
     141
     171
     168
     169
     177
     143
     162
     176
     158
     160
     173
     171
     161
     151
     157
     162
     172
     142
     152
     159
     144
     169
     152
     169
     168
     165
     160
     169
     140
     162
     162
     171
     151
     174
     170
     161
     169
     174
     173
     151
     174
     163
     154
     164
     158
     133
     145
     185
     157
     165
     133
     172
     168
     170
     159
     141
     158
     158
     156
     185
     175
     172
     148
     155
     163
     172
     173
     147
     139
     151
     163
     145
     192
     174
     182
     178
     161
     169
     145
     161
     131
     143
     169
     158
     142
     159
     162
     129
     166
     149
     165
     124
     163
     158
     155
     172
     165
     155
     156
     167
     158
     166
     166
     160
     152
     158
     181
     159
     164
     159
     186
     160
     150
     156
     151
     148
     163
     146
     154
     168
     186
     169
     147
     172
     138
     169
     143
     149
     173
     169
     160
     161
     159
     170
     161
     172
     171
     164
     161
     162
     165
     164
     151
     146
     174
     145
     170
     154
     147
     147
     138
     174
     167
     164
     166
     160
     158
     167
     192
     157
     152
     162
     146
     177
     177
     137
     155
     169
     170
     178
     143
     141
     166
     131
     156
     153
     144
     149
     151
     146
     179
     181
     165
     164
     156
     162
     159
     166
     170
     152
     175
     168
     142
     167
     149
     176
     166
     144
     189
     165
     168
     169
     160
     159
     176
     135
     163
     170
     146
     176
     157
     151
     152
     155
     166
     132
     162
     169
     145
     150
     184
     175
     174
     149
     164
     171
     157
     162
     166
     146
     168
     174
     162
     173
     148
     156
     149
     171
     141
     162
     163
     147
     159
     161
     167
     162
     180
     153
     159
     161
     135
     153
     152
     160
     158
     147
     153
     156
     154
     164
     164
     139
     164
     157
     149
     148
     159
     155
     141
     149
     162
     182
     151
     176
     151
     153
     144
     151
     151
     149
     149
     166
     158
     154
     151
     162
     162
     167
     162
     152
     149
     155
     150
     157
     163
     163
     162
     181
     155
     166
     162
     165
     154
     153
     162
     169
     165
     160
     165
     187
     175
     162
     161
     142
     168
     170
     154
     167
     156
     173
     161
     164
     138
     165
     168
     184
     155
     178
     168
     166
     164
     174
     175
     161
     147
     150
     179
     170
     156
     164
     147
     171
     182
     149
     154
     160
     153
     161
     178
     150
     166
     152
     173
     177
     179
     165
     178
     161
     142
     163
     148
     176
     163
     154
     156
     160
     135
     162
     147
     144
     167
     171
     176
     146
     146
     164
     162
     153
     166
     159
     155
     178
     146
     142
     157
     143
     132
     156
     144
     184
     163
     147
     152
     135
     173
     148
     144
     157
     163
     163
     164
     155
     168
     151
     147
     167
     176
     132
     149
     169
     175
     173
     169
     171
     129
     137
     144
     140
     154
     161
     146
     125
     157
     155
     151
     150
     141
     145
     170
     147
     154
     147
     179
     156
     160
     153
     160
     177
     165
     151
     174
     171
     161
     140
     142
     160
     151
     150
     145
     165
     150
     150
     156
     152
     156
     153
     178
     150
     176
     163
     162
     167
     158
     166
     165
     162
     154
     160
     176
     147
     161
     134
     168
     169
     146
     170
     153
     156
     155
     141
     168
     145
     150
     149
     151
     169
     159
     131
     144
     170
     178
     146
     139
     176
     150
     159
     135
     171
     163
     153
     146
     177
     160
     156
     165
     153
     164
     158
     155
     145
     150
     156
     183
     168
     136
     172
     166
     176
     174
     175
     158
     151
     189
     155
     179
     166
     168
     159
     184
     177
     162
     166
     166
     186
     153
     201
     196
     200
     173
     159
     189
     176
     156
     173
     203
     193
     177
     171
     189
     198
     184
     143
     185
     180
     178
     150
     171
     162
     164
     148
     193
     147
     155
     142
     145
     157
     164
     162
     145
     154
     137
     176
     153
     166
     157
     183
     161
     157
     142
     153
     171
     176
     170
     141
     170
     189
     150
     155
     151
     151
     167
     156
     163
     182
     160
     121
     172
     150
     145
     167
     147
     160
     132
     152
     163
     161
     146
     167
     142
     178
     159
     145
     151
     150
     167
     163
     165
     148
     158
     165
     154
     147
     161
     168
     146
     160
     136
     150
     174
     140
     164
     175
     182
     154
     152
     176
     173
     164
     141
     164
     149
     150
     152
     169
     137
     166
     174
     172
     157
     168
     168
     162
     175
     160
     152
     160
     168
     161
     151
     171
     165
     160
     166
     137
     168
     149
     149
     128
     138
     160
     165
     154
     173
     166
     155
     153
     161
     142
     161
     152
     177
     172
     165
     149
     159
     152
     185
     146
     156
     151
     155
     162
     148
     180
     181
     159
     165
     163
     180
     144
     170
     154
     174
     169
     154
     152
     177
     168
     177
     177
     157
     142
     163
     157
     161
     146
     167
     162
     171
     160
     153
     180
     154
     165
     140
     168
     138
     154
     164
     166
     147
     141
     122
     161
     166
     159
     151
     187
     152
     157
     162
     148
     140
     154
     159
     147
     152
     172
     159
     145
     132
     153
     181
     161
     150
     176
     147
     155
     157
     169
     174
     157
     158
     157
     150
     153
     167
     184
     142
     177
     168
     134
     181
     164
     165
     160
     159
     149
     152
     169
     156
     159
     171
     153
     144
     156
     157
     163
     188
     179
     163
     173
     158
     150
     163
     193
     150
     165
     145
     163
     182
     165
     161
     168
     163
     172
     164
     187
     172
     160
     167
     171
     195
     157
     177
     181
     162
     184
     187
     165
     187
     186
     189
     174
     160
     172
     179
     167
     174
     193
     174
     173
     174
     205
     194
     197
     166
     141
     171
     186
     156
     157
     142
     175
     169
     177
     163
     183
     166
     172
     157
     153
     154
     151
     166
     163
     155
     170
     152
     165
     153
     181
     160
     168
     163
     176
     171
     191
     151
     145
     180
     151
     155
     159
     161
     160
     167
     156
     159
     163
     155
     163
     153
     161
     145
     156
     153
     193
     154
     164
     164
     156
     152
     165
     161
     185
     167
     154
     164
     181
     180
     159
     188
     152
     145
     152
     184
     179
     174
     160
     138
     159
     149
     176
     186
     171
     155
     198
     190
     173
     175
     152
     177
     153
     177
     172
     173
     176
     200
     180
     179
     183
     208
     202
     179
     166
     186
     176
     193
     185
     195
     181
     181
     166
     183
     181
     179
     169
     175
     164
     170
     164
     151
     153
     177
     148
     150
     173
     166
     158
     164
     150
     165
     179
     179
     175
     174
     166
     176
     160
     166
     197
     150
     175
     148
     172
     154
     183
     167
     176
     190
     155
     178
     184
     183
     165
     163
     156
     165
     175
     153
     181
     170
     173
     202
     193
     180
     161
     167
     147
     178
     156
     162
     167
     168
     164
     181
     157
     175
     188
     167
     153
     161
     178
     170
     141
     166
     142
     160
     172
     173
     160
     202
     184
     147
     192
     160
     174
     160
     181
     164
     163
     174
     163
     175
     193
     179
     163
     171
     150
     171
     164
     171
     175
     180
     178
     157
     184
     177
     180
     156
     170
     174
     172
     175
     173
     169
     153
     173
     182
     170
     201
     173
     143
     159
     147
     154
     171
     184
     162
     156
     166
     154
     162
     160
     174
     156
     165
     159
     193
     175
     153
     158
     175
     177
     173
     173
     164
     178
     163
     163
     176
     164
     180
     190
     176
     162
     188
     154
     165
     183
     167
     177
     180
     154
     171
     184
     154
     183
     180
     181
     169
     149
     180
     144
     159
     190
     184
     172
     152
     171
     170
     160
     163
     166
     175
     170
     181
     171
     154
     158
     172
     161
     157
     194
     173
     193
     194
     190
     196
     158
     176
     211
     172
     182
     178
     160
     182
     194
     166
     195
     181
     196
     171
     176
     189
     192
     184
     154
     176
     177
     191
     184
     182
     171
     177
     182
     168
     177
     193
     173
     157
     170
     160
     164
     156
     182
     177
     181
     167
     197
     160
     162
     198
     186
     193
     156
     178
     180
     173
     164
     164
     172
     158
     196
     212
     182
     182
     200
     177
     167
     172
     147
     177
     162
     188
     183
     180
     204
     182
     168
     175
     176
     181
     193
     184
     192
     181
     172
     172
     164
     171
     182
     174
     203
     181
     179
     158
     193
     165
     177
     171
     183
     173
     170
     181
     180
     160
     171
     172
     167
     178
     182
     163
     150
     168
     189
     165
     173
     173
     169
     164
     176
     154
     184
     197
     187
     168
     198
     167
     178
     173
     183
     173
     182
     171
     159
     145
     169
     168
     182
     193
     182
     188
     175
     158
     169
     174
     176
     165
     189
     136
     202
     201
     182
     169
     162
     179
     171
     197
     151
     177
     169
     170
     175
     174
     172
     166
     185
     185
     153
     197
     167
     186
     187
     162
     196
     183
     182
     164
     166
     181
     177
     191
     167
     184
     182
     178
     166
     179
     170
     205
     195
     175
     202
     178
     175
     177
     141
     192
     183
     175
     184
     182
     184
     196
     205
     178
     176
     184
     164
     183
     181
     173
     183
     187
     208
     182
     188
     194
     174
     171
     181
     194
     187
     176
     171
     168
     185
     193
     187
     204
     199
     204
     173
     173
     190
     181
     157
     192
     166
     211
     171
     203
     167
     192
     166
     177
     176
     183
     177
     202
     181
     179
     152
     184
     159
     180
     192
     178
     175
     199
     179
     198
     192
     196
     192
     182
     200
     155
     161
     169
     204
     206
     191
     192
     188
     185
     194
     213
     180
     191
     169
     171
     195
     177
     195
     190
     179
     190
     198
     227
     178
     169
     169
     168
     187
     203
     182
     208
     174
     178
     177
     180
     182
     216
     186
     184
     170
     207
     220
     211
     166
     191
     186
     179
     180
     216
     212
     171
     184
     181
     198
     198
     182
     197
     185
     191
     180
     179
     200
     188
     181
     180
     206
     194
     185
     204
     181
     174
     199
     191
     178
     181
     205
     180
     168
     174
     201
     203
     173
     168
     212
     160
     197
     176
     179
     190
     171
     199
     171
     193
     183
     215
     171
     203
     191
     201
     199
     193
     172
     179
     195
     226
     182
     182
     206
     200
     195
     203
     204
     175
     179
     199
     170
     194
     184
     176
     190
     214
     206
     186
     198
     199
     183
     217
     184
     208
     198
     191
     220
     224
     169
     187
     207
     185
     173
     206
     210
     200
     190
     186
     200
     207
     198
     197
     207
     210
     176
     189
     194
     200
     197
     198
     205
     210
     198
     202
     188
     216
     187
     166
     185
     183
     212
     175
     184
     182
     182
     196
     191
     209
     218
     208
     205
     199
     199
     232
     190
     209
     196
     207
     208
     195
     189
     200
     191
     186
     178
     181
     177
     189
     193
     203
     198
     196
     188
     194
     190
     218
     197
     190
     196
     215
     188
     197
     197
     189
     198
     190
     197
     196
     217
     182
     224
     178
     188
     215
     205
     196
     208
     196
     191
     228
     204
     208
     193
     216
     195
     185
     204
     197
     190
     206
     192
     195
     185
     196
     208
     207
     212
     221
     213
     214
     175
     207
     211
     209
     215
     217
     220
     183
     202
     201
     182
     203
     209
     204
     167
     214
     187
     213
     204
     191
     190
     195
     194
     204
     204
     193
     193
     199
     187
     218
     189
     188
     210
     194
     205
     180
     222
     227
     196
     202
     211
     192
     183
     214
     186
     219
     198
     213
     220
     194
     212
     222
     212
     210
     193
     185
     222
     188
     207
     209
     205
     215
     217
     182
     226
     212
     210
     203
     202
     231
     207
     182
     209
     209
     222
     214
     207
     220
     198
     212
     209
     232
     205
     218
     202
     212
     218
     199
     198
     203
     212
     231
     192
     210
     226
     238
     232
     194
     201
     224
     211
     193
     203
     230
     203
     200
     219
     221
     218
     210
     225
     192
     232
     222
     218
     222
     205
     226
     219
     222
     202
     216
     203
     204
     201
     190
     210
     213
     205
     228
     205
     236
     221
     197
     221
     245
     227
     214
     222
     221
     232
     205
     215
     254
     215
     214
     239
     192
     225
     248
     223
     243
     214
     209
     233
     220
     227
     221
     213
     241
     239
     226
     241
     246
     225
     243
     233
     216
     222
     226
     229
     242
     216
     217
     237
     215
     238
     239
     201
     217
     228
     240
     218
     250
     235
     214
     233
     244
     186
     227
     217
     220
     222
     213
     238
     238
     222
     242
     207
     226
     218
     238
     254
     220
     226
     207
     234
     219
     243
     204
     244
     215
     227
     239
     215
     223
     220
     217
     245
     246
     209
     229
     214
     198
     240
     229
     244
     234
     211
     238
     208
     218
     256
     251
     211
     256
     223
     204
     223
     213
     222
     235
     230
     226
     229
     257
     186
     234
     218
     194
     237
     226
     221
     249
     241
     204
     226
     212
     226
     203
     242
     230
     224
     236
     224
     215
     241
     226
     240
     237
     222
     250
     245
     234
     206
     232
     249
     217
     239
     241
     249
     226
     184
     254
     240
     226
     243
     243
     234
     254
     227
     253
     259
     228
     250
     230
     254
     245
     228
     252
     245
     214
     243
     238
     258
     233
     235
     257
     268
     235
     282
     242
     248
     245
     220
     242
     237
     214
     272
     249
     255
     243
     206
     256
     222
     240
     235
     224
     242
     238
     256
     248
     253
     241
     241
     234
     252
     237
     226
     256
     229
     251
     247
     268
     248
     256
     221
     256
     238
     250
     207
     245
     250
     228
     231
     255
     250
     281
     223
     236
     223
     229
     233
     249
     237
     269
     248
     240
     258
     231
     243
     264
     236
     250
     230
     242
     282
     266
     260
     226
     245
     256
     255
     254
     250
     235
     251
     240
     243
     271
     269
     261
     260
     265
     251
     281
     242
     266
     262
     253
     264
     259
     243
     257
     301
     258
     286
     242
     275
     274
     267
     266
     277
     279
     231
     259
     272
     257
     282
     252
     254
     269
     256
     248
     256
     257
     273
     251
     265
     292
     262
     268
     278
     278
     295
     248
     248
     260
     272
     241
     269
     288
     284
     292
     229
     255
     259
     246
     254
     259
     278
     248
     270
     228
     282
     272
     263
     268
     283
     280
     276
     273
     276
     263
     266
     266
     239
     256
     288
     253
     270
     285
     293
     279
     274
     276
     284
     271
     277
     282
     275
     290
     284
     267
     286
     306
     270
     290
     263
     288
     295
     273
     283
     270
     288
     267
     286
     306
     280
     285
     267
     300
     292
     303
     288
     292
     280
     290
     256
     269
     315
     254
     288
     287
     285
     288
     342
     317
     290
     269
     291
     285
     292
     316
     281
     290
     247
     264
     292
     291
     288
     263
     256
     267
     318
     278
     298
     287
     306
     277
     301
     315
     249
     291
     302
     254
     288
     274
     304
     288
     313
     293
     266
     313
     266
     283
     285
     275
     270
     307
     291
     271
     289
     301
     299
     283
     314
     290
     277
     295
     291
     283
     306
     316
     302
     303
     292
     310
     279
     298
     316
     285
     310
     306
     315
     293
     299
     302
     317
     306
     313
     297
     281
     270
     284
     300
     311
     354
     327
     312
     292
     297
     329
     298
     278
     286
     309
     308
     290
     314
     292
     311
     315
     325
     315
     293
     327
     293
     291
     330
     304
     291
     311
     317
     301
     313
     287
     295
     306
     349
     343
     312
     307
     289
     326
     313
     300
     303
     317
     289
     310
     296
     307
     335
     323
     359
     298
     308
     316
     307
     300
     318
     308
     291
     321
     328
     319
     254
     322
     331
     295
     293
     339
     299
     310
     319
     320
     320
     348
     310
     339
     288
     350
     336
     295
     336
     309
     324
     303
     311
     305
     311
     299
     295
     333
     355
     333
     302
     312
     352
     301
     319
     296
     306
     343
     305
     295
     327
     303
     321
     306
     325
     297
     299
     343
     290
     312
     313
     312
     292
     302
     313
     306
     306
     286
     302
     310
     283
     257
     307
     288
     280
     306
     282
     270
     288
     271
     282
     288
     304
     289
     273
     275
     252
     281
     266
     242
     296
     285
     242
     240
     252
     287
     259
     271
     270
     276
     266
     268
     240
     276
     255
     265
     271
     269
     245
     230
     238
     263
     244
     254
     255
     214
     247
     242
     238
     248
     238
     236
     261
     256
     246
     234
     265
     260
     258
     227
     241
     251
     236
     241
     243
     255
     224
     239
     238
     236
     227
     229
     272
     248
     226
     277
     224
     252
     259
     236
     261
     245
     246
     229
     230
     275
     213
     246
     233
     250
     247
     222
     221
     231
     242
     234
     205
     219
     254
     275
     234
     222
     240
     207
     228
     266
     234
     251
     225
     256
     247
     231
     224
     241
     242
     250
     236
     231
     238
     217
     228
     226
     225
     241
     241
     232
     244
     189
     243
     242
     234
     226
     230
     239
     214
     233
     235
     232
     239
     254
     246
     223
     242
     204
     221
     225
     244
     221
     222
     227
     233
     231
     237
     239
     219
     234
     216
     246
     220
     247
     232
     213
     221
     273
     262
     259
     246
     205
     230
     241
     187
     224
     221
     217
     216
     251
     255
     221
     216
     236
     232
     208
     208
     232
     229
     242
     218
     247
     228
     244
     250
     237
     261
     249
     210
     236
     206
     243
     194
     210
     216
     228
     227
     220
     218
     239
     197
     249
     204
     225
     209
     228
     231
     218
     222
     233
     211
     207
     226
     197
     238
     243
     224
     195
     216
     196
     239
     214
     216
     201
     198
     226
     210
     221
     239
     219
     214
     205
     217
     222
     236
     227
     200
     224
     223
     222
     223
     225
     226
     238
     199
     224
     211
     234
     247
     210
     227
     228
     186
     199
     229
     188
     203
     218
     226
     200
     214
     222
     217
     215
     207
     217
     202
     218
     217
     238
     227
     211
     239
     197
     215
     208
     217
     212
     199
     199
     220
     239
     212
     227
     195
     223
     197
     236
     216
     209
     220
     207
     232
     201
     195
     193
     188
     206
     218
     250
     216
     214
     226
     214
     220
     187
     224
     206
     197
     210
     217
     220
     197
     221
     229
     212
     248
     239
     223
     211
     201
     182
     236
     222
     233
     237
     204
     229
     208
     204
     246
     215
     236
     226
     186
     215
     214
     207
     220
     202
     234
     203
     180
     215
     211
     206
     213
     180
     218
     202
     201
     203
     206
     213
     204
     234
     226
     235
     188
     203
     214
     220
     196
     209
     223
     218
     222
     189
     219
     212
     226
     230
     220
     198
     225
     235
     203
     227
     247
     210
     225
     204
     193
     198
     191
     211
     193
     197
     201
     190
     197
     215
     195
     232
     199
     208
     216
     200
     179
     195
     213
     196
     217
     196
     201
     222
     211
     200
     237
     185
     205
     199
     199
     194
     193
     206
     188
     237
     220
     224
     208
     203
     188
     213
     213
     219
     192
     216
     202
     211
     217
     199
     186
     220
     209
     222
     215
     195
     198
     219
     197
     208
     207
     182
     230
     225
     216
     212
     201
     208
     219
     223
     223
     221
     207
     228
     223
     202
     242
     204
     215
     218
     192
     229
     182
     230
     221
     202
     200
     227
     211
     229
     224
     206
     204
     200
     210
     220
     208
     205
     247
     213
     215
     227
     202
     223
     225
     199
     205
     226
     221
     229
     206
     212
     253
     210
     222
     230
     223
     200
     226
     212
     232
     225
     217
     214
     215
     238
     196
     214
     211
     227
     194
     207
     211
     213
     202
     201
     251
     193
     200
     229
     213
     233
     203
     232
     228
     217
     203
     238
     214
     201
     229
     231
     226
     233
     217
     233
     231
     232
     225
     250
     250
     221
     211
     212
     242
     216
     227
     250
     214
     220
     223
     253
     228
     205
     211
     217
     212
     212
     234
     212
     229
     232
     235
     246
     209
     203
     212
     219
     230
     224
     205
     210
     214
     219
     203
     235
     208
     230
     215
     245
     234
     218
     236
     212
     207
     195
     222
     225
     229
     238
     214
     223
     199
     243
     232
     211
     207
     227
     219
     221
     221
     232
     200
     219
     226
     214
     200
     200
     252
     240
     212
     200
     195
     238
     217
     208
     207
     209
     197
     201
     189
     218
     175
     206
     211
     200
     198
     210
     199
     172
     176
     201
     187
     185
     174
     170
     170
     171
     158
     167
     170
     168
     161
     173
     169
     144
     168
     176
     179
     172
     147
     152
     165
     138
     165
     176
     185
     151
     142
     162
     142
     140
     166
     176
     151
     153
     143
     151
     155
     160
     173
     185
     181
     160
     146
     163
     160
     173
     141
     152
     130
     136
     165
     153
     135
     136
     128
     140
     142
     136
     148
     138
     143
     151
     155
     139
     140
     149
     143
     169
     137
     146
     148
     163
     141
     135
     150
     150
     164
     159
     144
     162
     136
     134
     126
     118
     148
     143
     153
     129
     130
     138
     154
     158
     148
     151
     132
     162
     130
     112
     137
     122
     147
     130
     140
     145
     153
     151
     133
     132
     142
     129
     147
     150
     139
     134
     139
     134
     116
     132
     138
     131
     136
     136
     128
     129
     146
     125
     126
     118
     144
     113
     116
     128
     130
     138
     124
     124
     131
     127
     149
      96
     142
     124
     129
     135
     134
     149
     118
     140
     139
     124
     115
     133
     110
     130
     130
     114
     116
     130
     119
     119
     132
     127
     130
     106
     112
     136
     135
     111
     114
     122
     136
     114
     127
     127
     114
     124
     129
     125
      95
     124
     117
     131
     119
      96
     113
     141
     136
     135
     133
     158
     213
     213
     292
     404
     518
     588
     825
    1104
    1356
    1740
    2007
    2605
    3045
    3469
    3949
    4378
    4856
    5234
    5563
    5730
    5992
    5956
    5908
    6104
    5870
    5730
    5344
    5047
    4885
    4336
    3882
    3372
    2882
    2435
    2083
    1601
    1254
     910
     715
     488
     370
     292
     225
     155
     129
     102
      85
      82
      73
      92
      82
      73
      90
      80
      75
      87
      80
      79
      70
      82
      79
      79
      82
      92
      78
      57
      78
      75
      69
      76
      77
      60
      76
      73
      80
      80
      85
      77
      73
      69
      60
      65
      81
      70
      65
      69
      66
      87
      64
      88
      61
      74
      66
      66
      69
      74
      71
      72
      71
      61
      59
      46
      62
      67
      68
      73
      70
      63
      70
      70
      75
      83
      75
      61
      58
      71
      75
      89
      72
      77
      67
      82
      76
      62
      61
      56
      58
      57
      68
      67
      64
      62
      55
      66
      56
      69
      64
      55
      54
      74
      60
      60
      66
      64
      57
      76
      69
      52
      63
      67
      55
      69
      70
      54
      64
      60
      49
      54
      61
      59
      60
      76
      51
      55
      44
      47
      63
      56
      50
      58
      56
      36
      49
      57
      64
      51
      59
      59
      58
      66
      68
      57
      49
      56
      69
      41
      45
      39
      51
      61
      49
      45
      60
      44
      48
      44
      43
      64
      49
      48
      43
      48
      48
      38
      36
      50
      68
      46
      44
      45
      50
      44
      70
      51
      53
      55
      59
      50
      35
      49
      44
      52
      64
      54
      39
      43
      58
      46
      50
      41
      51
      46
      44
      48
      47
      48
      57
      45
      46
      45
      42
      44
      44
      46
      45
      50
      38
      40
      39
      36
      62
      39
      52
      45
      34
      43
      47
      43
      38
      43
      36
      52
      62
      42
      48
      40
      39
      43
      26
      43
      40
      43
      35
      39
      57
      40
      43
      48
      40
      37
      48
      56
      38
      40
      47
      32
      29
      44
      48
      40
      35
      53
      42
      39
      53
      30
      42
      32
      54
      37
      42
      45
      46
      31
      41
      44
      39
      29
      48
      36
      31
      38
      28
      41
      24
      30
      39
      37
      42
      31
      38
      38
      30
      35
      40
      35
      30
      26
      43
      39
      29
      28
      31
      39
      27
      26
      44
      37
      43
      30
      31
      37
      31
      29
      32
      37
      36
      40
      31
      26
      45
      35
      43
      29
      40
      35
      24
      38
      41
      36
      36
      42
      34
      37
      40
      31
      33
      38
      33
      27
      40
      38
      28
      26
      33
      34
      32
      24
      41
      45
      36
      27
      32
      38
      40
      23
      36
      26
      23
      34
      29
      40
      24
      34
      33
      27
      31
      27
      35
      33
      21
      37
      30
      27
      35
      39
      35
      30
      29
      21
      36
      30
      29
      31
      37
      42
      29
      28
      27
      20
      38
      28
      40
      33
      28
      40
      33
      29
      37
      26
      40
      33
      32
      45
      28
      24
      34
      24
      32
      37
      28
      33
      37
      32
      20
      25
      27
      39
      27
      31
      44
      39
      33
      28
      35
      34
      42
      30
      28
      23
      34
      39
      18
      32
      33
      20
      33
      29
      26
      27
      35
      31
      23
      31
      30
      35
      33
      29
      25
      24
      33
      33
      34
      37
      27
      19
      32
      24
      23
      27
      38
      25
      25
      30
      30
      26
      27
      30
      35
      37
      31
      29
      27
      33
      34
      29
      32
      26
      26
      26
      21
      33
      22
      29
      23
      33
      34
      28
      29
      23
      27
      28
      24
      19
      27
      28
      25
      26
      28
      36
      33
      23
      23
      24
      26
      29
      20
      13
      22
      28
      26
      37
      28
      23
      23
      24
      25
      16
      21
      21
      30
      28
      26
      38
      25
      26
      20
      25
      27
      24
      31
      23
      25
      23
      25
      16
      18
      35
      33
      26
      21
      31
      31
      27
      24
      24
      24
      29
      28
      30
      24
      30
      22
      34
      31
      24
      23
      30
      26
      24
      16
      28
      33
      27
      25
      29
      18
      31
      32
      24
      33
      22
      21
      28
      26
      30
      34
      29
      24
      30
      18
      26
      36
      22
      29
      22
      23
      27
      23
      35
      26
      21
      27
      35
      36
      19
      28
      19
      23
      23
      31
      24
      27
      33
      24
      28
      28
      33
      53
      44
      62
      62
      86
     112
     159
     214
     289
     408
     532
     754
     917
    1156
    1547
    1883
    2266
    2647
    3094
    3588
    3896
    4383
    4548
    4955
    5216
    5378
    5550
    5599
    5509
    5526
    5176
    5035
    4681
    4374
    4053
    3622
    3309
    2766
    2312
    1943
    1586
    1252
     980
     662
     505
     348
     261
     167
     114
      67
      42
      17
      10
      14
       7
      10
       6
       5
       4
       7
       5
       1
       7
      13
       6
       5
       4
       4
       9
       2
       1
       2
       7
       5
       9
       6
       5
       8
       5
       3
       7
       2
       4
       6
       6
       6
       4
       8
       3
       6
       8
       5
       2
       3
       5
       5
       4
       2
       8
       2
       4
       3
       5
       4
       5
       3
       7
       4
       7
       6
       2
       4
       5
       2
       2
       5
       9
       7
       4
       4
       4
       2
       2
       7
       4
       3
       5
       2
       3
       5
       3
       4
       3
       5
       4
       3
       2
       2
       3
       6
       3
       2
       5
       5
       3
       4
       2
       8
       5
       3
       6
       7
       5
       3
       3
       3
       3
       5
       7
       1
       3
       7
       3
       4
       6
       0
       6
       5
       1
       4
       3
       6
       0
       2
       4
       2
       7
       5
       4
       4
       3
       3
       2
       4
       7
       2
       2
       3
       2
       4
       6
       3
       4
       3
       3
       3
       5
       8
       5
       8
       5
       4
       3
       4
       3
      12
       8
       4
       4
       4
       5
       6
       3
       3
       5
      11
       8
       6
       3
       5
       4
       7
       2
       5
       3
       2
       3
       3
       2
       6
       2
       3
       3
       2
       5
       6
       6
       4
       3
       2
       7
       2
       2
       7
       9
       3
       4
       5
       5
       2
       8
       3
       5
       8
       8
       5
       3
       0
       4
       5
       4
       8
       5
       4
       6
       1
       2
       6
       3
       2
      11
       2
      11
       2
       6
       3
       4
       8
       3
       5
      10
       5
       5
       5
       5
       3
       2
       5
       8
       6
       6
       3
       3
       4
       4
       6
       0
       5
       5
       2
       5
       6
       0
       5
       6
       8
       1
       5
       5
       4
       3
       2
       3
       3
       5
       7
       4
       4
       7
       2
       3
       8
       2
       3
       7
       9
       8
       6
       3
       7
       6
       7
       4
       3
       4
       5
       5
       5
       6
       6
       4
       1
       5
       3
       8
       4
       3
       4
       3
       5
       5
       2
       3
       5
       4
       1
       2
       4
       3
       5
       4
       2
       1
       4
       3
       4
       2
      11
       1
       3
       1
       3
       2
       2
       2
       7
       3
       3
       7
       3
      10
       3
       0
       5
       4
       0
       5
       6
       8
       4
       2
       1
       8
       1
       3
       7
       4
       4
       2
       0
       5
       5
       8
       4
       3
       3
       3
       5
       0
       1
       4
       4
       7
       0
       4
       4
       0
       4
       2
       3
       5
       2
       0
       3
       2
       3
       7
       4
       3
       3
       3
       2
       1
       3
       2
       6
       4
       6
       5
       6
       4
       4
       2
       5
       2
       3
       5
       2
       1
       4
       4
       1
       6
       2
       8
       4
       2
       3
       1
       5
       0
       2
       8
       3
       6
       1
       6
       2
       5
       5
       6
       2
       4
       5
       6
       3
       2
       4
       3
       2
       2
       5
       5
       2
       3
      10
       6
       3
       3
       4
       3
       4
       2
       2
       0
       2
       7
       5
       1
       3
       4
       5
       2
       4
       3
       2
       4
       5
       4
       8
       3
       5
       2
       5
       4
       6
      12
       8
       5
       6
       8
       6
       5
       8
       6
       8
      11
       8
       7
      20
      24
      31
      40
      44
      41
      62
      51
      63
      87
      97
      80
      92
      79
      92
      91
     112
     100
      85
      72
      91
      79
      80
      54
      66
      48
      40
      44
      30
      38
      24
      29
       8
      10
       9
       8
       4
       3
       5
       3
       4
       7
       2
       4
       0
       7
       4
       0
       2
       3
       3
       0
       5
       2
       6
       5
       0
       2
       5
       3
       0
       0
       2
       6
       2
       5
       4
       2
       4
       0
       2
       1
       3
       8
       2
       4
       4
       5
       2
       6
       2
       2
       1
       2
       4
       2
       2
       1
       6
       2
       3
       1
       4
       4
       2
       5
       1
       4
       3
       0
       3
       5
       1
       6
       3
       2
       2
       2
       4
       6
       2
       7
       2
       3
       2
       1
       3
       1
       2
       2
       3
       4
       3
       3
       2
       4
       2
       2
       1
       2
       2
       5
       1
       3
       5
       4
       1
       3
       5
       3
       1
       0
       3
       2
       4
       4
       1
       2
       4
       2
       2
       3
       1
       3
       1
       2
       1
       3
       7
       1
       6
       4
       2
       1
       5
       2
       4
       0
       1
       3
       4
       3
       3
       5
       2
       1
       5
       2
       2
       2
       2
       3
       1
       2
       3
       2
       2
       3
       2
       1
       4
       2
       4
       3
       2
       3
       1
       0
       1
       4
       3
       3
       3
       5
       3
       1
       4
       3
       5
       9
       2
       8
       2
       1
       3
      10
       7
       3
       3
       6
       1
       9
       4
       1
       2
       5
       5
       1
       2
       3
       5
       5
       1
       4
       2
       2
       3
       2
       2
       3
       2
       3
       3
       1
       0
       5
       2
       0
       1
       1
       4
       0
       2
       2
       2
       3
       3
       4
       2
       1
       0
       1
       5
       4
       2
       4
       3
       2
       1
       3
       0
       2
       1
       3
       6
       6
       1
       0
       2
       2
       2
       5
       1
       1
       1
       4
       2
       3
       3
       1
       4
       3
       2
       3
       3
       2
       3
       2
       5
       1
       2
       4
       2
       2
       4
       1
       2
       6
       1
       5
       1
       1
       0
       3
       3
       6
       4
       2
       3
       1
       2
       0
       2
       4
       1
       4
       4
       1
       2
       2
       5
       5
       7
       2
       0
       2
       1
       2
       1
       3
       3
       2
       2
       3
       4
       2
       5
       1
       4
       1
       1
       2
       4
       2
       2
       2
       5
       2
       1
       5
       3
       2
       0
       5
       1
       2
       1
       1
       1
       4
       2
       1
       2
       4
       4
       0
       2
       1
       2
       2
       3
       0
       0
       2
       2
       0
       3
       2
       1
       1
       1
       3
       0
       1
       2
       4
       5
       2
       2
       0
       0
       1
       3
       5
       3
       2
       5
       1
       3
       2
       0
       1
       2
       1
       2
       4
       5
       0
       3
       5
       6
       2
       3
       1
       0
       2
       1
       5
       4
       4
       3
       3
       2
       1
       3
       4
       0
       1
       0
       0
       6
       4
       5
       1
       2
       1
       3
       0
       3
       2
       0
       4
       2
       4
       0
       4
       0
       5
       3
       4
       5
       4
       3
       0
       2
       4
       1
       4
       2
       4
       1
       1
       0
       3
       4
       2
       5
       1
       1
       5
       3
       1
       0
       3
       1
       3
       3
       1
       5
       3
       5
       3
       1
       5
       1
       5
       1
       3
       1
       3
       4
       0
       0
       0
       2
       0
       3
       0
       3
       1
       6
       2
       3
       3
       0
       2
       3
       2
       1
       1
       1
       3
       4
       4
       3
       4
       3
       3
       2
       1
       2
       5
       4
       2
       3
       3
       3
       8
       5
       3
       3
       2
       3
       7
       3
       7
       2
       6
       4
       7
       7
       3
       3
       6
       6
       4
       3
       4
       5
       3
       3
       1
       3
       4
       4
       0
       4
       0
       3
       2
       1
       3
       3
       4
       2
       1
       3
       3
       3
       2
       1
       4
       3
       2
       5
       2
       0
       2
       1
       0
       2
       2
       1
       1
       0
       4
       3
       1
       4
       3
       1
       5
       2
       0
       2
       2
       3
       0
       0
       4
       5
       2
       3
       3
       5
       3
       1
       1
       2
       0
       2
       1
       4
       3
       1
       0
       2
       0
       2
       5
       1
       2
       1
       3
       2
       3
       2
       1
       2
       0
       2
       2
       4
       3
       1
       4
       3
       0
       2
       2
       4
       5
       0
       2
       3
       0
       5
       4
       3
       4
       3
       4
       2
       3
       3
       3
       2
       1
       2
       2
       4
       2
       1
       5
       1
       4
       2
       3
       3
       2
       2
       6
       2
       2
       4
       0
       3
       3
       1
       3
       2
       1
       1
       2
       1
       2
       2
       3
       1
       2
       1
       3
       3
       3
       0
       2
       5
       3
       3
       4
       2
       2
       1
       2
       4
       3
       1
       0
       3
       0
       5
       1
       2
       0
       1
       2
       3
       4
       0
       3
       1
       2
       1
       3
       0
       2
       5
       2
       0
       2
       2
       1
       3
       2
       1
       0
       3
       0
       1
       1
       3
       3
       2
       3
       1
       3
       0
       1
       3
       2
       1
       1
       2
       0
       0
       3
       0
       1
       2
       0
       4
       0
       3
       2
       3
       0
       1
       1
       2
       2
       3
       0
       1
       2
       0
       3
       2
       1
       1
       2
       2
       4
       2
       2
       3
       3
       1
       2
       1
       2
       3
       0
       2
       3
       1
       0
       1
       0
       0
       2
       1
       4
       4
       3
       1
       1
       1
       2
       3
       1
       1
       4
       2
       2
       3
       3
       2
       2
       1
       5
       5
       2
       2
       2
       2
       1
       2
       2
       3
       5
       1
       2
       5
       5
       2
       3
       2
       5
       1
       2
       1
       2
       3
       2
       2
       3
       2
       3
       3
       0
       1
       2
       1
       2
       0
       1
       0
       0
       3
       6
       3
       4
       0
       0
       1
       0
       1
       1
       2
       1
       1
       1
       1
       2
       1
       2
       1
       0
       3
       3
       2
       2
       6
       2
       1
       3
       3
       2
       0
       2
       1
       2
       0
       1
       4
       1
       1
       2
       5
       1
       1
       2
       3
       2
       0
       1
       2
       2
       4
       1
       2
       3
       4
       2
       1
       1
       2
       4
       1
       1
       2
       1
       2
       2
       2
       4
       2
       1
       1
       1
       3
       3
       0
       0
       2
       0
       2
       1
       5
       2
       2
       0
       1
       2
       2
       4
       2
       0
       1
       3
       3
       6
       2
       1
       1
       2
       0
       0
       1
       2
       3
       2
       5
       4
       1
       2
       2
       2
       1
       2
       1
       2
       4
       2
       1
       2
       1
       2
       2
       1
       3
       2
       0
       2
       2
       1
       0
       1
       1
       1
       0
       0
       1
       1
       1
       2
       2
       0
       1
       4
       0
       3
       1
       1
       1
       3
       1
       1
       2
       2
       2
       2
       1
       1
       5
       0
       0
       0
       2
       1
       2
       4
       3
       0
       5
       1
       1
       5
       0
       2
       1
       0
       0
       0
       0
       1
       2
       4
       4
       2
       2
       2
       3
       1
       1
       2
       0
       3
       2
       2
       0
       3
       1
       1
       3
       0
       3
       1
       2
       2
       2
       1
       2
       1
       0
       2
       1
       3
       0
       1
       1
       3
       2
       4
       0
       1
       1
       3
       4
       1
       5
       0
       1
       1
       1
       1
       4
       4
       4
       3
       2
       0
       2
       6
       3
       1
       6
       4
       2
       1
       2
       5
       2
       1
       3
       1
       5
       2
       3
       0
       2
       3
       2
       2
       2
       1
       0
       1
       1
       0
       2
       2
       2
       1
       1
       1
       0
       1
       1
       0
       0
       1
       0
       0
       0
       1
       4
       2
       2
       0
       1
       1
       3
       1
       1
       4
       3
       0
       1
       1
       2
       1
       2
       0
       2
       2
       2
       1
       0
       4
       0
       2
       0
       3
       0
       0
       2
       1
       1
       0
       1
       2
       5
       4
       0
       2
       2
       3
       3
       1
       0
       0
       0
       5
       3
       1
       1
       1
       0
       2
       1
       1
       4
       2
       2
       1
       0
       1
       1
       0
       2
       0
       4
       1
       1
       2
       1
       2
       3
       3
       0
       2
       4
       3
       3
       3
       1
       5
       2
       2
       0
       5
       5
       2
       6
       5
       5
       9
       5
      15
       4
      12
       5
       5
       8
       8
      10
      12
      12
       4
      11
       6
      10
       2
       1
       4
       5
       2
       3
       3
       1
       3
       3
       2
       0
       0
       4
       4
       1
       1
       2
       2
       2
       2
       2
       1
       1
       2
       3
       0
       0
       1
       3
       1
       2
       0
       1
       0
       1
       2
       3
       0
       2
       3
       0
       1
       0
       3
       3
       0
       3
       3
       1
       2
       1
       0
       3
       1
       3
       2
       3
       1
       2
       2
       2
       2
       2
       0
       1
       2
       1
       0
       3
       1
       3
       2
       1
       2
       1
       0
       5
       1
       1
       1
       1
       2
       1
       1
       1
       3
       1
       2
       1
       1
       1
       3
       0
       1
       0
       2
       1
       2
       1
       0
       1
       0
       0
       1
       1
       0
       2
       2
       4
       1
       1
       1
       4
       1
       3
       3
       0
       0
       2
       1
       1
       1
       1
       5
       0
       1
       4
       1
       2
       1
       1
       1
       1
       1
       0
       5
       0
       4
       0
       2
       4
       1
       1
       3
       1
       1
       2
       1
       3
       4
       1
       2
       2
       1
       1
       1
       2
       1
       1
       1
       2
       3
       3
       1
       1
       0
       3
       3
       1
       3
       0
       3
       0
       3
       1
       0
       0
       0
       1
       1
       2
       1
       3
       1
       2
       2
       0
       2
       1
       4
       0
       1
       3
       2
       1
       1
       3
       1
       1
       2
       0
       5
       0
       2
       1
       0
       3
       1
       2
       5
       0
       1
       3
       0
       0
       0
       2
       5
       1
       3
       0
       1
       1
       2
       1
       1
       0
       0
       2
       2
       3
       0
       2
       1
       1
       1
       0
       3
       0
       2
       1
       1
       2
       4
       0
       1
       0
       3
       3
       0
       0
       0
       0
       1
       2
       1
       3
       0
       3
       1
       0
       2
       0
       2
       1
       0
       2
       3
       1
       1
       2
       2
       2
       2
       2
       2
       2
       2
       1
       6
       0
       3
       3
       1
       1
       2
       5
       4
       2
       2
       1
       1
       0
       3
       3
       2
       3
       1
       1
       1
       3
       0
       1
       2
       0
       0
       2
       2
       0
       1
       0
       3
       0
       0
       1
       0
       2
       1
       4
       5
       7
       3
       1
       2
       4
       1
       0
       3
       1
       4
       1
       3
       4
       2
       4
       0
       1
       1
       3
       1
       0
       2
       5
       2
       2
       3
       1
       4
       0
       1
       0
       0
       0
       2
       1
       1
       1
       2
       1
       2
       0
       1
       2
       2
       2
       1
       0
       1
       1
       4
       3
       2
       0
       0
       1
       0
       0
       2
       1
       1
       0
       3
       1
       0
       2
       1
       0
       0
       2
       0
       1
       2
       2
       0
       0
       0
       0
       4
       2
       0
       1
       3
       0
       0
       2
       2
       0
       0
       0
       1
       2
       4
       3
       5
       0
       0
       1
       2
       1
       0
       4
       0
       0
       1
       2
       4
       0
       1
       1
       3
       1
       1
       1
       1
       1
       0
       1
       0
       1
       2
       0
       2
       1
       0
       2
       1
       1
       0
       3
       0
       4
       2
       2
       2
       0
       2
       2
       0
       3
       3
       2
       2
       1
       1
       1
       2
       1
       1
       1
       1
       2
       2
       1
       2
       0
       0
       0
       1
       2
       1
       0
       3
       0
       4
       3
       2
       2
       4
       2
       1
       1
       5
       0
       0
       5
       2
       3
       3
       2
       0
       1
       1
       1
       3
       1
       0
       2
       3
       1
       2
       2
       2
       2
       2
       1
       0
       1
       1
       0
       2
       0
       1
       2
       1
       1
       3
       1
       3
       1
       5
       1
       0
       0
       7
       3
       1
       3
       3
       0
       2
       0
       1
       2
       1
       3
       5
       3
       1
       0
       1
       2
       4
       3
       0
       2
       1
       0
       1
       0
       2
       4
       1
       0
       1
       4
       1
       3
       1
       3
       2
       1
       3
       2
       2
       2
       5
       2
       1
       1
       0
       1
       5
       1
       0
       5
       0
       1
       2
       0
       0
       1
       2
       0
       1
       0
       2
       3
       0
       0
       2
       1
       2
       1
       0
       2
       2
       4
       1
       0
       2
       0
       0
       2
       0
       2
       1
       3
       1
       0
       3
       2
       0
       1
       2
       1
       1
       2
       1
       0
       2
       3
       2
       1
       2
       2
       1
       1
       0
       3
       3
       2
       1
       0
       2
       4
       1
       3
       0
       3
       3
       2
       0
       0
       2
       2
       1
       2
       2
       1
       1
       5
       1
       4
       3
       0
       2
       0
       1
       2
       0
       1
       0
       1
       3
       3
       5
       0
       0
       0
       5
       2
       1
       1
       0
       4
       2
       2
       0
       1
       2
       0
       2
       1
       0
       3
       0
       0
       2
       0
       0
       1
       2
       2
       2
       0
       0
       1
       2
       0
       0
       1
       0
       1
       3
       3
       3
       2
       1
       2
       1
       1
       4
       1
       4
       2
       1
       3
       1
       2
       2
       0
       1
       1
       2
       4
       2
       2
       0
       4
       3
       0
       2
       1
       2
       2
       1
       1
       1
       2
       1
       0
       0
       1
       1
       2
       0
       1
       2
       3
       2
       2
       2
       1
       1
       0
       3
       2
       2
       0
       2
       1
       2
       0
       2
       1
       4
       1
       1
       1
       1
       1
       1
       0
       0
       1
       1
       1
       3
       2
       2
       0
       2
       2
       3
       1
       4
       0
       1
       1
       1
       1
       1
       0
       2
       4
       0
       0
       2
       1
       3
       1
       2
       5
       3
       0
       4
       3
       1
       1
       1
       1
       0
       1
       1
       0
       1
       1
       1
       3
       0
       1
       0
       2
       1
       0
       1
       2
       0
       2
       0
       4
       1
       1
       2
       1
       2
       2
       0
       1
       0
       1
       0
       2
       1
       0
       2
       1
       1
       2
       2
       1
       1
       1
       0
       1
       1
       2
       2
       0
       2
       1
       2
       1
       0
       0
       0
       1
       0
       1
       0
       1
       1
       0
       1
       0
       1
       0
       0
       0
       1
       2
       2
       1
       0
       0
       1
       3
       0
       1
       3
       2
       0
       1
       2
       3
       2
       1
       1
       1
       2
       0
       1
       3
       0
       0
       0
       2
       1
       1
       3
       2
       0
       1
       2
       2
       0
       2
       0
       1
       0
       0
       0
       0
       0
       0
       0
       0
       0
       0
       0
       0
       0
       0
       0
       0
       0
       0
       0
       0
       0
       0
       0
       0
       0
       0
       0
       0
       0
       0
       0
       0
       0
       0
       0
       0
       0
       0
       0
       0
       0
       0
       0
       0
       0
       0
       0
       0
       0
       0
       0
       0
       0
       0
       0
       0
       0
       0
       0
       0
       0
       0
       0
       0
       0
       0
       0
       0
       0
       0
       0
       0
       0
       0
       0
       0
       0
       0
       0
       0
       0
       0
       0
       0
       0
       0
       0
       0
       0
       0
       0
       0
       0
       0
       0
       0
       0
       0
       0
       0
       0
       0
       0
       0
       0
       0
       0
       0
       0
       0
       0
       0
       0
       0
       0
       0
       0
       0
       0
       0
       0
       0
       0
       0
       0
       0
       0
       0
$ROI:
0
$PRESETS:
None
0
0
$ENER_FIT:
0.000000 0.536422
$MCA_CAL:
3
0.000000E+000 5.364218E-001 0.000000E+000 keV
$SHAPE_CAL:
3
3.032570E+000 0.000000E+000 0.000000E+000
