$SPEC_ID:
No sample description was entered.
$SPEC_REM:
DET# 1
DETDESC# DESKTOP-AKUPN2F Easy-MCA-8k SN 09022236
AP# Maestro Version 7.01
$DATE_MEA:
02/01/2017 16:48:36
$MEAS_TIM:
73371 73758
$DATA:
0 8191
       0
       0
       0
       0
       0
       0
       0
       0
      14
      14
      22
      13
       7
      13
       2
       3
       0
       0
       0
       0
       0
       0
       0
       0
       0
       0
       0
       0
       0
       0
       0
       0
       0
       0
       0
       0
       0
       0
       0
       0
       0
       0
       0
       0
       0
       0
       0
       0
       0
       0
       0
       0
       0
       0
       0
       0
       0
       9
      58
     296
     846
    1158
    2578
   10649
   16553
   13130
   11235
   10126
    8377
    8051
    6306
    5081
    4644
    4620
    4556
    4595
    4632
    4646
    4803
    4884
    5136
    5527
    5791
    6266
    6749
    6689
    6982
    7060
    6925
    7039
    6901
    6995
    7017
    7151
    7271
    7430
    7714
    7702
    7680
    7568
    7163
    7014
    6371
    5834
    5750
    5339
    5047
    5168
    5025
    4972
    4878
    4927
    4899
    4617
    4467
    4491
    4118
    4172
    3999
    3927
    3957
    3945
    3801
    3805
    3733
    3810
    3722
    3710
    3664
    3757
    3761
    3704
    3701
    3734
    3702
    3709
    3671
    3700
    3578
    3772
    3623
    3657
    3589
    3515
    3522
    3702
    3510
    3699
    3678
    3596
    3520
    3539
    3490
    3671
    3645
    3584
    3358
    3558
    3546
    3514
    3698
    3606
    3673
    3598
    3669
    3733
    3600
    3611
    3634
    3647
    3696
    3720
    3750
    3779
    3701
    3803
    3871
    3838
    4000
    3928
    3937
    3963
    3917
    3886
    3854
    3966
    4019
    4164
    4184
    4131
    4266
    4246
    4199
    4143
    4437
    4271
    4262
    4351
    4360
    4393
    4382
    4508
    4577
    4422
    4596
    4555
    4633
    4666
    4578
    4697
    4670
    4872
    4871
    4985
    5165
    5024
    5053
    5168
    5186
    5385
    5159
    5380
    5412
    5591
    5484
    5576
    5582
    5702
    5791
    5891
    5934
    6002
    6116
    5994
    6107
    6199
    6289
    6200
    6470
    6396
    6390
    6619
    6709
    6599
    6677
    6695
    6882
    6848
    6895
    7017
    6856
    7127
    7211
    7247
    7133
    7239
    7230
    7368
    7479
    7487
    7517
    7552
    7578
    7673
    7591
    7493
    7626
    7699
    7852
    7834
    7966
    7879
    8041
    8156
    8438
    8639
    8930
    9308
    9789
   10360
   10563
   11192
   11511
   11861
   12313
   12822
   13536
   12806
   13285
   13965
   14454
   14944
   15401
   15619
   15269
   15277
   15506
   14862
   14883
   14618
   14369
   14237
   13913
   13736
   13470
   13189
   12729
   11892
   11374
   10562
   10086
    9558
    9252
    8905
    8948
    8738
    8694
    8789
    8687
    8436
    8524
    8681
    8696
    8827
    8877
    8889
    9411
    9589
    9774
   10009
   10435
   10612
   10656
   11063
   10794
   10826
   11043
   11105
   11186
   11303
   11400
   11408
   11811
   11725
   11747
   11731
   11493
   11031
   10797
   10753
   10373
   10203
   10055
    9773
    9748
    9695
    9713
    9461
    9420
    9459
    9221
    9017
    9264
    9002
    9154
    9218
    9108
    9116
    9121
    9201
    9180
    9078
    9034
    9105
    8973
    9184
    9094
    9132
    8934
    9274
    9048
    9109
    8981
    9146
    9003
    9046
    8901
    8890
    8986
    8978
    8872
    9052
    9072
    8992
    8911
    8953
    9094
    8963
    9062
    8967
    8789
    8932
    9039
    8881
    9054
    8986
    8846
    8884
    9083
    8950
    8818
    8857
    8902
    8764
    8817
    8801
    8766
    8872
    8643
    8692
    8807
    8800
    8918
    8722
    8792
    8815
    8829
    8674
    8873
    8852
    8892
    8690
    8695
    8628
    8867
    8586
    8688
    8709
    8557
    8621
    8630
    8817
    8743
    8604
    8740
    8756
    8668
    8701
    8610
    8602
    8728
    8617
    8539
    8665
    8564
    8558
    8583
    8216
    8354
    8380
    8526
    8428
    8349
    8449
    8368
    8284
    8436
    8391
    8500
    8341
    8295
    8235
    8340
    8324
    8297
    8258
    8250
    8439
    8315
    8224
    8127
    8135
    8077
    8272
    8223
    8129
    8168
    8302
    7990
    7951
    8151
    8107
    8151
    7829
    7964
    7918
    7938
    8138
    7968
    7936
    7969
    7912
    7844
    7872
    7767
    7916
    7929
    7788
    7935
    7828
    7877
    7856
    7879
    7880
    7874
    7844
    7745
    7659
    7576
    7762
    7846
    7672
    7583
    7728
    7524
    7621
    7618
    7551
    7516
    7586
    7463
    7503
    7345
    7429
    7538
    7397
    7387
    7469
    7426
    7349
    7398
    7235
    7248
    7345
    7285
    7230
    7305
    7223
    7107
    7148
    7147
    7075
    7015
    7020
    6999
    6995
    6942
    7069
    6991
    7131
    6988
    6950
    6921
    7004
    6829
    6785
    6900
    6905
    6892
    6827
    6859
    6775
    6761
    6858
    6695
    6720
    6655
    6726
    6662
    6652
    6471
    6618
    6584
    6556
    6581
    6558
    6440
    6530
    6546
    6466
    6412
    6434
    6585
    6495
    6430
    6349
    6511
    6263
    6392
    6263
    6338
    6190
    6235
    6211
    6202
    6182
    6340
    6180
    6177
    6307
    6098
    6205
    6023
    6189
    6177
    6228
    5990
    6097
    5899
    6162
    5963
    5834
    6008
    6063
    6015
    5976
    5847
    5768
    5739
    5928
    5816
    5859
    5661
    5762
    5746
    5660
    5548
    5674
    5536
    5583
    5644
    5729
    5738
    5655
    5730
    5617
    5462
    5550
    5504
    5447
    5270
    5529
    5364
    5460
    5489
    5448
    5218
    5455
    5237
    5278
    5381
    5259
    5249
    5207
    5319
    5137
    5333
    5293
    5149
    5147
    5028
    5232
    5097
    5005
    5057
    5172
    5096
    5027
    4952
    5037
    5085
    4936
    5082
    4905
    5015
    5035
    4942
    4917
    5012
    4875
    5005
    4947
    4842
    4815
    4908
    4759
    4913
    4835
    4754
    4780
    4805
    4813
    4707
    4772
    4731
    4646
    4763
    4518
    4516
    4627
    4581
    4584
    4681
    4552
    4590
    4462
    4476
    4569
    4532
    4542
    4566
    4469
    4541
    4469
    4666
    4390
    4491
    4366
    4434
    4335
    4437
    4446
    4358
    4294
    4384
    4433
    4370
    4373
    4321
    4373
    4395
    4383
    4456
    4436
    4376
    4435
    4435
    4455
    4211
    4356
    4373
    4365
    4268
    4269
    4288
    4185
    4243
    4300
    4121
    4190
    4071
    4116
    4056
    4140
    4027
    3924
    3930
    3971
    4009
    4060
    3909
    3890
    3857
    3924
    3986
    3960
    3887
    4006
    3794
    3934
    3916
    3842
    3747
    3854
    3670
    3871
    3925
    3703
    3898
    3736
    3783
    3648
    3637
    3697
    3752
    3727
    3730
    3658
    3689
    3681
    3538
    3617
    3671
    3696
    3601
    3617
    3690
    3700
    3572
    3495
    3631
    3574
    3544
    3510
    3509
    3563
    3404
    3618
    3553
    3579
    3551
    3510
    3550
    3560
    3614
    3480
    3479
    3399
    3363
    3345
    3524
    3477
    3503
    3440
    3411
    3532
    3414
    3520
    3403
    3501
    3361
    3490
    3421
    3370
    3347
    3456
    3459
    3541
    3366
    3356
    3284
    3402
    3403
    3331
    3335
    3285
    3206
    3224
    3311
    3223
    3238
    3274
    3247
    3300
    3209
    3281
    3227
    3239
    3127
    3213
    3205
    3259
    3101
    3217
    3173
    3052
    3197
    3213
    3257
    3188
    3133
    3053
    3170
    3145
    3153
    3221
    3098
    3197
    3083
    3161
    3184
    3194
    3026
    3128
    3213
    3200
    3205
    3120
    3185
    3077
    3091
    3103
    2989
    3172
    3060
    3067
    2984
    2936
    3032
    3058
    3083
    2971
    2953
    3033
    3067
    2921
    2991
    2935
    2980
    2891
    2943
    2926
    3004
    2840
    2921
    2856
    2921
    2891
    2899
    2915
    2815
    2892
    2804
    2871
    2911
    2868
    2869
    2847
    2875
    2803
    2874
    2763
    2769
    2868
    2810
    2893
    2871
    2922
    3060
    2956
    3126
    3080
    3247
    3347
    3461
    3508
    3435
    3442
    3497
    3573
    3507
    3493
    3555
    3561
    3601
    3669
    3509
    3655
    3629
    3543
    3593
    3463
    3175
    3213
    3101
    2833
    2903
    2807
    2765
    2776
    2761
    2702
    2705
    2648
    2634
    2622
    2597
    2534
    2498
    2508
    2503
    2419
    2519
    2476
    2380
    2449
    2377
    2469
    2364
    2401
    2525
    2454
    2372
    2348
    2269
    2473
    2456
    2409
    2417
    2473
    2466
    2429
    2402
    2327
    2349
    2421
    2309
    2354
    2293
    2373
    2390
    2357
    2358
    2297
    2313
    2276
    2248
    2351
    2340
    2399
    2319
    2353
    2330
    2427
    2374
    2354
    2257
    2356
    2240
    2304
    2319
    2305
    2252
    2342
    2263
    2258
    2203
    2319
    2190
    2329
    2098
    2230
    2242
    2242
    2156
    2206
    2228
    2169
    2242
    2113
    2258
    2205
    2180
    2228
    2181
    2181
    2141
    2080
    2158
    2235
    2189
    2090
    2134
    2216
    2190
    2151
    2105
    2148
    2128
    2170
    2178
    2159
    2207
    2224
    2179
    2109
    2287
    2155
    2179
    2191
    2151
    2134
    2112
    2154
    2202
    2187
    2151
    2157
    2135
    2153
    2186
    2048
    2031
    2088
    1995
    2018
    2138
    2012
    2048
    1972
    2009
    2057
    2026
    2082
    2027
    2060
    2031
    1956
    2041
    2058
    2043
    2039
    2048
    1944
    2031
    2022
    2040
    1993
    1994
    1988
    1908
    1987
    1916
    1993
    1889
    2008
    1919
    1888
    1963
    1894
    1918
    1893
    1919
    1981
    1917
    1953
    1861
    1917
    1892
    1910
    1851
    1922
    1903
    1902
    1761
    1928
    1849
    1825
    1845
    1906
    1869
    1837
    1968
    1930
    1811
    1861
    1860
    1900
    1903
    1725
    1841
    1841
    1856
    1813
    1835
    1790
    1821
    1899
    1829
    1984
    1928
    1937
    2081
    2168
    2125
    2130
    2121
    2082
    2005
    2123
    2099
    2069
    2146
    2180
    2088
    2044
    2010
    2039
    2190
    1934
    2046
    1939
    1987
    1895
    1836
    1826
    1762
    1801
    1762
    1768
    1711
    1731
    1856
    1754
    1760
    1788
    1782
    1741
    1765
    1761
    1700
    1773
    1716
    1702
    1678
    1741
    1677
    1667
    1727
    1697
    1642
    1575
    1634
    1748
    1675
    1627
    1707
    1715
    1652
    1690
    1608
    1616
    1632
    1659
    1570
    1658
    1680
    1759
    1650
    1605
    1660
    1578
    1668
    1626
    1684
    1674
    1639
    1578
    1624
    1635
    1579
    1611
    1645
    1623
    1620
    1564
    1619
    1579
    1589
    1618
    1573
    1643
    1570
    1588
    1594
    1544
    1518
    1532
    1565
    1550
    1602
    1528
    1558
    1589
    1526
    1534
    1616
    1536
    1571
    1513
    1541
    1593
    1576
    1525
    1531
    1518
    1549
    1564
    1487
    1551
    1507
    1522
    1563
    1504
    1506
    1511
    1492
    1544
    1573
    1513
    1470
    1526
    1565
    1497
    1556
    1577
    1579
    1606
    1512
    1573
    1460
    1600
    1491
    1529
    1536
    1552
    1532
    1553
    1652
    1531
    1498
    1504
    1489
    1529
    1473
    1442
    1577
    1512
    1564
    1525
    1444
    1508
    1475
    1475
    1422
    1553
    1518
    1434
    1459
    1417
    1442
    1509
    1503
    1466
    1510
    1508
    1547
    1501
    1602
    1656
    1583
    1617
    1548
    1584
    1533
    1627
    1623
    1590
    1604
    1630
    1533
    1636
    1614
    1504
    1540
    1521
    1516
    1494
    1364
    1413
    1355
    1457
    1361
    1366
    1331
    1360
    1368
    1333
    1404
    1323
    1431
    1370
    1314
    1416
    1335
    1367
    1327
    1339
    1380
    1361
    1339
    1275
    1356
    1348
    1364
    1511
    1446
    1504
    1571
    1697
    1697
    1793
    1863
    1911
    1963
    1987
    1958
    1992
    1930
    1885
    1932
    1868
    1843
    1917
    1914
    2004
    1918
    1915
    1808
    1805
    1687
    1606
    1467
    1392
    1464
    1380
    1263
    1278
    1247
    1335
    1263
    1276
    1274
    1258
    1288
    1250
    1237
    1305
    1300
    1214
    1218
    1241
    1248
    1272
    1228
    1230
    1256
    1201
    1219
    1242
    1194
    1196
    1189
    1299
    1254
    1197
    1224
    1236
    1212
    1240
    1255
    1243
    1268
    1205
    1238
    1266
    1300
    1232
    1201
    1181
    1178
    1209
    1191
    1231
    1170
    1211
    1180
    1252
    1265
    1254
    1239
    1257
    1176
    1180
    1248
    1216
    1213
    1182
    1191
    1195
    1247
    1214
    1193
    1170
    1223
    1210
    1187
    1244
    1144
    1226
    1198
    1211
    1222
    1220
    1212
    1155
    1180
    1160
    1183
    1131
    1150
    1175
    1161
    1135
    1204
    1163
    1183
    1128
    1213
    1193
    1138
    1138
    1075
    1184
    1154
    1142
    1205
    1209
    1149
    1149
    1190
    1119
    1175
    1237
    1168
    1187
    1142
    1155
    1158
    1161
    1184
    1134
    1163
    1166
    1169
    1107
    1182
    1228
    1163
    1217
    1153
    1183
    1229
    1203
    1190
    1184
    1089
    1163
    1125
    1183
    1102
    1119
    1073
    1090
    1118
    1151
    1130
    1121
    1074
    1127
    1145
    1115
    1052
    1187
    1121
    1117
    1158
    1123
    1150
    1159
    1037
    1115
    1110
    1199
    1084
    1176
    1129
    1112
    1113
    1118
    1146
    1131
    1085
    1130
    1104
    1122
    1100
    1100
    1111
    1143
    1065
    1153
    1165
    1159
    1049
    1161
    1097
    1104
    1082
    1096
    1101
    1079
    1103
    1140
    1122
    1087
    1063
    1109
    1042
    1097
    1081
    1022
    1074
    1094
    1173
    1080
    1079
    1017
    1040
    1127
    1082
    1075
    1093
    1030
    1129
    1107
    1085
    1166
    1102
    1141
    1096
    1125
    1140
    1089
    1044
    1063
    1078
    1088
    1158
    1098
    1123
    1096
    1075
    1072
    1038
    1007
     991
    1043
    1150
    1088
    1096
    1051
    1074
    1031
    1066
    1004
    1015
    1041
    1065
    1036
    1064
    1016
    1077
    1035
    1041
    1010
    1043
    1082
     978
    1070
    1044
     967
     962
    1007
     995
     985
    1066
    1058
    1018
    1009
    1031
     995
    1057
    1012
    1012
    1086
    1000
    1068
     997
     970
     971
    1006
    1054
    1013
    1003
    1024
    1052
     916
    1065
    1000
    1014
    1035
    1071
    1046
     949
    1005
    1018
     995
    1070
     953
     981
     990
    1039
    1024
    1044
    1019
    1025
     990
     997
    1063
     997
    1030
     968
     980
    1006
    1035
     995
    1021
     990
    1007
     917
     993
    1016
    1001
     959
     969
     931
    1016
    1011
     985
     987
     983
     992
     996
    1013
     977
     993
    1008
    1016
     995
     984
     990
     936
     982
     914
     988
     961
     967
    1012
    1053
    1035
     974
    1000
     945
     977
     956
     934
     965
     934
     943
     955
     934
     981
     958
     950
     936
     942
     984
     967
     962
     979
     907
     891
     899
     960
     946
     946
     899
     924
     917
     971
     977
     875
     909
     872
     975
     962
     916
     898
     955
     921
     961
     928
     941
     911
     945
     914
     933
     902
     956
     922
     925
     961
     900
     928
     944
     925
     921
     930
     944
     958
     951
     928
     908
     906
     915
     925
     915
     913
     898
     935
     971
     883
     955
     934
     889
     960
     950
     956
     949
     957
     956
     970
    1016
     959
     894
     943
     982
     983
    1019
    1029
    1010
     980
     929
     998
     990
    1042
     897
     993
     985
     955
     863
     922
     919
     847
     865
     868
     861
     873
     858
     898
     827
     902
     911
     861
     901
     937
     898
     855
     856
     973
     891
     917
     844
     910
     869
     874
     866
     876
     928
     928
     882
     840
     876
     852
     921
     850
     844
     891
     888
     956
     858
     902
     894
     929
     854
     897
     873
     885
     875
     878
     872
     873
     900
     873
     910
     860
     872
     852
     903
     859
     859
     838
     904
     857
     870
     794
     804
     894
     878
     838
     842
     852
     855
     815
     863
     844
     846
     866
     855
     903
     844
     864
     846
     793
     898
     905
     854
     800
     890
     830
     869
     838
     868
     800
     836
     896
     850
     865
     875
     817
     850
     826
     808
     815
     846
     839
     819
     846
     859
     882
     860
     846
     808
     826
     810
     844
     808
     841
     850
     787
     865
     835
     847
     835
     819
     800
     812
     807
     840
     790
     813
     862
     844
     867
     853
     820
     854
     855
     820
     817
     845
     806
     860
     839
     853
     813
     860
     813
     854
     824
     825
     860
     817
     842
     801
     863
     834
     852
     877
     867
     845
     856
     901
     840
     907
     913
     894
     948
     969
    1026
    1070
    1134
    1106
    1175
    1200
    1213
    1284
    1300
    1289
    1257
    1262
    1311
    1258
    1280
    1254
    1314
    1244
    1213
    1181
    1163
    1153
    1097
    1018
    1011
     921
     928
     944
     861
     909
     842
     859
     766
     842
     775
     797
     837
     751
     783
     836
     788
     783
     805
     795
     757
     775
     807
     802
     770
     823
     760
     800
     778
     774
     799
     781
     764
     735
     777
     808
     815
     795
     842
     779
     752
     759
     759
     803
     814
     748
     734
     773
     849
     839
     792
     789
     820
     764
     758
     783
     801
     818
     819
     763
     800
     803
     738
     738
     792
     761
     848
     764
     794
     840
     790
     758
     696
     745
     766
     803
     755
     757
     779
     752
     776
     763
     781
     799
     741
     840
     792
     809
     799
     745
     764
     784
     706
     791
     804
     809
     740
     789
     711
     738
     771
     804
     753
     822
     772
     829
     774
     762
     762
     788
     786
     727
     763
     794
     744
     729
     744
     733
     778
     758
     724
     777
     749
     749
     814
     736
     767
     786
     737
     792
     761
     756
     776
     720
     756
     800
     826
     707
     790
     771
     796
     757
     788
     838
     740
     710
     830
     813
     765
     739
     770
     756
     756
     726
     830
     736
     738
     748
     765
     703
     747
     728
     747
     737
     742
     753
     774
     801
     753
     788
     708
     748
     819
     735
     757
     773
     751
     796
     782
     730
     762
     755
     765
     763
     734
     813
     754
     795
     776
     743
     747
     747
     765
     750
     723
     746
     753
     833
     710
     764
     776
     751
     733
     762
     808
     820
     733
     720
     760
     702
     711
     745
     756
     741
     752
     795
     713
     824
     718
     706
     705
     744
     696
     760
     785
     741
     758
     727
     724
     740
     731
     717
     737
     814
     767
     677
     756
     713
     720
     742
     750
     746
     729
     741
     739
     795
     770
     731
     723
     730
     695
     725
     772
     769
     746
     767
     777
     744
     747
     775
     767
     750
     704
     782
     742
     811
     855
     805
     901
     933
    1014
    1047
    1096
    1124
    1113
    1100
    1138
    1156
    1188
    1181
    1110
    1181
    1175
    1190
    1118
    1183
    1156
    1130
    1114
     954
    1013
     961
     903
     826
     800
     754
     713
     709
     731
     741
     781
     657
     682
     711
     678
     723
     720
     714
     749
     677
     708
     678
     717
     659
     728
     727
     701
     700
     708
     741
     685
     735
     678
     650
     722
     729
     705
     727
     705
     702
     737
     701
     700
     681
     695
     711
     705
     701
     690
     701
     706
     706
     716
     758
     723
     717
     695
     713
     695
     718
     666
     720
     693
     750
     687
     696
     745
     736
     719
     696
     692
     673
     715
     734
     717
     730
     685
     699
     754
     770
     778
     765
     861
     957
     974
    1047
    1162
    1189
    1299
    1334
    1345
    1356
    1324
    1420
    1297
    1392
    1406
    1377
    1429
    1319
    1350
    1344
    1331
    1253
    1213
    1097
    1060
     998
     894
     815
     813
     766
     726
     678
     691
     687
     720
     700
     676
     660
     688
     720
     717
     670
     687
     674
     671
     679
     624
     682
     638
     674
     690
     658
     676
     684
     698
     699
     672
     636
     721
     724
     688
     661
     692
     645
     669
     686
     649
     674
     688
     691
     604
     699
     680
     689
     653
     658
     667
     698
     689
     752
     695
     650
     705
     673
     653
     667
     671
     674
     694
     713
     665
     686
     712
     656
     673
     693
     669
     667
     675
     689
     648
     644
     666
     661
     628
     737
     628
     651
     703
     689
     701
     645
     694
     671
     649
     673
     731
     707
     692
     677
     707
     646
     669
     701
     639
     684
     664
     705
     637
     638
     649
     632
     635
     625
     640
     719
     621
     634
     619
     650
     689
     689
     731
     648
     640
     646
     650
     656
     659
     682
     690
     658
     679
     710
     616
     672
     698
     612
     691
     714
     608
     673
     655
     648
     672
     688
     681
     712
     637
     673
     645
     635
     627
     675
     632
     704
     667
     654
     654
     679
     667
     677
     701
     719
     630
     704
     641
     666
     614
     662
     639
     591
     702
     653
     628
     607
     688
     620
     677
     661
     646
     657
     639
     639
     671
     680
     658
     623
     641
     660
     723
     659
     667
     713
     734
     780
     802
     834
     869
     858
     852
     854
     820
     889
     831
     842
     873
     869
     840
     818
     858
     884
     843
     832
     798
     815
     821
     739
     705
     736
     679
     701
     651
     696
     696
     678
     674
     663
     671
     675
     721
     661
     622
     645
     635
     660
     666
     660
     655
     666
     661
     672
     597
     635
     640
     623
     641
     675
     673
     663
     694
     693
     669
     665
     654
     615
     653
     646
     671
     636
     648
     679
     645
     648
     650
     653
     683
     621
     627
     634
     644
     701
     634
     654
     654
     648
     693
     581
     702
     627
     629
     661
     615
     676
     661
     685
     641
     668
     640
     668
     667
     669
     609
     623
     626
     639
     674
     668
     665
     668
     634
     666
     656
     625
     603
     652
     648
     627
     616
     653
     659
     637
     666
     626
     705
     628
     645
     647
     571
     688
     632
     660
     628
     631
     621
     619
     624
     633
     684
     686
     623
     673
     665
     645
     655
     632
     663
     638
     706
     685
     660
     603
     658
     687
     629
     666
     672
     662
     609
     648
     641
     651
     652
     662
     646
     649
     672
     629
     701
     636
     659
     678
     662
     669
     668
     649
     667
     662
     666
     641
     639
     666
     624
     644
     631
     644
     648
     634
     645
     640
     675
     644
     635
     658
     670
     656
     665
     626
     656
     658
     659
     645
     634
     637
     601
     649
     665
     592
     630
     638
     646
     622
     673
     643
     635
     660
     628
     647
     593
     637
     662
     622
     673
     641
     632
     608
     621
     669
     630
     625
     636
     665
     634
     598
     614
     622
     659
     674
     656
     642
     675
     633
     627
     651
     623
     666
     638
     629
     596
     644
     646
     647
     626
     658
     684
     677
     665
     631
     653
     623
     680
     607
     643
     677
     633
     626
     678
     638
     699
     645
     711
     679
     684
     704
     726
     765
     697
     728
     775
     704
     739
     717
     739
     753
     726
     772
     748
     681
     691
     664
     688
     699
     691
     656
     623
     635
     650
     625
     637
     627
     601
     655
     651
     672
     640
     674
     650
     614
     674
     593
     642
     632
     618
     663
     646
     633
     621
     613
     617
     631
     601
     697
     616
     631
     624
     619
     653
     640
     664
     588
     642
     620
     615
     644
     651
     621
     660
     610
     638
     640
     667
     648
     662
     636
     577
     627
     605
     656
     659
     634
     664
     641
     647
     655
     651
     608
     640
     638
     609
     616
     598
     617
     630
     602
     707
     620
     631
     659
     615
     605
     662
     612
     648
     615
     637
     692
     644
     657
     644
     647
     633
     674
     680
     665
     672
     661
     628
     613
     595
     677
     615
     621
     637
     643
     587
     643
     607
     638
     712
     638
     677
     658
     598
     604
     662
     650
     666
     617
     643
     615
     598
     620
     632
     653
     659
     614
     644
     629
     663
     616
     653
     629
     622
     668
     671
     599
     625
     634
     653
     617
     655
     631
     668
     643
     709
     619
     678
     687
     698
     707
     710
     729
     708
     694
     721
     676
     680
     713
     700
     712
     685
     649
     722
     688
     706
     694
     673
     685
     649
     644
     620
     645
     668
     641
     633
     627
     674
     665
     642
     608
     624
     631
     656
     643
     629
     666
     619
     637
     659
     642
     679
     637
     640
     578
     602
     617
     629
     691
     612
     615
     625
     613
     649
     681
     646
     631
     645
     631
     659
     635
     648
     666
     582
     619
     639
     646
     660
     675
     672
     655
     647
     667
     674
     685
     651
     656
     681
     681
     666
     704
     651
     674
     679
     641
     678
     612
     599
     676
     665
     667
     646
     644
     648
     606
     669
     633
     662
     655
     628
     609
     667
     621
     715
     619
     659
     718
     649
     673
     684
     710
     730
     702
     694
     643
     657
     718
     763
     733
     679
     687
     650
     702
     656
     691
     643
     631
     583
     620
     623
     650
     662
     647
     631
     601
     638
     647
     668
     644
     619
     620
     651
     615
     589
     640
     656
     638
     634
     636
     640
     640
     631
     659
     587
     659
     660
     584
     593
     657
     645
     639
     674
     668
     691
     656
     640
     656
     630
     632
     613
     686
     652
     609
     641
     665
     625
     634
     655
     630
     629
     620
     640
     609
     614
     661
     603
     644
     644
     646
     634
     639
     638
     625
     638
     634
     618
     646
     647
     628
     632
     665
     620
     649
     639
     643
     669
     649
     609
     659
     637
     664
     675
     704
     656
     674
     655
     661
     651
     660
     663
     682
     677
     685
     594
     658
     672
     692
     687
     627
     673
     636
     642
     667
     639
     676
     645
     619
     634
     680
     610
     665
     647
     655
     639
     642
     663
     669
     669
     622
     623
     645
     633
     711
     680
     661
     630
     644
     636
     657
     648
     628
     621
     681
     669
     677
     659
     629
     656
     681
     678
     681
     671
     675
     679
     635
     646
     668
     647
     676
     690
     688
     708
     694
     705
     678
     684
     674
     664
     642
     705
     665
     693
     676
     700
     678
     687
     667
     618
     668
     656
     640
     660
     634
     665
     644
     637
     725
     655
     637
     640
     663
     618
     634
     695
     628
     652
     646
     635
     661
     650
     658
     646
     675
     633
     657
     677
     655
     660
     664
     642
     626
     664
     657
     670
     654
     649
     626
     665
     630
     616
     638
     659
     656
     672
     674
     600
     660
     693
     668
     687
     586
     640
     663
     666
     666
     730
     701
     666
     691
     661
     707
     672
     692
     705
     712
     659
     707
     699
     653
     702
     729
     650
     717
     664
     761
     759
     742
     730
     715
     736
     747
     747
     707
     702
     695
     726
     697
     750
     672
     681
     748
     659
     726
     655
     677
     628
     687
     658
     688
     658
     645
     685
     648
     701
     668
     725
     676
     687
     694
     678
     680
     699
     685
     669
     679
     630
     656
     644
     676
     685
     667
     670
     679
     614
     699
     658
     669
     631
     712
     658
     665
     692
     683
     672
     672
     647
     695
     648
     733
     627
     725
     690
     653
     701
     696
     684
     683
     668
     666
     653
     702
     662
     687
     673
     661
     693
     655
     704
     648
     671
     676
     700
     746
     693
     698
     708
     668
     694
     661
     696
     646
     710
     664
     677
     661
     721
     707
     713
     626
     679
     727
     689
     732
     658
     678
     696
     651
     660
     692
     679
     685
     725
     699
     703
     729
     699
     713
     693
     687
     740
     685
     695
     729
     715
     708
     731
     685
     683
     707
     734
     741
     700
     702
     692
     675
     698
     721
     738
     708
     712
     782
     702
     689
     674
     715
     716
     713
     659
     714
     734
     730
     747
     694
     695
     745
     697
     680
     765
     696
     685
     690
     752
     719
     732
     695
     678
     727
     722
     655
     676
     734
     726
     717
     706
     722
     749
     753
     755
     713
     736
     759
     747
     787
     708
     755
     745
     729
     750
     774
     801
     852
     800
     892
     909
     959
    1037
    1068
    1008
    1048
    1060
    1124
    1116
    1081
    1084
    1050
    1105
    1044
    1121
    1074
    1083
    1005
    1068
    1000
     997
     968
     926
     793
     849
     751
     796
     784
     762
     703
     695
     767
     721
     711
     769
     751
     755
     743
     738
     741
     748
     755
     699
     732
     749
     756
     749
     752
     795
     688
     739
     723
     740
     725
     709
     764
     759
     746
     798
     768
     766
     762
     758
     757
     724
     768
     735
     756
     731
     737
     732
     721
     782
     731
     776
     767
     784
     752
     798
     757
     740
     726
     760
     744
     759
     792
     699
     743
     750
     799
     778
     736
     810
     804
     809
     827
     803
     785
     835
     808
     822
     819
     797
     840
     751
     828
     800
     804
     776
     834
     828
     769
     787
     803
     760
     814
     802
     819
     793
     768
     844
     793
     812
     736
     776
     787
     765
     831
     766
     843
     772
     743
     778
     791
     758
     840
     781
     841
     758
     788
     785
     775
     829
     801
     805
     776
     768
     792
     797
     793
     756
     813
     919
     814
     880
     793
     833
     831
     816
     810
     815
     835
     822
     872
     838
     845
     839
     882
     867
     799
     850
     860
     838
     889
     795
     841
     811
     822
     808
     785
     824
     758
     817
     836
     845
     815
     832
     806
     872
     816
     802
     824
     777
     820
     801
     798
     813
     832
     747
     840
     811
     749
     826
     790
     801
     815
     827
     763
     808
     783
     748
     806
     777
     804
     824
     804
     785
     848
     853
     817
     791
     815
     826
     807
     818
     800
     792
     836
     803
     778
     779
     840
     854
     859
     876
     884
     928
     918
     923
     970
     862
     905
     879
     892
     898
     923
     838
     893
     849
     853
     850
     865
     835
     830
     801
     757
     756
     688
     693
     694
     638
     687
     650
     640
     637
     656
     639
     630
     690
     633
     621
     643
     616
     613
     678
     596
     648
     635
     629
     661
     645
     635
     618
     670
     609
     674
     680
     613
     634
     686
     606
     582
     633
     625
     613
     645
     620
     657
     667
     700
     684
     688
     614
     657
     605
     670
     623
     648
     581
     639
     645
     646
     651
     634
     668
     612
     601
     600
     667
     626
     621
     630
     645
     622
     619
     606
     619
     586
     610
     629
     643
     624
     622
     634
     612
     617
     674
     621
     647
     600
     596
     589
     574
     608
     570
     605
     650
     653
     599
     621
     658
     590
     597
     606
     646
     594
     598
     664
     646
     638
     592
     593
     651
     647
     668
     646
     634
     637
     579
     617
     645
     647
     652
     643
     616
     616
     630
     611
     643
     639
     595
     611
     649
     659
     590
     611
     591
     603
     541
     620
     609
     634
     615
     572
     636
     607
     612
     587
     568
     587
     616
     578
     559
     621
     647
     631
     632
     612
     614
     623
     610
     641
     601
     615
     553
     575
     687
     631
     554
     590
     560
     622
     619
     581
     591
     600
     593
     575
     627
     575
     608
     652
     568
     575
     602
     583
     619
     582
     615
     609
     590
     588
     628
     574
     552
     599
     626
     594
     608
     547
     556
     603
     562
     593
     604
     535
     606
     569
     563
     575
     602
     606
     576
     587
     578
     564
     584
     564
     568
     588
     616
     606
     652
     617
     595
     614
     596
     567
     591
     582
     562
     614
     604
     553
     533
     538
     609
     592
     572
     584
     597
     564
     567
     595
     600
     627
     586
     599
     620
     580
     583
     546
     584
     593
     584
     603
     608
     535
     525
     625
     571
     616
     573
     550
     562
     568
     581
     572
     569
     583
     555
     572
     555
     595
     625
     557
     574
     545
     580
     570
     543
     579
     553
     553
     566
     553
     533
     547
     615
     523
     548
     556
     587
     549
     572
     548
     529
     582
     589
     514
     578
     557
     549
     583
     539
     551
     546
     505
     561
     587
     542
     547
     577
     527
     587
     591
     570
     544
     558
     527
     562
     562
     548
     532
     590
     594
     571
     606
     556
     575
     578
     568
     548
     560
     596
     607
     549
     517
     570
     582
     566
     587
     541
     566
     557
     566
     550
     499
     513
     538
     548
     560
     574
     575
     573
     551
     537
     538
     547
     579
     583
     559
     569
     566
     567
     537
     575
     557
     569
     524
     530
     574
     570
     560
     520
     562
     563
     543
     535
     549
     554
     539
     543
     530
     589
     569
     590
     566
     561
     565
     551
     523
     545
     533
     527
     535
     577
     529
     554
     555
     515
     585
     539
     522
     560
     571
     554
     563
     536
     552
     576
     579
     565
     543
     540
     548
     573
     588
     555
     537
     532
     557
     550
     590
     540
     569
     594
     533
     536
     593
     527
     587
     571
     547
     571
     552
     587
     582
     537
     560
     518
     585
     548
     553
     587
     593
     542
     614
     518
     542
     540
     549
     531
     580
     524
     538
     556
     559
     559
     571
     542
     533
     615
     552
     554
     573
     520
     574
     548
     555
     570
     558
     547
     583
     612
     548
     511
     603
     576
     576
     547
     556
     580
     579
     580
     541
     560
     581
     608
     549
     545
     577
     571
     552
     586
     560
     551
     558
     581
     589
     609
     589
     608
     555
     605
     617
     585
     594
     576
     525
     613
     637
     562
     554
     547
     540
     608
     576
     610
     571
     603
     591
     554
     581
     579
     600
     598
     615
     594
     582
     604
     564
     548
     573
     637
     557
     560
     637
     593
     563
     616
     591
     560
     599
     610
     602
     578
     542
     574
     542
     542
     580
     604
     566
     563
     625
     603
     570
     568
     587
     596
     605
     576
     574
     595
     598
     564
     610
     595
     560
     572
     567
     506
     621
     583
     577
     581
     573
     599
     569
     608
     575
     579
     562
     545
     612
     586
     568
     554
     543
     616
     587
     634
     599
     567
     617
     649
     641
     653
     712
     698
     675
     719
     689
     655
     706
     697
     745
     694
     629
     640
     642
     705
     613
     603
     632
     559
     568
     543
     522
     472
     528
     457
     464
     463
     467
     510
     487
     465
     441
     493
     478
     434
     462
     456
     395
     489
     431
     486
     446
     493
     458
     414
     423
     450
     445
     431
     406
     432
     405
     445
     445
     450
     419
     442
     457
     449
     453
     439
     433
     441
     420
     412
     401
     442
     424
     405
     407
     457
     435
     408
     440
     396
     409
     429
     438
     416
     443
     441
     446
     390
     422
     387
     399
     443
     402
     424
     401
     423
     438
     409
     391
     430
     381
     420
     414
     397
     411
     425
     462
     407
     418
     420
     421
     406
     400
     433
     383
     418
     441
     406
     436
     396
     418
     380
     430
     427
     402
     401
     388
     396
     369
     416
     413
     424
     383
     387
     413
     416
     412
     392
     412
     401
     436
     456
     411
     413
     438
     431
     400
     433
     433
     422
     399
     396
     456
     422
     410
     438
     421
     415
     437
     409
     419
     376
     408
     449
     417
     440
     349
     396
     411
     413
     372
     366
     422
     390
     398
     387
     408
     401
     406
     378
     390
     398
     378
     404
     409
     407
     395
     403
     404
     377
     383
     377
     360
     369
     382
     391
     426
     429
     413
     440
     401
     464
     539
     589
     687
     857
     970
    1305
    1500
    1873
    2318
    2799
    3581
    4287
    5138
    5730
    6721
    7374
    8006
    8397
    8943
    9124
    9116
    9220
    9300
    9299
    9288
    8994
    9050
    8865
    8349
    8262
    7571
    7158
    6355
    5449
    4613
    3780
    2957
    2273
    1811
    1269
     981
     744
     599
     502
     441
     360
     382
     362
     333
     361
     355
     372
     374
     352
     380
     369
     366
     400
     345
     364
     355
     364
     343
     349
     348
     372
     353
     322
     359
     356
     363
     340
     352
     337
     361
     356
     356
     382
     369
     356
     354
     374
     337
     314
     344
     391
     359
     339
     334
     337
     347
     361
     364
     358
     326
     345
     328
     342
     337
     347
     347
     337
     346
     330
     346
     350
     327
     349
     334
     359
     359
     333
     344
     291
     321
     342
     320
     328
     356
     345
     357
     306
     331
     322
     337
     303
     324
     314
     323
     348
     307
     357
     299
     369
     379
     340
     331
     310
     317
     324
     354
     299
     342
     360
     329
     346
     340
     318
     365
     317
     325
     310
     320
     329
     348
     335
     343
     312
     344
     320
     354
     327
     320
     337
     334
     324
     320
     336
     334
     318
     303
     322
     336
     299
     333
     360
     323
     280
     328
     324
     304
     311
     329
     342
     317
     341
     324
     294
     323
     333
     296
     266
     312
     278
     324
     314
     315
     309
     275
     309
     311
     310
     291
     281
     313
     296
     301
     309
     293
     329
     281
     317
     327
     301
     308
     300
     294
     275
     278
     278
     307
     284
     298
     302
     325
     312
     309
     295
     277
     317
     299
     301
     301
     301
     278
     272
     301
     275
     315
     300
     305
     291
     264
     286
     287
     312
     315
     268
     285
     302
     288
     287
     287
     265
     297
     315
     241
     250
     294
     281
     315
     292
     295
     305
     279
     255
     270
     275
     280
     306
     315
     290
     325
     297
     318
     331
     295
     326
     338
     371
     365
     325
     348
     358
     322
     392
     368
     390
     376
     347
     380
     348
     354
     345
     317
     304
     321
     296
     293
     313
     283
     249
     266
     256
     284
     242
     234
     239
     234
     238
     261
     274
     248
     211
     256
     301
     226
     282
     227
     219
     250
     247
     236
     257
     244
     251
     245
     224
     229
     238
     218
     224
     207
     218
     255
     247
     251
     234
     196
     204
     218
     226
     214
     205
     194
     205
     199
     228
     217
     211
     233
     202
     214
     210
     217
     208
     201
     198
     201
     190
     201
     220
     189
     186
     214
     202
     194
     209
     201
     216
     218
     244
     198
     193
     178
     197
     196
     199
     209
     199
     206
     185
     190
     183
     212
     195
     187
     192
     196
     201
     197
     207
     186
     190
     184
     176
     213
     235
     217
     183
     180
     193
     214
     192
     191
     189
     196
     190
     163
     179
     194
     171
     206
     171
     184
     217
     203
     179
     201
     196
     189
     177
     188
     182
     209
     200
     187
     193
     185
     193
     186
     161
     182
     186
     179
     195
     199
     188
     194
     218
     176
     188
     185
     177
     215
     192
     167
     210
     196
     223
     192
     190
     220
     184
     205
     224
     206
     212
     190
     218
     214
     207
     238
     192
     211
     169
     200
     201
     162
     230
     188
     174
     185
     162
     190
     171
     174
     178
     184
     163
     179
     195
     192
     158
     178
     188
     180
     178
     170
     168
     176
     151
     171
     169
     150
     183
     170
     182
     190
     164
     167
     176
     182
     185
     199
     188
     184
     153
     166
     167
     158
     174
     183
     204
     185
     188
     199
     169
     158
     195
     172
     183
     184
     173
     184
     185
     166
     150
     177
     186
     169
     189
     150
     191
     179
     172
     160
     161
     167
     173
     183
     161
     194
     196
     155
     158
     181
     167
     177
     162
     166
     182
     167
     153
     174
     183
     169
     172
     146
     137
     170
     162
     154
     149
     152
     172
     153
     170
     191
     151
     177
     151
     148
     176
     161
     145
     186
     170
     153
     146
     171
     158
     171
     168
     172
     139
     162
     133
     152
     165
     156
     123
     144
     141
     156
     143
     154
     141
     140
     174
     164
     145
     153
     158
     134
     156
     134
     141
     171
     148
     149
     164
     152
     143
     177
     143
     151
     165
     158
     157
     135
     168
     153
     154
     157
     155
     147
     157
     132
     162
     146
     146
     139
     159
     132
     176
     160
     199
     184
     171
     208
     240
     277
     323
     431
     521
     659
     826
    1063
    1265
    1704
    2005
    2459
    3062
    3725
    4397
    4993
    5851
    6356
    7045
    7204
    7702
    7754
    7932
    8033
    8006
    8070
    7808
    7676
    7724
    7356
    7109
    6970
    6588
    6043
    5266
    4606
    4005
    3188
    2513
    1873
    1438
    1022
     768
     493
     400
     274
     227
     158
     154
     139
     139
     127
     137
     139
     138
     124
     124
     115
     105
     126
     107
     127
     134
     127
     130
     114
     132
     138
     109
     133
     128
     110
     105
     115
     103
     121
     121
     119
     120
     115
     128
     116
     117
     132
     124
     135
     105
     115
     116
     119
     122
     113
     127
     118
     104
     118
     121
     132
     119
     112
     121
     132
     118
     115
      97
     122
     127
     113
     142
     126
     116
     127
     106
     112
     108
     136
     121
     139
     114
     126
     124
     110
     121
     112
     112
     120
     101
     121
     131
     100
     123
     103
     133
     106
     115
     106
      94
     120
     127
     128
     112
     115
     111
     115
     118
     112
     106
     122
     125
     111
     126
     134
     109
     113
     105
     111
     134
     120
     102
      75
     117
     107
      97
     117
     110
     105
     128
     128
     115
     126
      94
     107
     122
      94
     117
      95
     109
     100
     113
     114
     118
     108
     108
     112
     103
     107
      92
      92
     117
     119
     104
     126
     110
     119
     105
     119
     143
     123
     125
     149
     139
     144
     160
     162
     154
     162
     166
     145
     153
     177
     170
     152
     165
     126
     169
     158
     145
     150
     154
     137
     125
     138
     122
     120
     123
     120
     118
     125
     113
     112
     106
     136
     117
     110
     110
     118
      89
     112
     124
     117
     110
     120
     119
     101
     113
     131
     118
     111
     117
     110
     114
     101
     105
     123
     114
     103
     102
      93
      97
     125
     111
     106
     113
     111
      98
      94
     105
      91
     108
     103
     110
     103
     105
     113
      91
     101
      97
      86
     107
      99
     105
     103
      98
     113
     101
     114
     127
     107
     108
     114
     108
      99
      93
      93
      96
     115
     101
     120
     122
     145
     135
     118
     127
     120
     119
     134
     115
     129
     118
     123
     116
     131
     118
     121
     126
     111
     153
     109
     110
      99
     120
     117
     145
     111
     141
     120
     127
     129
     134
     106
     138
     147
     133
     135
     125
     119
     152
     129
     121
     118
     126
     121
     118
     112
     117
      97
     100
      91
     104
     101
      85
      94
     118
      95
      88
      99
     109
      98
      99
      99
      87
      80
      90
      78
      87
     108
      95
     103
     100
     105
     102
     100
      88
      92
      96
      89
      98
      96
      96
     104
      96
     115
      93
     113
     115
      98
      98
      91
     104
      99
      97
     112
     107
     105
      98
      89
     119
     109
     109
      91
      98
     101
      97
      94
     101
     122
      94
      85
     110
     117
     103
     102
     102
      99
      89
      91
      94
      95
      92
     110
     101
     106
     102
     101
     101
     113
     121
     116
      86
     107
     109
      85
      95
      86
      97
      88
     106
      92
      87
      99
      90
      89
     102
      93
     111
     109
      88
     100
     115
      99
      96
      96
     103
      92
      94
     101
      94
      94
      90
      95
      95
      93
      81
      89
     100
      96
      91
      93
     106
      99
     103
     104
      84
      98
     107
     111
      96
      92
      92
      88
     105
      97
      87
     107
     100
      97
      97
      93
      86
     101
      92
     110
      93
     101
     101
      90
      98
     108
     106
      89
      90
      90
     106
      99
     106
     106
     112
      89
      88
      98
      90
     106
     110
     109
     105
     101
     120
     113
     133
     147
     176
     210
     224
     249
     294
     375
     444
     527
     617
     761
     933
    1130
    1368
    1651
    1887
    2121
    2342
    2542
    2725
    2813
    2989
    3081
    3070
    3112
    2990
    2877
    3053
    2997
    2880
    2689
    2771
    2522
    2290
    2050
    1887
    1604
    1323
    1098
     771
     591
     442
     327
     233
     200
     131
      93
      78
      64
      82
      81
      77
      66
      70
      66
      66
      66
      76
      83
      65
      71
      59
      87
      80
      67
      65
      72
      82
      69
      71
      61
      80
      70
      86
      85
      66
      65
      76
      56
      62
      80
      68
      62
      52
      77
      84
      62
      65
      63
      61
      90
      68
      73
      74
      58
      67
      73
      77
      72
      77
      91
      70
      76
      70
      74
      73
      63
      74
      79
      72
      80
      68
      84
      66
      71
      57
      62
      70
      44
      60
      67
      67
      69
      59
      64
      53
      81
      84
      56
      57
      73
      66
      58
      66
      63
      64
      54
      72
      63
      68
      82
      67
      79
      67
      71
      74
      77
      69
      66
      76
      70
      64
      76
      78
      81
      72
      71
      63
      75
      74
      70
      77
      66
      75
      69
      69
      92
      72
      74
      68
      81
      68
      92
     106
      61
      66
      80
     102
      75
      83
      70
      73
      78
      62
      71
      70
      70
      68
      74
      66
      74
      60
      68
      70
      85
      78
      75
      68
      84
      76
      79
      69
      76
      69
      73
      81
      78
      87
      95
      91
      92
      80
      87
     118
      91
      90
     112
     107
     108
     117
      93
     112
      83
      97
      86
     107
      89
      78
     102
      83
      87
     101
      93
      75
      73
      79
      81
      86
      73
      66
      72
      77
      71
      72
      65
      75
      82
      78
      61
      73
      69
      61
      59
      61
      66
      61
      59
      71
      67
      70
      64
      71
      74
      67
      76
      75
      58
      77
      77
      65
      67
      73
      70
      76
      62
      62
      62
      73
      57
      65
      71
      66
      58
      65
      53
      69
      57
      70
      50
      77
      75
      83
      72
      83
      72
      73
      85
      73
      65
      62
      67
      66
      72
      64
      76
      77
      64
      76
      64
      57
      75
      79
      60
      79
      74
      63
      63
      73
      70
      63
      71
      66
      79
      68
      69
      67
      74
      68
      64
      64
      96
      64
      62
      74
      70
      76
      55
      73
      58
      87
      69
      92
      76
     102
      80
      60
      74
      54
      58
      77
      68
      67
      63
      74
      68
      82
      64
      79
      74
      64
      80
      58
      66
      80
      68
      75
      40
      73
      52
      57
      87
      68
      55
      70
      60
      60
      55
      58
      72
      64
      54
      63
      65
      67
      63
      54
      70
      64
      72
      66
      40
      66
      54
      61
      70
      61
      69
      55
      68
      57
      53
      58
      69
      59
      53
      66
      70
      71
      63
      66
      67
      62
      68
      73
      73
      74
      77
      61
      63
      54
      60
      72
      73
      88
      67
      65
      61
      68
      66
      56
      57
      62
      71
      60
      75
      66
      48
      70
      47
      60
      57
      59
      66
      67
      54
      46
      63
      56
      61
      56
      66
      59
      58
      51
      51
      56
      52
      60
      71
      55
      76
      46
      55
      52
      50
      50
      63
      59
      58
      63
      70
      56
      60
      57
      56
      75
      63
      62
      57
      59
      62
      69
      58
      54
      60
      67
      58
      62
      58
      49
      68
      65
      75
      68
      62
      63
      70
      67
      60
      74
      63
      65
      85
      58
      73
      80
      76
      70
      62
      73
      77
      72
      72
      80
      75
      77
      78
      76
      72
      83
      75
      81
      85
      88
      82
      69
      80
     102
      92
      88
     125
     106
     102
     125
      99
     102
     122
     100
     116
     106
     102
     126
     112
     119
     124
     119
     113
     118
     136
     117
     111
     106
     124
     118
     110
      99
     110
     117
     120
     127
     122
     101
     106
      98
     114
     112
      77
     111
      87
      76
      91
      61
      63
      62
      52
      70
      65
      56
      59
      73
      50
      67
      72
      62
      77
      74
      64
      55
      58
      62
      75
      64
      63
      60
      73
      66
      53
      53
      49
      55
      63
      66
      56
      52
      63
      59
      77
      54
      57
      54
      67
      48
      55
      68
      66
      53
      47
      56
      54
      67
      63
      63
      58
      63
      65
      52
      64
      55
      56
      59
      60
      49
      65
      56
      56
      41
      70
      60
      54
      58
      64
      48
      59
      75
      64
      59
      62
      43
      63
      56
      67
      59
      74
      68
      61
      60
      75
      58
      69
      67
      67
      72
      75
      77
      72
      73
      84
      93
      67
      67
      79
      77
      75
      78
      76
      83
      75
      66
      58
      66
      67
      59
      75
      74
      58
      69
      68
      69
      53
      59
      67
      50
      72
      54
      78
      54
      65
      53
      72
      65
      62
      70
      72
      75
      67
      64
      88
      85
      78
      65
      72
      56
      70
      79
      81
      64
      58
      83
      77
      64
      62
      71
      77
      50
      59
      58
      72
      51
      55
      57
      57
      59
      57
      63
      75
      55
      62
      63
      62
      60
      62
      63
      50
      66
      53
      48
      60
      51
      64
      47
      61
      72
      53
      64
      58
      55
      45
      72
      50
      51
      51
      59
      50
      52
      60
      55
      54
      53
      62
      59
      57
      61
      52
      56
      52
      51
      45
      51
      62
      49
      72
      52
      65
      50
      50
      45
      59
      44
      62
      47
      59
      53
      60
      44
      52
      45
      60
      51
      61
      34
      52
      51
      56
      57
      44
      39
      41
      54
      55
      56
      36
      65
      56
      52
      60
      58
      59
      54
      64
      60
      64
      57
      61
      68
      67
      70
      71
      60
      75
      59
      61
      82
      83
      70
      48
      71
      65
      65
      66
      78
      75
      63
      71
      56
      55
      60
      80
      55
      46
      64
      58
      46
      49
      48
      48
      54
      70
      44
      58
      44
      46
      58
      58
      55
      44
      44
      51
      48
      54
      46
      50
      50
      60
      44
      56
      42
      58
      57
      50
      61
      53
      51
      59
      58
      50
      52
      55
      68
      54
      48
      58
      48
      50
      59
      44
      51
      51
      49
      53
      56
      63
      53
      52
      55
      60
      59
      56
      52
      71
      43
      43
      66
      55
      63
      51
      54
      48
      47
      46
      60
      61
      47
      60
      59
      55
      65
      48
      51
      60
      46
      61
      48
      63
      34
      44
      55
      51
      45
      44
      58
      61
      51
      57
      47
      44
      59
      57
      43
      61
      55
      49
      47
      42
      63
      54
      63
      66
      49
      40
      69
      46
      43
      69
      61
      56
      69
      56
      47
      58
      48
      65
      49
      64
      68
      60
      53
      52
      46
      67
      51
      56
      58
      40
      48
      39
      62
      43
      48
      49
      49
      46
      60
      54
      52
      42
      57
      56
      50
      47
      49
      60
      51
      40
      47
      52
      51
      50
      47
      43
      46
      41
      54
      51
      44
      51
      60
      46
      43
      53
      43
      43
      48
      52
      40
      39
      62
      62
      46
      44
      49
      39
      50
      63
      58
      35
      53
      65
      46
      60
      40
      56
      51
      36
      44
      53
      67
      48
      58
      59
      42
      41
      60
      38
      52
      56
      57
      50
      45
      40
      54
      49
      50
      48
      38
      57
      49
      48
      48
      41
      30
      59
      44
      48
      47
      67
      35
      43
      58
      44
      38
      55
      41
      52
      41
      62
      52
      46
      49
      56
      48
      51
      65
      63
      70
      68
      55
      64
      69
      64
      78
      75
      85
      79
      80
      77
     104
     100
      94
      81
      90
      87
      68
      81
      78
      80
      83
      68
      73
      82
      69
      76
      81
      60
      57
      62
      60
      55
      51
      48
      47
      58
      51
      45
      49
      59
      45
      42
      47
      43
      49
      53
      50
      43
      42
      43
      37
      51
      69
      54
      52
      48
      38
      44
      47
      52
      54
      53
      52
      46
      41
      38
      39
      48
      43
      55
      47
      42
      54
      55
      57
      52
      47
      42
      45
      47
      40
      50
      53
      50
      51
      45
      45
      53
      56
      44
      45
      41
      51
      47
      49
      45
      55
      61
      52
      43
      60
      50
      47
      37
      50
      43
      72
      42
      42
      41
      51
      36
      36
      51
      51
      39
      38
      54
      41
      51
      57
      41
      48
      63
      60
      42
      47
      55
      43
      51
      48
      57
      60
      55
      69
      58
      54
      88
      73
      84
      94
      87
     108
     142
     141
     151
     151
     193
     177
     225
     243
     204
     280
     282
     229
     266
     261
     252
     238
     226
     231
     221
     209
     206
     195
     190
     163
     141
     128
     124
     101
     106
      73
      70
      65
      40
      49
      60
      32
      52
      45
      48
      43
      48
      35
      42
      45
      40
      47
      43
      48
      56
      56
      61
      59
      34
      46
      38
      50
      46
      52
      44
      52
      46
      32
      42
      50
      52
      61
      64
      52
      46
      44
      53
      49
      53
      47
      38
      31
      45
      41
      52
      51
      36
      42
      43
      55
      45
      51
      46
      49
      47
      44
      47
      51
      51
      57
      43
      37
      46
      54
      56
      62
      56
      42
      38
      51
      37
      61
      51
      57
      47
      38
      40
      55
      39
      47
      47
      37
      49
      33
      54
      44
      38
      43
      48
      48
      46
      53
      49
      39
      53
      36
      48
      48
      50
      52
      36
      40
      44
      55
      42
      53
      46
      44
      44
      50
      50
      49
      49
      37
      46
      49
      44
      42
      47
      52
      54
      46
      51
      49
      49
      52
      43
      44
      46
      47
      32
      38
      39
      41
      45
      45
      63
      46
      48
      62
      36
      52
      42
      57
      48
      53
      48
      36
      37
      54
      36
      48
      48
      52
      47
      49
      49
      42
      44
      50
      42
      55
      49
      52
      55
      42
      41
      37
      41
      39
      50
      51
      47
      46
      50
      36
      45
      57
      39
      40
      32
      47
      38
      47
      45
      56
      41
      51
      46
      51
      51
      36
      52
      54
      39
      43
      43
      42
      59
      45
      48
      33
      46
      44
      55
      51
      46
      44
      35
      54
      54
      36
      51
      49
      49
      42
      34
      55
      48
      57
      51
      53
      42
      47
      48
      37
      39
      39
      39
      50
      50
      43
      41
      52
      38
      42
      44
      43
      57
      44
      46
      44
      41
      45
      44
      60
      43
      54
      49
      43
      44
      50
      50
      46
      48
      58
      45
      55
      48
      44
      44
      59
      57
      49
      48
      58
      43
      53
      60
      54
      55
      64
      46
      45
      58
      65
      55
      48
      54
      53
      60
      55
      55
      48
      53
      39
      48
      54
      58
      48
      50
      54
      42
      39
      44
      55
      44
      56
      44
      45
      54
      55
      47
      58
      79
      64
      75
      76
      64
      86
      80
      74
      58
      71
      74
      73
      65
      66
      62
      75
      74
      71
      55
      77
      71
      48
      58
      57
      59
      46
      49
      51
      51
      37
      55
      28
      46
      56
      45
      53
      40
      34
      49
      52
      50
      49
      55
      41
      43
      62
      40
      48
      61
      38
      47
      43
      45
      41
      50
      36
      43
      37
      43
      52
      51
      49
      50
      41
      48
      55
      45
      50
      41
      48
      59
      39
      43
      52
      46
      47
      44
      34
      38
      40
      50
      38
      50
      52
      52
      32
      46
      41
      36
      59
      46
      44
      47
      42
      47
      53
      47
      46
      52
      53
      51
      42
      45
      46
      57
      52
      41
      53
      48
      40
      42
      38
      50
      59
      56
      44
      49
      49
      47
      53
      50
      32
      54
      53
      47
      40
      49
      40
      53
      52
      40
      46
      54
      51
      56
      49
      50
      56
      34
      40
      50
      46
      36
      50
      43
      55
      42
      48
      39
      50
      54
      47
      41
      38
      43
      50
      44
      46
      56
      44
      53
      51
      54
      37
      34
      67
      43
      41
      64
      44
      44
      48
      53
      46
      48
      63
      33
      44
      54
      55
      52
      34
      46
      36
      51
      48
      54
      42
      44
      47
      53
      44
      55
      35
      46
      45
      40
      50
      40
      34
      47
      55
      51
      51
      47
      55
      51
      49
      50
      63
      51
      51
      64
      47
      61
      44
      43
      37
      54
      33
      49
      41
      45
      40
      52
      41
      50
      60
      37
      52
      52
      54
      46
      45
      48
      43
      41
      63
      41
      45
      50
      41
      38
      44
      45
      53
      44
      42
      47
      39
      35
      49
      55
      52
      50
      44
      42
      44
      41
      51
      42
      42
      50
      39
      47
      43
      61
      54
      51
      48
      40
      45
      53
      56
      32
      35
      41
      51
      49
      40
      47
      44
      56
      32
      40
      45
      50
      42
      48
      49
      43
      46
      39
      47
      48
      40
      46
      56
      35
      33
      52
      36
      50
      45
      40
      38
      46
      46
      48
      38
      48
      54
      63
      49
      46
      43
      54
      43
      51
      41
      50
      42
      43
      43
      47
      60
      49
      48
      41
      44
      44
      43
      42
      44
      36
      41
      43
      53
      51
      46
      46
      41
      59
      46
      50
      50
      45
      43
      45
      43
      53
      39
      42
      48
      53
      43
      41
      46
      28
      46
      45
      40
      44
      50
      37
      47
      45
      53
      46
      50
      44
      44
      55
      54
      59
      50
      41
      46
      44
      41
      48
      44
      37
      37
      51
      51
      42
      54
      49
      45
      42
      43
      30
      51
      29
      43
      41
      63
      53
      45
      45
      52
      39
      46
      52
      44
      50
      47
      40
      45
      40
      55
      52
      51
      42
      45
      42
      53
      30
      41
      46
      54
      38
      52
      47
      42
      50
      47
      46
      40
      35
      53
      44
      47
      42
      44
      59
      46
      30
      49
      49
      37
      43
      49
      43
      38
      30
      43
      39
      50
      41
      50
      46
      46
      47
      48
      42
      37
      43
      43
      37
      47
      43
      51
      37
      44
      46
      38
      47
      47
      51
      43
      34
      48
      53
      45
      29
      47
      36
      48
      44
      47
      54
      34
      46
      50
      43
      39
      40
      41
      63
      47
      53
      48
      43
      43
      57
      35
      49
      47
      41
      44
      46
      58
      57
      55
      37
      33
      46
      44
      37
      44
      47
      46
      54
      32
      47
      59
      41
      47
      36
      48
      35
      39
      43
      45
      41
      47
      53
      44
      41
      33
      41
      31
      42
      53
      52
      49
      38
      34
      36
      37
      37
      43
      41
      36
      36
      46
      46
      50
      37
      42
      37
      34
      31
      51
      47
      43
      36
      44
      34
      46
      43
      52
      39
      55
      48
      43
      55
      40
      39
      47
      36
      31
      40
      46
      47
      40
      40
      39
      54
      44
      47
      33
      46
      27
      33
      46
      41
      35
      40
      37
      38
      46
      44
      52
      66
      39
      43
      48
      42
      45
      51
      35
      43
      46
      43
      37
      49
      38
      41
      61
      43
      38
      43
       0
       0
       0
       0
       0
       0
       0
       0
       0
       0
       0
       0
       0
       0
       0
       0
       0
       0
       0
       0
       0
       0
       0
       0
       0
       0
       0
       0
       0
       0
       0
       0
       0
       0
       0
       0
       0
       0
       0
       0
       0
       0
       0
       0
       0
       0
       0
       0
       0
       0
       0
       0
       0
       0
       0
       0
       0
       0
       0
       0
       0
       0
       0
       0
       0
       0
       0
       0
       0
       0
       0
       0
       0
       0
       0
       0
       0
       0
       0
       0
       0
       0
       0
       0
       0
       0
       0
       0
       0
       0
       0
       0
       0
       0
       0
       0
       0
       0
       0
       0
       0
       0
       0
       0
       0
       0
       0
       0
       0
       0
       0
       0
       0
       0
       0
       0
       0
       0
       0
       0
       0
       0
       0
       0
       0
       0
       0
       0
$ROI:
0
$PRESETS:
None
0
0
$ENER_FIT:
0.000000 0.536422
$MCA_CAL:
3
0.000000E+000 5.364218E-001 0.000000E+000 keV
$SHAPE_CAL:
3
3.032570E+000 0.000000E+000 0.000000E+000
