$SPEC_ID:
No sample description was entered.
$SPEC_REM:
DET# 1
DETDESC# DESKTOP-AKUPN2F Easy-MCA-8k SN 09022236
AP# Maestro Version 7.01
$DATE_MEA:
02/02/2017 16:27:02
$MEAS_TIM:
61508 61696
$DATA:
0 8191
       0
       0
       0
       0
       0
       0
       0
       0
      16
      12
      14
      15
      10
      11
       7
      18
      15
       5
       6
       4
       5
       7
       7
       7
       3
       4
       5
       3
       3
      11
       3
       5
       4
       6
       1
       2
       2
       2
       0
       2
       1
       1
       2
       1
       0
       3
       0
       1
       0
       1
       1
       1
       0
       1
       0
       1
       2
      10
     111
     419
    1182
    1872
    2486
    4077
    5248
    6096
    5041
    2287
    1473
    5487
    6851
    6401
    6272
    6238
    6167
    6506
    6923
    7213
    6978
    6850
    6991
    7194
    7129
    7430
    7310
    7585
    7570
    7825
    8128
    8272
    8400
    8675
    8739
    9211
    9531
    9624
    9962
   10320
   10547
   10742
   10920
   11019
   11498
   11933
   11929
   12206
   12313
   12669
   12634
   13001
   12834
   13377
   13400
   13579
   14013
   14558
   14822
   17302
   25152
   33996
   32579
   31068
   42695
   49290
   35541
   21240
   16596
   15836
   15115
   14528
   14784
   14637
   14949
   14991
   15499
   15906
   17160
   20679
   27058
   29748
   25411
   20452
   20171
   21193
   19686
   17777
   16608
   16795
   16637
   16556
   16630
   16792
   16852
   16629
   16552
   15966
   15850
   16150
   16062
   15993
   16123
   15905
   15925
   15911
   15717
   15592
   15470
   15500
   15514
   15411
   15366
   15447
   15415
   15310
   15166
   15326
   15246
   15295
   15110
   15264
   15292
   15218
   14975
   15040
   15041
   15015
   14975
   14823
   14918
   14764
   14830
   14432
   14219
   14307
   14109
   14120
   14738
   21892
   51399
   98032
  100540
   56041
   22541
   14013
   13020
   13062
   12854
   12763
   12823
   12370
   12823
   12679
   12971
   12489
   12363
   12070
   12308
   12449
   11947
   12209
   12326
   13921
   19424
   23366
   20265
   14397
   12002
   11438
   11306
   11579
   11512
   11327
   11216
   11123
   11425
   11315
   11064
   11007
   10858
   10889
   10663
   10470
   10606
   10608
   10453
   10530
   10660
   10368
   10306
   10254
   10115
   10291
   10147
   10009
    9950
    9817
    9847
    9984
    9659
    9645
    9702
    9563
    9439
    9440
    9273
    9148
    9210
    9199
    9187
    9240
    8923
    9019
    8766
    8963
    8696
    8886
    8660
    8631
    8582
    8307
    8542
    8623
    8448
    8381
    8324
    8340
    8283
    8224
    8239
    8075
    8159
    8123
    8017
    7981
    7842
    8132
    7914
    7928
    7678
    7813
    7589
    7741
    7855
    8330
    8433
    8226
    7741
    7431
    7308
    7175
    7213
    7227
    7331
    7080
    7014
    6998
    7110
    7168
    7009
    6949
    6914
    6851
    6834
    6862
    6804
    6903
    6605
    6660
    6734
    6652
    6496
    6551
    6427
    6403
    6416
    6362
    6386
    6360
    6362
    6244
    6398
    6582
    6405
    6226
    6175
    6057
    6005
    5977
    5913
    5856
    5874
    5816
    5868
    5857
    5874
    5750
    5767
    5727
    5678
    5825
    5718
    5585
    5683
    5768
    5632
    5582
    5402
    5662
    5547
    5456
    5475
    5470
    5457
    5230
    5282
    5240
    5325
    5311
    5242
    5179
    5221
    5207
    5229
    5108
    5044
    4969
    5124
    5479
    6879
    9059
    9612
    7519
    5777
    5522
    5710
    5695
    5193
    4682
    4562
    4396
    4490
    4439
    4375
    4306
    4347
    4398
    4332
    4238
    4224
    4192
    4232
    4267
    4165
    4228
    4206
    4096
    4104
    4054
    4040
    4070
    4084
    4035
    4157
    4055
    3972
    4064
    3901
    3890
    3680
    3843
    3817
    3841
    3920
    3936
    3770
    3775
    3708
    3709
    3704
    3809
    3902
    4057
    3990
    3694
    3450
    3530
    3689
    3598
    3622
    3585
    3568
    3568
    3680
    3676
    3622
    3554
    3345
    3312
    3412
    3277
    3404
    3389
    3322
    3317
    3280
    3269
    3287
    3191
    3262
    3203
    3278
    3159
    3185
    3140
    3126
    3171
    3041
    3017
    3154
    3218
    3622
    4532
    4993
    4292
    3320
    2905
    3028
    2971
    3080
    3306
    3290
    3158
    2982
    2886
    2827
    2895
    2780
    2833
    2768
    2841
    2706
    2789
    2799
    2710
    2781
    2775
    2759
    2687
    2723
    2672
    2670
    2616
    2705
    2564
    2653
    2616
    2608
    2623
    2672
    2508
    2572
    2630
    2533
    2664
    2659
    2542
    2548
    2584
    2567
    2618
    2530
    2454
    2464
    2549
    2635
    2833
    2773
    2668
    2512
    2435
    2385
    2403
    2417
    2420
    2469
    2471
    2335
    2347
    2352
    2302
    2628
    3102
    3381
    3219
    2679
    2461
    2407
    2231
    2256
    2184
    2279
    2202
    2234
    2208
    2227
    2244
    2125
    2175
    2218
    2195
    2247
    2338
    2944
    4420
    5540
    5271
    3470
    2428
    2100
    2124
    1983
    2015
    2029
    1964
    1995
    2019
    2016
    1881
    1964
    1915
    1938
    2027
    1920
    1983
    1961
    1954
    1952
    1879
    2006
    1830
    1940
    1933
    1922
    1866
    1951
    1912
    1917
    1932
    1874
    1845
    1895
    1825
    1867
    1923
    1812
    1836
    1804
    1860
    1866
    1863
    1798
    1789
    1772
    1817
    1831
    1815
    1862
    1763
    1799
    1719
    1743
    1808
    1746
    1827
    1746
    1799
    1815
    1724
    1659
    1796
    1732
    1696
    1799
    1690
    1671
    1704
    1695
    1803
    1825
    1688
    1718
    1707
    1710
    1718
    1673
    1743
    1646
    1705
    1686
    1721
    1628
    1644
    1668
    1634
    1682
    1576
    1698
    1774
    1836
    1720
    1623
    1647
    1563
    1599
    1560
    1570
    1597
    1594
    1611
    1503
    1567
    1501
    1575
    1553
    1610
    1561
    1495
    1591
    1537
    1543
    1499
    1488
    1525
    1567
    1609
    1527
    1503
    1456
    1537
    1430
    1452
    1469
    1475
    1437
    1464
    1517
    1443
    1427
    1423
    1388
    1382
    1421
    1425
    1476
    1341
    1543
    1587
    1521
    1484
    1503
    1398
    1426
    1369
    1329
    1413
    1425
    1353
    1288
    1370
    1407
    1296
    1362
    1316
    1377
    1337
    1353
    1387
    1353
    1339
    1375
    1375
    1386
    1322
    1366
    1382
    1276
    1287
    1267
    1290
    1293
    1329
    1257
    1379
    1499
    1543
    1643
    1606
    1382
    1339
    1326
    1302
    1254
    1269
    1304
    1268
    1280
    1338
    1206
    1184
    1200
    1223
    1218
    1260
    1176
    1249
    1240
    1294
    1277
    1277
    1270
    1187
    1239
    1196
    1218
    1280
    1231
    1196
    1142
    1123
    1216
    1150
    1174
    1146
    1294
    1255
    1191
    1159
    1239
    1186
    1150
    1163
    1105
    1147
    1178
    1232
    1194
    1101
    1161
    1131
    1126
    1152
    1203
    1133
    1118
    1133
    1133
    1133
    1127
    1094
    1146
    1098
    1139
    1183
    1122
    1137
    1148
    1076
    1170
    1184
    1364
    1598
    1997
    2601
    2982
    2672
    2207
    1712
    1411
    1225
    1162
    1100
    1078
    1072
    1045
    1097
    1097
    1048
    1063
    1043
    1034
    1061
    1075
    1043
    1044
    1076
    1032
    1060
    1030
    1010
    1050
    1025
    1033
    1071
    1066
     976
    1027
    1051
    1028
    1016
     988
     996
    1128
    1038
     982
    1017
     963
    1045
     953
     976
     980
     998
     988
    1012
     943
     996
    1003
    1016
    1000
     979
    1036
     975
    1028
    1028
     948
     964
    1016
    1054
     973
    1015
     999
     980
     992
     981
     944
     962
     936
     970
     949
     975
    1037
     969
     993
     908
     864
     949
     961
    1035
     977
     981
     970
     971
     973
     945
     892
     944
     905
     909
     929
     957
     947
     957
     971
     925
     923
     915
     897
     919
     934
     927
     933
     931
     886
     915
     931
     966
     950
     948
     970
    1231
    1752
    2771
    3208
    2611
    1585
    1068
     870
     861
     860
     836
     873
     869
     876
     873
     840
     872
     850
     834
     825
     868
     876
     879
     881
     835
     868
     850
     815
     870
     885
     874
     835
     847
     855
     851
     850
     869
     837
     798
     808
     896
     895
    1069
    1647
    2895
    4228
    4167
    2897
    1411
     953
     776
     814
     777
     794
     794
     814
     749
     799
     801
     755
     733
     766
     811
     813
     791
     731
     776
     810
     804
     717
     777
     751
     729
     733
     788
     768
     743
     771
     741
     727
     838
     781
     775
     786
     760
     785
     785
     750
     757
     823
     779
     717
     807
     795
     724
     707
     749
     776
     746
     702
     756
     691
     706
     752
     756
     769
     737
     739
     680
     759
     738
     744
     744
     705
     724
     736
     719
     754
     750
     701
     758
     739
     742
     734
     782
     721
     739
     785
     936
    1254
    1553
    1779
    1348
    1022
     850
     750
     843
     825
     827
     736
     727
     628
     733
     735
     719
     743
     719
     694
     700
     704
     720
     747
     744
     667
     682
     710
     705
     656
     703
     738
     689
     690
     698
     710
     719
     683
     754
     736
     684
     698
     661
     760
     737
     676
     723
     706
     646
     693
     726
     728
     748
     731
     740
     725
     700
     681
     705
     730
     685
     669
     728
     686
     657
     719
     632
     652
     790
     733
     739
     659
     709
     661
     675
     662
     675
     667
     654
     663
     677
     681
     650
     669
     635
     649
     620
     672
     644
     647
     644
     637
     655
     678
     673
     612
     692
     702
     698
     626
     646
     663
     660
     601
     665
     696
     729
     782
     915
    1053
    1110
     971
     785
     671
     635
     648
     608
     646
     636
     640
     626
     588
     632
     619
     627
     598
     631
     636
     627
     603
     619
     629
     600
     606
     616
     668
     602
     648
     645
     633
     598
     611
     643
     560
     598
     563
     619
     619
     644
     577
     571
     634
     592
     607
     641
     674
     673
     626
     604
     558
     592
     581
     610
     623
     619
     608
     598
     621
     617
     623
     622
     620
     606
     668
     664
     757
     931
     915
     749
     644
     607
     652
     689
     712
     630
     623
     568
     546
     586
     601
     557
     556
     555
     555
     588
     511
     519
     566
     552
     647
     565
     590
     612
     614
     675
     726
     682
     619
     566
     532
     537
     504
     550
     525
     582
     555
     568
     575
     701
     798
     879
     785
     663
     565
     514
     544
     558
     509
     514
     548
     518
     581
     538
     526
     545
     535
     557
     568
     636
     650
     550
     569
     518
     505
     561
     501
     544
     518
     553
     534
     577
     520
     509
     545
     545
     544
     519
     513
     526
     561
     532
     518
     554
     553
     559
     522
     520
     500
     507
     496
     543
     515
     554
     518
     493
     514
     534
     518
     494
     566
     539
     528
     517
     545
     577
     628
     640
     602
     571
     533
     532
     595
     561
     553
     585
     577
     507
     493
     539
     514
     500
     507
     502
     509
     534
     530
     504
     518
     502
     522
     483
     499
     511
     486
     476
     548
     470
     467
     510
     523
     493
     485
     504
     530
     551
     642
     761
     803
     685
     589
     506
     465
     477
     528
     526
     475
     521
     491
     477
     440
     471
     482
     504
     504
     506
     455
     474
     477
     489
     520
     485
     480
     503
     494
     470
     488
     462
     482
     487
     472
     490
     455
     481
     469
     511
     494
     470
     479
     434
     507
     451
     459
     498
     474
     459
     486
     462
     475
     477
     471
     522
     543
     478
     484
     480
     467
     458
     456
     489
     478
     489
     478
     469
     435
     476
     465
     500
     539
     495
     503
     508
     465
     459
     477
     512
     600
     764
    1210
    1729
    2126
    1910
    1233
     718
     547
     479
     407
     471
     479
     429
     432
     466
     424
     436
     498
     486
     470
     431
     452
     478
     451
     466
     473
     458
     429
     443
     460
     478
     450
     440
     464
     426
     486
     476
     443
     530
     561
     626
     634
     598
     453
     444
     449
     454
     456
     485
     440
     437
     444
     418
     414
     507
     446
     466
     415
     432
     479
     448
     483
     474
     507
     555
     498
     562
     504
     501
     463
     438
     424
     418
     414
     476
     444
     452
     418
     384
     443
     457
     459
     427
     493
     455
     447
     452
     495
     600
     696
     776
     716
     655
     593
     635
     831
    1197
    1437
    1322
     855
     605
     466
     433
     358
     397
     409
     419
     388
     416
     373
     402
     402
     395
     399
     427
     426
     480
     446
     409
     407
     399
     421
     414
     434
     460
     412
     443
     393
     424
     441
     404
     448
     398
     416
     386
     407
     421
     420
     427
     391
     413
     402
     411
     436
     407
     413
     392
     442
     449
     516
     460
     408
     429
     415
     424
     447
     393
     453
     445
     388
     427
     418
     388
     414
     381
     413
     415
     386
     444
     425
     392
     466
     407
     437
     437
     434
     383
     379
     396
     385
     407
     425
     425
     406
     419
     390
     416
     422
     416
     408
     419
     420
     396
     396
     397
     411
     379
     354
     402
     430
     390
     398
     426
     404
     433
     372
     414
     446
     412
     384
     386
     398
     357
     410
     418
     370
     427
     398
     409
     395
     402
     372
     397
     402
     385
     413
     386
     418
     389
     410
     414
     421
     430
     442
     389
     461
     401
     390
     369
     410
     426
     348
     434
     415
     380
     364
     419
     389
     393
     391
     385
     416
     391
     375
     386
     393
     379
     404
     414
     414
     416
     417
     409
     381
     391
     398
     395
     374
     424
     411
     377
     389
     430
     397
     453
     420
     432
     414
     402
     411
     415
     445
     412
     403
     413
     388
     390
     401
     374
     378
     388
     378
     436
     423
     420
     401
     400
     427
     395
     392
     405
     405
     415
     389
     416
     446
     409
     400
     404
     379
     428
     410
     402
     366
     412
     417
     364
     443
     429
     389
     422
     378
     407
     399
     404
     432
     429
     442
     434
     416
     402
     409
     410
     415
     403
     390
     424
     441
     386
     446
     525
     715
    1047
    1245
    1289
    1031
     677
     487
     420
     367
     382
     406
     408
     413
     375
     380
     396
     441
     407
     402
     397
     408
     421
     388
     411
     407
     403
     430
     415
     402
     393
     374
     428
     436
     424
     381
     386
     431
     447
     435
     399
     434
     450
     430
     399
     412
     411
     382
     424
     407
     400
     407
     417
     405
     430
     392
     409
     475
     453
     519
     506
     535
     476
     412
     438
     404
     397
     415
     440
     411
     448
     403
     440
     408
     402
     454
     440
     437
     456
     416
     376
     403
     412
     414
     405
     467
     430
     440
     434
     473
     456
     456
     455
     400
     405
     418
     425
     413
     432
     426
     455
     461
     448
     434
     457
     416
     426
     454
     446
     407
     431
     385
     400
     441
     436
     479
     440
     429
     399
     466
     430
     446
     430
     412
     477
     448
     449
     450
     451
     463
     426
     421
     434
     433
     464
     434
     440
     438
     424
     439
     440
     414
     429
     436
     435
     442
     461
     464
     445
     458
     473
     430
     466
     453
     388
     469
     440
     441
     440
     447
     428
     422
     409
     437
     475
     423
     457
     448
     444
     454
     453
     437
     476
     448
     443
     462
     466
     414
     471
     453
     422
     517
     470
     460
     442
     429
     454
     430
     483
     462
     492
     499
     495
     606
     686
     726
     750
     651
     557
     452
     386
     407
     427
     410
     380
     403
     401
     407
     364
     401
     397
     390
     386
     362
     352
     348
     330
     359
     340
     337
     357
     325
     373
     354
     307
     319
     325
     338
     320
     295
     299
     300
     325
     332
     294
     319
     297
     304
     300
     320
     319
     324
     324
     287
     328
     265
     300
     300
     300
     282
     315
     294
     318
     295
     293
     308
     282
     267
     317
     299
     294
     285
     290
     357
     337
     366
     396
     309
     309
     317
     266
     290
     313
     285
     317
     267
     264
     304
     273
     274
     256
     267
     274
     268
     276
     254
     275
     298
     267
     252
     257
     240
     259
     251
     249
     238
     247
     259
     253
     237
     286
     265
     262
     249
     253
     252
     291
     235
     234
     228
     241
     249
     231
     230
     233
     273
     236
     216
     223
     231
     217
     231
     219
     223
     241
     200
     233
     228
     228
     205
     230
     227
     225
     214
     210
     215
     226
     227
     186
     218
     213
     207
     181
     209
     226
     209
     198
     223
     232
     253
     251
     206
     244
     221
     191
     224
     190
     173
     203
     205
     163
     184
     183
     156
     176
     200
     175
     171
     190
     173
     182
     159
     171
     148
     167
     166
     181
     170
     168
     162
     166
     160
     176
     178
     165
     164
     164
     147
     183
     162
     159
     170
     155
     162
     179
     160
     173
     150
     160
     167
     170
     164
     174
     144
     174
     152
     149
     168
     154
     170
     151
     160
     140
     151
     150
     165
     166
     182
     171
     199
     216
     248
     351
     358
     303
     233
     181
     165
     151
     141
     147
     155
     152
     178
     164
     178
     181
     177
     168
     162
     148
     148
     163
     130
     137
     128
     152
     143
     136
     133
     123
     127
     153
     144
     151
     112
     112
     124
     149
     178
     186
     177
     232
     187
     168
     146
     128
     158
     170
     168
     201
     253
     283
     279
     213
     148
     133
     150
     138
     144
     152
     137
     133
     146
     125
     146
     128
     142
     147
     117
     120
     138
     148
     131
     150
     135
     142
     138
     131
     157
     118
     137
     139
     139
     131
     128
     146
     129
     132
     133
     103
     135
     138
     130
     149
     137
     131
     130
     136
     140
     127
     142
     146
     109
     150
     141
     140
     125
     116
     119
     119
     130
     122
     133
     128
     134
     126
     134
     119
     130
     135
     138
     102
     162
     129
     149
     140
     131
     186
     210
     291
     434
     773
    1293
    2236
    3729
    6387
    9736
   12025
   10924
    7070
    3094
     946
     255
      83
      82
      87
      76
      71
      74
      87
      95
      84
      85
      90
      82
      78
      69
      68
      69
      79
      81
      84
      72
      71
      77
      62
      82
      77
      79
      70
      78
      80
      96
      77
      86
      76
      74
      63
      86
      77
      69
      81
      70
      69
      84
      72
      76
      83
      67
      90
      79
      93
      80
     124
     130
     106
     105
      99
      76
      96
      58
      84
     105
      99
     113
      87
      79
      66
      75
      95
      84
     100
     111
     118
     156
     176
     221
     182
     148
     121
      88
     105
      89
      87
      91
     110
      79
      86
      77
      59
      67
      66
      66
      74
      71
      78
      74
      77
      80
      69
      65
      63
      84
      84
      80
      71
      66
      60
      75
      81
      74
      77
      74
      85
      77
      63
      75
      63
      74
      82
      83
      77
      79
      78
      98
      90
      76
      88
      77
      62
      90
     101
      91
      76
      70
      78
      66
      73
      71
      73
      69
      76
      56
      75
      68
      67
      73
      65
      52
      75
      78
      65
      59
      80
      80
      73
      70
      67
      77
      60
      75
      54
      68
      73
      59
      65
      75
      68
      55
      69
      64
      75
      59
      59
      55
      56
      74
      60
      64
      69
      50
      71
      63
      63
      60
      64
      58
      65
      66
      70
      78
      83
      91
      81
      91
      86
     105
     108
      97
      90
      91
     107
     118
     170
     246
     261
     227
     157
     136
     152
     172
     217
     265
     204
     150
     112
      84
      76
      65
      67
      73
      73
      81
      83
      85
      77
      71
      60
      67
      42
      80
      46
      62
      74
      79
      65
      63
      61
      74
      67
      70
      69
      52
      58
      51
      56
      56
      58
      60
      60
      59
      64
      68
      69
      74
      77
     104
     124
     141
     131
      74
      72
      60
      74
      79
      75
      72
      68
      55
      62
      71
     101
     110
     135
     121
     107
      78
      54
      51
      45
      69
      53
      49
      60
      63
      65
      82
      59
      51
      55
      61
      36
      51
      46
      50
      69
      46
      43
      52
      68
      54
      50
      50
      55
      52
      54
      48
      50
      50
      38
      59
      57
      40
      49
      52
      36
      56
      62
      53
      46
      46
      65
      73
      97
      99
      99
      64
      70
      36
      44
      42
      50
      71
      74
      64
      46
      54
      41
      42
      46
      43
      41
      55
      49
      51
      41
      49
      54
      51
      56
      38
      61
      47
      49
      50
      42
      44
      60
      53
      50
      66
      63
      64
      55
      50
      65
      50
      46
      53
      45
      46
      47
      66
      47
      67
      76
      59
      64
      60
      49
      39
      45
      43
      49
      41
      57
      48
      54
      50
      38
      55
      54
      60
      41
      44
      45
      41
      49
      44
      60
      42
      54
      50
      53
      52
      47
      56
      48
      40
      53
      50
      42
      59
      55
      48
      50
      47
      58
      63
      43
      57
      57
      38
      44
      51
      46
      43
      52
      61
      69
      73
      86
      88
     131
     146
     180
     165
     124
      78
      59
      41
      48
      50
      56
      54
      49
      36
      41
      49
      48
      39
      39
      43
      52
      37
      37
      39
      39
      46
      47
      44
      33
      49
      52
      31
      45
      58
      41
      46
      47
      55
      47
      49
      40
      37
      45
      37
      50
      41
      40
      46
      62
      45
      49
      74
      91
     120
     188
     238
     331
     570
     693
     777
     658
     373
     214
      73
      44
      36
      40
      52
      45
      47
      40
      44
      45
      43
      49
      38
      49
      45
      38
      33
      54
      45
      49
      36
      48
      34
      49
      56
      39
      46
      42
      46
      40
      44
      30
      39
      53
      36
      44
      33
      46
      39
      39
      46
      41
      44
      51
      51
      36
      35
      49
      37
      42
      47
      45
      38
      38
      37
      50
      34
      41
      33
      40
      43
      46
      50
      37
      50
      58
      43
      47
      47
      40
      35
      38
      40
      35
      43
      40
      43
      42
      45
      49
      44
      49
      33
      38
      43
      46
      38
      35
      42
      49
      54
      57
      37
      44
      49
      48
      37
      33
      33
      39
      33
      43
      46
      54
      43
      42
      46
      54
      52
      42
      50
      55
      47
      39
      53
      65
      62
      46
      57
      45
      53
      47
      50
      35
      49
      49
      61
      64
      80
     103
     128
     140
     118
      89
      62
      43
      47
      47
      41
      52
      60
      40
      42
      43
      41
      35
      45
      42
      43
      45
      51
      48
      46
      48
      51
      36
      30
      36
      41
      40
      52
      51
      35
      32
      34
      45
      40
      45
      41
      58
      40
      50
      64
      55
      44
      48
      48
      46
      30
      43
      44
      30
      48
      32
      31
      40
      47
      43
      41
      45
      51
      30
      36
      45
      38
      42
      53
      41
      49
      42
      50
      64
      46
      45
      39
      50
      43
      51
      52
      40
      46
      48
      53
      42
      55
      39
      45
      39
      42
      51
      40
      41
      37
      42
      51
      44
      41
      46
      50
      48
      47
      44
      42
      37
      48
      40
      55
      44
      43
      46
      38
      36
      35
      51
      44
      47
      40
      44
      32
      35
      50
      36
      48
      50
      38
      51
      45
      35
      56
      42
      44
      58
      38
      35
      46
      52
      41
      53
      37
      47
      42
      48
      43
      61
      57
      50
      45
      52
      33
      38
      40
      39
      47
      41
      42
      39
      37
      49
      42
      42
      35
      40
      38
      38
      42
      41
      50
      48
      54
      34
      38
      47
      49
      44
      53
      32
      43
      30
      47
      35
      44
      49
      40
      42
      44
      43
      45
      38
      58
      41
      39
      43
      44
      50
      42
      42
      37
      50
      45
      49
      38
      43
      32
      30
      42
      37
      32
      35
      36
      35
      33
      45
      46
      34
      41
      39
      40
      31
      27
      39
      41
      37
      29
      44
      35
      32
      34
      49
      42
      48
      35
      38
      44
      27
      31
      34
      29
      34
      31
      44
      32
      25
      34
      47
      33
      44
      48
      43
      31
      30
      34
      32
      48
      37
      37
      47
      26
      34
      35
      42
      31
      32
      30
      48
      44
      44
      41
      42
      46
      30
      29
      44
      39
      38
      48
      37
      34
      38
      33
      31
      40
      38
      30
      42
      42
      29
      34
      29
      26
      51
      41
      36
      35
      31
      40
      37
      42
      31
      34
      38
      25
      32
      27
      42
      43
      34
      24
      42
      35
      33
      46
      34
      30
      32
      34
      37
      48
      34
      35
      39
      26
      41
      31
      31
      25
      29
      35
      33
      35
      47
      38
      54
      38
      36
      40
      36
      38
      31
      48
      37
      38
      31
      32
      35
      25
      20
      45
      31
      34
      33
      32
      33
      35
      33
      33
      36
      35
      41
      27
      45
      40
      42
      40
      32
      40
      33
      36
      41
      30
      50
      31
      45
      42
      31
      39
      36
      38
      31
      30
      31
      28
      32
      29
      44
      22
      32
      38
      37
      36
      32
      40
      29
      39
      35
      35
      32
      49
      38
      34
      39
      44
      28
      27
      37
      42
      36
      43
      28
      47
      44
      75
      75
      72
      88
     135
     150
     157
     174
     240
     168
     122
     106
      68
      57
      36
      33
      43
      34
      37
      51
      37
      37
      42
      40
      34
      40
      38
      52
      49
      55
      66
      69
      79
      92
      75
      52
      39
      44
      37
      34
      42
      42
      31
      38
      37
      30
      38
      30
      35
      41
      38
      29
      37
      30
      22
      36
      30
      38
      32
      32
      32
      32
      38
      40
      46
      24
      34
      37
      43
      33
      40
      44
      32
      33
      36
      37
      27
      32
      40
      35
      39
      40
      27
      39
      47
      35
      29
      39
      40
      37
      39
      48
      41
      31
      32
      25
      42
      37
      30
      32
      41
      42
      43
      46
      27
      38
      35
      44
      31
      30
      40
      44
      41
      26
      44
      32
      49
      33
      38
      38
      47
      36
      36
      41
      28
      29
      36
      36
      24
      35
      40
      40
      28
      46
      31
      43
      33
      32
      42
      31
      34
      33
      41
      38
      35
      25
      25
      38
      36
      22
      36
      39
      38
      42
      36
      35
      27
      39
      32
      37
      48
      54
      54
      49
      49
      56
      73
      93
     102
     138
     179
     221
     221
     223
     139
      83
      53
      39
      48
      40
      41
      33
      32
      41
      45
      39
      35
      39
      37
      28
      43
      39
      36
      38
      32
      41
      34
      40
      31
      34
      45
      29
      48
      30
      37
      42
      41
      47
      36
      34
      47
      33
      42
      42
      31
      29
      27
      33
      41
      31
      41
      29
      48
      44
      33
      42
      37
      27
      47
      27
      39
      45
      36
      26
      42
      39
      40
      39
      41
      37
      36
      42
      35
      37
      46
      41
      31
      39
      47
      46
      34
      36
      27
      52
      32
      37
      39
      41
      43
      33
      53
      32
      37
      40
      40
      41
      39
      31
      36
      35
      36
      44
      50
      39
      36
      41
      46
      45
      36
      35
      31
      44
      39
      35
      39
      41
      45
      38
      41
      39
      45
      39
      49
      30
      34
      27
      40
      39
      41
      47
      35
      45
      36
      37
      44
      37
      41
      45
      43
      41
      35
      50
      51
      47
      49
      35
      51
      52
      46
      44
      60
      37
      36
      43
      33
      36
      46
      42
      34
      41
      49
      51
      47
      39
      36
      39
      34
      36
      42
      39
      33
      53
      42
      40
      49
      54
      51
      30
      34
      35
      41
      53
      35
      45
      52
      36
      31
      44
      43
      24
      29
      39
      29
      48
      48
      46
      40
      32
      42
      55
      57
      64
      38
      47
      43
      50
      45
      50
      45
      41
      48
      53
      49
      45
      64
      49
      46
      37
      50
      44
      42
      49
      44
      49
      35
      39
      49
      49
      42
      49
      44
      49
      43
      50
      32
      47
      56
      53
      41
      43
      47
      42
      34
      52
      53
      45
      47
      33
      59
      51
      54
      41
      49
      46
      56
      45
      43
      46
      35
      46
      40
      47
      53
      46
      56
      46
      36
      42
      33
      53
      54
      53
      53
      50
      43
      40
      62
      30
      57
      34
      53
      50
      50
      41
      49
      35
      36
      34
      48
      44
      41
      41
      52
      39
      27
      33
      34
      39
      35
      31
      32
      26
      35
      34
      35
      36
      34
      38
      43
      30
      27
      28
      36
      32
      21
      21
      32
      25
      36
      28
      27
      34
      29
      21
      27
      24
      30
      22
      32
      31
      30
      31
      20
      31
      36
      23
      27
      31
      25
      35
      30
      30
      24
      29
      31
      23
      25
      24
      22
      37
      34
      22
      23
      34
      33
      29
      30
      34
      27
      26
      26
      34
      31
      32
      22
      29
      25
      30
      39
      34
      41
      16
      27
      29
      38
      25
      30
      22
      27
      29
      28
      26
      27
      23
      29
      25
      33
      23
      33
      32
      27
      37
      29
      28
      43
      59
      79
      74
      68
      89
      61
      43
      35
      16
      34
      23
      24
      19
      28
      27
      21
      22
      25
      22
      14
      25
      13
      23
      17
      23
      22
      25
      17
      15
      19
      20
      16
      13
      19
      20
      28
      21
      13
      22
      27
      17
      18
      28
      20
      14
      14
      16
      18
      15
      19
      21
      17
      14
      17
      18
      18
      12
      14
      18
      24
      16
      14
      13
      13
      13
      11
      13
      15
       7
      17
      12
      18
      13
      15
      12
      13
      16
      12
      12
      17
      15
       9
      17
      20
      12
      14
      13
       9
      16
       8
       6
       7
      14
      12
       6
      10
      12
       8
      10
      11
      11
      11
      11
      13
      10
      14
       9
       9
      13
       9
      19
       9
      12
      10
       6
       9
      12
      13
      12
      11
       8
       9
       4
      10
      10
      11
       9
       5
       7
      15
       5
       9
       4
       6
       7
      11
      10
       7
      11
       7
      10
       8
       5
       4
       5
      12
      12
       9
       5
       4
       8
       4
       2
      10
       5
      13
       4
       5
       9
      10
       5
       5
       3
       8
       7
       4
       9
       3
      13
       9
       4
       5
       6
       7
      10
       7
       8
      17
       8
       7
       9
       8
       8
       4
       9
       6
       8
       8
       7
      12
       7
       5
      10
       5
       5
       4
       3
       5
      10
       5
       6
       4
       6
      11
       6
       7
       5
       4
       4
       7
       5
       7
       7
       9
       6
       4
      10
      10
       5
       8
       5
      10
       2
       6
       4
       7
       9
       5
       8
       8
       5
      10
       5
       8
       2
       6
       8
       2
       7
       4
       8
      11
       5
       6
       4
       1
       7
       5
       4
       5
       6
      12
       8
      10
       8
       8
       6
       8
       9
      11
      14
      20
      30
      37
      43
      72
      94
     121
     165
     218
     294
     463
     610
     904
    1222
    1304
    1157
     800
     407
     196
      57
      11
       2
       5
       2
       2
       3
       1
       5
       0
       1
       1
       5
       4
       2
       3
       1
       2
       1
       1
       2
       1
       0
       1
       2
       2
       3
       2
       2
       1
       2
       5
       1
       3
       3
       5
       8
       2
       3
       4
       2
       1
       2
       4
       1
       0
       1
       1
       0
       7
       1
       2
       4
       5
       1
       6
       0
       2
       2
       6
       0
       1
       1
       2
       3
       1
       1
       0
       1
       2
       2
       0
       2
       3
       1
       0
       4
       5
       5
       2
       0
       1
       4
       1
       1
       3
       1
       4
       3
       4
       0
       2
       2
       4
       2
       1
       2
       3
       0
       0
       2
       4
       3
       3
       0
       3
       3
       3
       2
       5
       2
       4
       1
       3
       5
       2
       2
       2
       8
       4
       3
       2
       2
       1
       4
       0
       6
       2
       2
       1
       2
       3
       5
       1
       2
       2
       2
       3
       1
       2
       3
       2
       3
       0
       1
       1
       3
       2
       2
       1
       1
       1
       2
       2
       3
       2
       2
       2
       4
       2
       0
       1
       1
       1
       0
       3
       1
       2
       2
       3
       3
       3
       1
       1
       1
       2
       3
       3
       2
       2
       2
       2
       1
       2
       3
       1
       2
       3
       2
       0
       4
       1
       2
       0
       2
       1
       4
       3
       2
       0
       3
       2
       1
       1
       4
       2
       2
       2
       0
       1
       1
       1
       1
       0
       2
       1
       1
       3
       2
       4
       2
       7
       0
       0
       5
       1
       3
       2
       2
       1
       1
       2
       3
       0
       2
       2
       1
       0
       3
       3
       2
       3
       5
       1
       2
       3
       3
       1
       4
       0
       1
       2
       3
       2
       2
       2
       3
       1
       2
       1
       1
       3
       3
       2
       2
       3
       0
       1
       3
       0
       1
       4
       1
       4
       1
       1
       3
       1
       2
       2
       1
       3
       2
       2
       1
       0
       3
       0
       3
       4
       0
       3
       2
       3
       0
       0
       2
       1
       0
       1
       4
       2
       2
       2
       1
       2
       5
       1
       3
       3
       1
       1
       2
       2
       1
       1
       3
       1
       2
       2
       2
       2
       3
       3
       0
       1
       0
       2
       2
       3
       1
       3
       3
       4
       4
       5
       3
       1
       1
       3
       1
       1
       1
       4
       0
       1
       0
       2
       0
       2
       3
       2
       1
       2
       0
       3
       1
       3
       3
       3
       1
       1
       0
       0
       7
       1
       4
       1
       2
       3
       2
       1
       1
       2
       0
       2
       0
       3
       4
       3
       2
       2
       2
       0
       2
       1
       3
       1
       0
       1
       1
       4
       1
       4
       1
       3
       3
       1
       1
       3
       1
       2
       5
       2
       0
       2
       2
       3
       1
       0
       4
       2
       1
       1
       3
       2
       0
       1
       1
       2
       3
       4
       2
       0
       2
       1
       1
       4
       4
       3
       4
       2
       2
       3
       1
       2
       2
       3
       3
       2
       1
       3
       2
       0
       2
       2
       0
       0
       1
       4
       3
       1
       1
       0
       2
       1
       2
       0
       2
       3
       2
       1
       0
       3
       3
       4
       3
       1
       1
       1
       1
       0
       3
       2
       1
       3
       2
       4
       1
       2
       1
       3
       4
       0
       2
       1
       3
       1
       1
       1
       1
       1
       1
       0
       5
       1
       4
       4
       2
       3
       1
       3
       1
       3
       5
       2
       2
       1
       1
       4
       3
       0
       1
       0
       1
       3
       3
       1
       0
       4
       0
       0
       2
       1
       1
       6
       1
       2
       3
       0
       4
       1
       2
       1
       0
       2
       1
       4
       2
       1
       3
       1
       0
       3
       1
       0
       1
       3
       1
       2
       1
       3
       0
       3
       3
       3
       2
       2
       0
       2
       3
       1
       1
       1
       1
       0
       0
       1
       2
       2
       3
       1
       2
       2
       3
       2
       1
       0
       3
       0
       1
       3
       1
       1
       1
       1
       5
       2
       2
       3
       2
       2
       2
       3
       1
       3
       0
       1
       3
       2
       2
       0
       1
       1
       1
       0
       1
       1
       2
       0
       1
       1
       1
       2
       1
       1
       1
       2
       4
       1
       3
       1
       1
       1
       5
       3
       1
       1
       3
       3
       2
       3
       0
       5
       0
       6
       0
       1
       4
       2
       1
       3
       1
       0
       0
       0
       2
       3
       0
       4
       1
       4
       2
       1
       3
       2
       2
       1
       1
       2
       4
       5
       0
       2
       5
       1
       1
       1
       3
       3
       2
       1
       2
       1
       1
       1
       2
       2
       1
       2
       3
       0
       1
       1
       0
       0
       0
       0
       4
       0
       0
       1
       3
       1
       1
       1
       4
       3
       1
       0
       2
       2
       0
       1
       6
       1
       3
       4
       3
       0
       1
       4
       0
       1
       4
       1
       1
       1
       3
       0
       1
       1
       0
       2
       1
       1
       2
       1
       0
       1
       0
       2
       0
       0
       0
       1
       1
       1
       0
       0
       3
       1
       2
       0
       4
       3
       3
       4
       1
       2
       1
       1
       2
       2
       2
       1
       0
       1
       1
       1
       0
       1
       0
       2
       3
       4
       1
       2
       1
       1
       0
       3
       4
       3
       2
       2
       1
       0
       1
       2
       3
       1
       1
       3
       0
       1
       3
       2
       1
       0
       2
       2
       0
       1
       2
       0
       4
       1
       1
       2
       1
       3
       0
       4
       4
       2
       4
       3
       1
       0
       1
       3
       2
       2
       1
       3
       2
       2
       0
       1
       3
       4
       2
       2
       2
       4
       4
       1
       4
       2
       3
       2
       2
       3
       1
       3
       2
       2
       4
       2
       1
       1
       6
       2
       3
       3
       4
       2
       0
       0
       3
       1
       0
       1
       3
       2
       1
       2
       2
       0
       2
       2
       2
       3
       2
       0
       0
       1
       0
       2
       2
       7
       4
       3
       2
       6
       1
       0
       2
       1
       2
       1
       2
       2
       1
       2
       2
       2
       0
       1
       1
       3
       1
       4
       1
       4
       2
       1
       0
       0
       0
       0
       1
       2
       3
       3
       1
       1
       3
       2
       3
       1
       3
       1
       1
       1
       2
       1
       1
       1
       0
       2
       1
       0
       0
       0
       4
       5
       2
       3
       2
       3
       0
       3
       2
       3
       3
       3
       3
       2
       0
       1
       1
       1
       1
       1
       1
       2
       3
       0
       1
       1
       1
       0
       1
       1
       1
       1
       1
       4
       2
       0
       2
       2
       1
       0
       3
       1
       0
       2
       1
       0
       1
       0
       1
       2
       2
       2
       1
       0
       4
       2
       0
       2
       2
       1
       2
       1
       1
       2
       2
       1
       3
       1
       0
       3
       0
       1
       3
       1
       1
       0
       1
       1
       1
       0
       2
       1
       3
       1
       1
       0
       2
       1
       1
       1
       2
       0
       2
       3
       5
       2
       0
       2
       1
       2
       1
       1
       1
       3
       1
       2
       2
       3
       2
       3
       0
       0
       2
       0
       2
       2
       3
       1
       2
       0
       0
       1
       1
       4
       0
       3
       1
       1
       2
       2
       3
       1
       2
       2
       1
       1
       1
       2
       2
       2
       1
       0
       0
       1
       0
       2
       0
       2
       1
       2
       3
       0
       2
       1
       2
       3
       1
       1
       1
       0
       4
       1
       0
       0
       2
       0
       0
       1
       0
       0
       3
       1
       2
       0
       3
       3
       6
       0
       1
       3
       2
       1
       2
       3
       1
       2
       2
       0
       2
       2
       1
       3
       3
       1
       1
       4
       3
       1
       1
       0
       2
       4
       0
       3
       4
       2
       1
       5
       3
       2
       2
       1
       3
       0
       1
       1
       1
       1
       0
       3
       3
       1
       1
       2
       1
       2
       1
       0
       1
       0
       2
       3
       2
       1
       1
       0
       1
       2
       1
       1
       3
       1
       3
       0
       1
       2
       3
       2
       1
       4
       4
       2
       2
       0
       3
       1
       1
       3
       0
       2
       2
       2
       2
       0
       0
       3
       4
       2
       4
       1
       1
       1
       3
       2
       0
       3
       5
       2
       3
       0
       1
       1
       3
       5
       1
       1
       2
       5
       0
       0
       1
       1
       2
       3
       0
       1
       2
       0
       0
       0
       4
       0
       2
       1
       3
       2
       1
       3
       2
       2
       2
       2
       1
       3
       0
       1
       2
       4
       1
       1
       1
       3
       7
       1
       2
       2
       2
       4
       5
       2
       3
       1
       2
       1
       1
       2
       3
       3
       3
       1
       1
       2
       0
       2
       2
       0
       1
       2
       1
       3
       2
       1
       5
       1
       0
       5
       1
       0
       3
       0
       0
       1
       1
       1
       0
       2
       4
       1
       2
       0
       3
       0
       0
       3
       0
       1
       4
       0
       0
       1
       4
       4
       1
       2
       0
       2
       1
       1
       1
       2
       2
       2
       4
       1
       1
       0
       0
       1
       1
       1
       0
       0
       1
       1
       0
       3
       1
       0
       1
       2
       1
       2
       1
       0
       1
       1
       0
       2
       1
       4
       1
       1
       2
       0
       0
       0
       5
       3
       1
       2
       2
       1
       0
       1
       1
       0
       2
       0
       2
       0
       1
       1
       1
       4
       1
       3
       0
       1
       0
       2
       0
       1
       2
       2
       0
       1
       2
       1
       0
       2
       2
       0
       1
       0
       2
       1
       1
       1
       1
       0
       0
       2
       1
       1
       1
       2
       1
       0
       1
       0
       1
       1
       2
       1
       0
       3
       1
       2
       1
       1
       4
       2
       2
       1
       3
       3
       2
       4
       0
       1
       0
       3
       0
       7
       1
       3
       1
       0
       2
       0
       3
       0
       2
       1
       5
       1
       1
       2
       0
       4
       3
       0
       2
       1
       2
       1
       0
       1
       0
       1
       0
       2
       0
       3
       1
       2
       1
       0
       2
       0
       0
       2
       1
       1
       1
       3
       3
       1
       3
       3
       2
       3
       1
       1
       0
       2
       2
       2
       0
       3
       5
       0
       2
       1
       1
       2
       0
       2
       1
       1
       0
       1
       2
       1
       1
       0
       1
       2
       2
       2
       2
       4
       3
       2
       4
       0
       0
       1
       1
       1
       1
       1
       0
       1
       1
       2
       2
       0
       2
       3
       1
       2
       0
       2
       1
       1
       2
       1
       0
       3
       2
       1
       2
       4
       1
       1
       4
       2
       0
       2
       0
       1
       1
       4
       1
       0
       2
       3
       1
       1
       1
       2
       1
       2
       2
       1
       1
       0
       3
       2
       3
       0
       0
       1
       0
       1
       4
       1
       2
       1
       1
       1
       0
       1
       2
       1
       0
       0
       0
       1
       2
       1
       1
       0
       2
       1
       2
       0
       1
       2
       0
       1
       4
       1
       0
       2
       3
       0
       1
       1
       0
       0
       1
       0
       2
       0
       2
       0
       3
       5
       3
       0
       2
       1
       0
       4
       2
       0
       2
       0
       2
       0
       1
       3
       2
       1
       2
       2
       2
       1
       3
       4
       1
       3
       0
       1
       1
       1
       3
       1
       3
       1
       0
       0
       2
       0
       1
       4
       2
       2
       2
       1
       2
       0
       0
       2
       2
       3
       2
       4
       1
       5
       2
       2
       2
       2
       2
       1
       1
       1
       2
       2
       1
       0
       0
       3
       0
       2
       0
       1
       2
       0
       0
       0
       3
       1
       2
       3
       2
       1
       2
       1
       1
       2
       0
       0
       1
       1
       1
       1
       5
       2
       1
       1
       2
       3
       0
       1
       1
       2
       3
       0
       1
       2
       1
       0
       3
       1
       3
       0
       0
       0
       0
       1
       2
       1
       2
       3
       0
       3
       2
       4
       0
       4
       1
       1
       1
       1
       1
       2
       2
       2
       1
       2
       0
       2
       1
       0
       0
       0
       2
       2
       0
       0
       2
       1
       3
       1
       2
       2
       1
       3
       2
       0
       3
       2
       0
       1
       3
       1
       3
       2
       1
       1
       1
       1
       3
       2
       2
       1
       0
       2
       1
       2
       2
       4
       0
       4
       2
       1
       0
       0
       1
       2
       0
       2
       0
       1
       0
       1
       0
       1
       2
       2
       0
       3
       1
       1
       1
       1
       0
       0
       0
       2
       2
       2
       1
       2
       3
       1
       1
       2
       0
       1
       0
       2
       2
       1
       0
       0
       0
       4
       1
       1
       1
       2
       0
       1
       2
       2
       0
       0
       2
       5
       0
       2
       1
       1
       2
       0
       1
       2
       1
       3
       5
       0
       4
       1
       0
       0
       1
       1
       3
       4
       3
       3
       1
       0
       4
       0
       1
       0
       1
       0
       1
       2
       0
       3
       2
       1
       1
       0
       0
       1
       1
       3
       1
       1
       0
       1
       3
       2
       2
       0
       1
       1
       3
       2
       1
       1
       1
       0
       2
       4
       1
       2
       3
       2
       0
       1
       0
       0
       3
       2
       3
       2
       1
       1
       0
       1
       2
       0
       3
       1
       0
       1
       1
       3
       0
       2
       2
       2
       2
       1
       0
       2
       2
       4
       0
       0
       2
       2
       0
       2
       1
       1
       2
       1
       1
       1
       1
       2
       1
       2
       3
       1
       2
       1
       1
       1
       2
       1
       0
       1
       1
       3
       1
       4
       1
       1
       0
       2
       0
       1
       0
       0
       4
       4
       2
       2
       2
       1
       3
       1
       2
       2
       2
       1
       1
       2
       1
       2
       2
       3
       1
       2
       1
       1
       1
       2
       1
       0
       2
       3
       5
       1
       0
       1
       1
       1
       0
       1
       3
       2
       1
       1
       2
       2
       0
       2
       2
       2
       2
       2
       1
       2
       0
       1
       3
       3
       1
       1
       0
       0
       2
       1
       0
       0
       1
       1
       0
       3
       1
       0
       0
       1
       1
       1
       1
       1
       0
       1
       0
       3
       0
       1
       2
       2
       1
       1
       0
       0
       1
       1
       2
       1
       2
       2
       1
       0
       2
       0
       0
       2
       3
       1
       0
       1
       1
       0
       5
       0
       2
       2
       0
       0
       2
       2
       0
       0
       1
       0
       0
       2
       2
       0
       1
       0
       5
       0
       2
       1
       4
       3
       2
       0
       1
       2
       1
       1
       1
       3
       1
       0
       1
       2
       1
       1
       1
       3
       2
       1
       1
       1
       1
       1
       3
       1
       0
       0
       0
       2
       0
       0
       2
       2
       3
       2
       2
       2
       2
       3
       5
       2
       0
       2
       1
       1
       1
       1
       0
       1
       2
       2
       1
       4
       1
       0
       0
       2
       2
       2
       0
       2
       2
       0
       0
       0
       1
       2
       1
       1
       0
       0
       1
       4
       1
       0
       0
       2
       1
       1
       1
       1
       1
       4
       0
       3
       3
       2
       1
       0
       1
       3
       1
       1
       1
       0
       3
       1
       1
       2
       1
       2
       0
       1
       1
       2
       2
       1
       1
       2
       1
       0
       2
       1
       3
       3
       0
       1
       3
       1
       1
       1
       2
       0
       1
       0
       1
       2
       1
       0
       1
       0
       2
       1
       1
       2
       2
       0
       2
       1
       0
       0
       1
       2
       3
       2
       0
       0
       0
       0
       3
       0
       1
       1
       3
       1
       1
       0
       1
       1
       1
       0
       1
       4
       1
       0
       1
       1
       1
       2
       0
       0
       0
       0
       2
       0
       0
       2
       0
       3
       1
       1
       0
       2
       1
       2
       0
       1
       2
       1
       2
       2
       2
       3
       0
       1
       3
       0
       0
       2
       4
       0
       0
       2
       1
       2
       0
       0
       0
       1
       1
       2
       3
       1
       1
       3
       2
       1
       2
       2
       2
       1
       1
       1
       0
       0
       0
       1
       3
       0
       2
       2
       2
       1
       2
       3
       1
       0
       1
       1
       3
       1
       0
       1
       1
       0
       3
       1
       1
       0
       1
       1
       0
       0
       3
       3
       1
       1
       2
       3
       0
       4
       0
       3
       2
       1
       1
       1
       0
       2
       2
       3
       1
       1
       3
       3
       0
       0
       0
       1
       2
       2
       1
       0
       1
       1
       2
       1
       1
       1
       0
       2
       2
       2
       2
       1
       1
       2
       0
       0
       3
       1
       5
       1
       0
       1
       2
       1
       0
       0
       1
       1
       3
       6
       1
       1
       2
       0
       1
       1
       1
       2
       2
       1
       4
       2
       0
       0
       1
       0
       0
       2
       0
       1
       2
       0
       0
       1
       3
       0
       0
       0
       2
       1
       0
       0
       1
       0
       3
       2
       1
       2
       0
       0
       1
       3
       1
       1
       2
       1
       4
       0
       1
       2
       1
       3
       1
       1
       1
       1
       2
       0
       2
       1
       1
       3
       1
       0
       0
       0
       1
       2
       1
       3
       0
       1
       0
       4
       3
       0
       1
       1
       1
       2
       0
       2
       1
       2
       0
       1
       0
       0
       2
       1
       0
       1
       0
       0
       0
       0
       2
       3
       4
       0
       2
       1
       1
       4
       2
       2
       4
       1
       2
       3
       3
       1
       1
       1
       2
       1
       0
       0
       2
       2
       0
       3
       0
       0
       2
       2
       0
       2
       1
       0
       1
       2
       1
       2
       3
       1
       0
       1
       0
       2
       0
       1
       0
       2
       1
       1
       0
       1
       0
       1
       0
       1
       1
       1
       2
       1
       2
       3
       2
       0
       1
       2
       1
       0
       1
       2
       2
       2
       1
       1
       1
       1
       0
       1
       0
       0
       3
       0
       0
       1
       0
       1
       0
       3
       3
       2
       3
       1
       3
       1
       2
       2
       0
       0
       2
       0
       2
       1
       1
       2
       3
       2
       3
       1
       2
       0
       1
       1
       2
       1
       0
       1
       1
       1
       1
       0
       0
       1
       2
       2
       1
       1
       0
       2
       1
       1
       0
       1
       0
       1
       1
       0
       2
       0
       1
       1
       1
       0
       0
       0
       1
       2
       2
       3
       5
       0
       1
       2
       1
       4
       1
       0
       0
       1
       1
       0
       0
       1
       1
       2
       0
       0
       2
       3
       1
       3
       1
       1
       1
       2
       2
       1
       2
       2
       1
       1
       2
       2
       3
       1
       0
       2
       2
       3
       1
       0
       0
       0
       2
       1
       3
       5
       0
       3
       0
       2
       1
       3
       0
       1
       0
       0
       1
       0
       1
       1
       0
       0
       1
       0
       0
       2
       1
       1
       0
       2
       4
       2
       0
       2
       0
       0
       2
       2
       3
       3
       2
       0
       0
       1
       2
       1
       1
       4
       1
       1
       2
       1
       1
       1
       1
       1
       1
       1
       0
       0
       2
       0
       3
       1
       2
       4
       2
       2
       2
       0
       2
       0
       0
       3
       1
       3
       0
       3
       0
       1
       0
       4
       1
       1
       1
       1
       1
       1
       0
       0
       0
       1
       2
       1
       3
       1
       0
       1
       2
       3
       0
       2
       1
       0
       3
       0
       2
       2
       0
       2
       0
       3
       2
       3
       0
       0
       0
       1
       1
       1
       1
       1
       2
       3
       0
       2
       1
       1
       1
       2
       1
       0
       3
       0
       0
       3
       1
       1
       1
       2
       0
       0
       0
       0
       3
       1
       0
       1
       2
       3
       1
       0
       2
       0
       0
       0
       1
       0
       2
       2
       0
       0
       1
       1
       0
       0
       1
       0
       1
       1
       0
       2
       1
       0
       0
       2
       0
       1
       0
       1
       1
       1
       0
       0
       2
       0
       0
       3
       2
       0
       0
       1
       5
       3
       1
       3
       1
       1
       3
       1
       1
       1
       2
       1
       0
       0
       1
       0
       0
       1
       1
       1
       1
       1
       1
       2
       1
       0
       1
       0
       2
       2
       0
       1
       2
       3
       0
       3
       1
       1
       0
       0
       0
       1
       1
       4
       2
       1
       2
       1
       3
       3
       2
       1
       1
       1
       1
       0
       1
       0
       1
       1
       2
       1
       2
       0
       1
       0
       0
       1
       0
       2
       1
       0
       2
       0
       2
       1
       1
       0
       0
       1
       0
       3
       1
       1
       1
       0
       2
       0
       1
       1
       0
       1
       0
       3
       0
       0
       0
       2
       2
       1
       1
       0
       3
       0
       2
       2
       5
       1
       1
       3
       1
       0
       1
       2
       1
       1
       1
       0
       0
       2
       0
       1
       0
       0
       1
       0
       0
       2
       0
       1
       1
       2
       1
       1
       0
       1
       0
       1
       3
       1
       2
       0
       1
       3
       3
       0
       2
       0
       1
       1
       1
       1
       1
       0
       0
       1
       2
       0
       1
       0
       2
       3
       1
       2
       2
       2
       0
       2
       0
       2
       1
       3
       1
       3
       2
       0
       4
       2
       2
       1
       1
       0
       2
       1
       1
       0
       2
       2
       0
       0
       0
       1
       2
       5
       0
       2
       2
       0
       3
       2
       2
       3
       3
       0
       1
       0
       2
       0
       1
       1
       1
       2
       1
       3
       2
       2
       2
       2
       1
       2
       0
       2
       2
       1
       0
       3
       1
       1
       0
       3
       1
       2
       1
       0
       1
       1
       2
       1
       2
       3
       1
       2
       2
       0
       0
       0
       0
       2
       2
       2
       0
       3
       2
       0
       0
       1
       0
       0
       1
       1
       0
       0
       1
       1
       0
       2
       0
       1
       1
       0
       1
       2
       2
       1
       2
       0
       1
       1
       2
       1
       0
       0
       1
       2
       0
       0
       4
       0
       2
       2
       2
       3
       4
       1
       0
       3
       3
       1
       1
       2
       0
       2
       0
       2
       1
       1
       2
       2
       1
       4
       0
       0
       1
       0
       0
       1
       1
       0
       2
       0
       1
       1
       1
       3
       1
       1
       0
       0
       2
       2
       0
       1
       0
       0
       1
       0
       0
       1
       1
       0
       1
       1
       3
       0
       0
       0
       1
       3
       0
       0
       0
       1
       0
       0
       3
       1
       2
       1
       1
       0
       1
       0
       2
       0
       2
       2
       0
       1
       1
       1
       0
       1
       0
       2
       1
       1
       4
       2
       1
       0
       0
       1
       1
       2
       1
       0
       1
       4
       1
       1
       2
       4
       1
       1
       5
       0
       0
       0
       2
       1
       1
       0
       1
       0
       1
       2
       3
       0
       2
       0
       1
       0
       0
       1
       0
       1
       2
       0
       1
       1
       1
       0
       3
       1
       2
       0
       2
       1
       0
       2
       1
       1
       0
       1
       1
       0
       1
       2
       0
       0
       1
       1
       0
       1
       0
       0
       0
       0
       1
       2
       0
       0
       0
       1
       1
       4
       2
       1
       1
       0
       0
       3
       0
       2
       2
       0
       1
       0
       0
       2
       0
       3
       1
       0
       1
       1
       1
       0
       0
       1
       1
       2
       1
       0
       0
       1
       1
       1
       1
       1
       0
       2
       0
       0
       0
       1
       0
       0
       1
       2
       0
       1
       0
       1
       1
       1
       1
       3
       2
       1
       1
       0
       0
       2
       2
       2
       0
       1
       2
       1
       0
       2
       0
       2
       3
       3
       1
       0
       2
       2
       0
       3
       0
       2
       2
       0
       2
       1
       2
       2
       1
       2
       1
       0
       2
       2
       2
       0
       0
       2
       2
       1
       1
       1
       0
       0
       1
       2
       0
       0
       1
       2
       2
       1
       0
       0
       0
       4
       0
       0
       0
       0
       1
       0
       2
       2
       3
       1
       0
       2
       2
       1
       2
       2
       0
       2
       2
       0
       0
       3
       1
       0
       2
       3
       0
       0
       1
       1
       0
       2
       0
       1
       1
       1
       1
       0
       1
       2
       2
       3
       2
       0
       0
       0
       0
       0
       2
       0
       1
       3
       1
       5
       0
       1
       3
       0
       1
       0
       0
       1
       0
       2
       2
       1
       0
       1
       1
       0
       2
       3
       0
       0
       2
       0
       3
       3
       2
       1
       1
       1
       3
       2
       1
       2
       0
       0
       2
       1
       3
       1
       1
       0
       1
       1
       2
       1
       0
       1
       4
       3
       1
       1
       0
       2
       2
       0
       1
       2
       1
       0
       1
       1
       1
       2
       1
       2
       1
       1
       1
       5
       0
       0
       0
       1
       2
       1
       1
       3
       0
       2
       2
       1
       1
       0
       1
       2
       0
       1
       0
       2
       0
       4
       1
       2
       1
       0
       2
       1
       0
       0
       2
       2
       2
       1
       1
       2
       2
       2
       1
       1
       0
       3
       0
       1
       1
       0
       1
       1
       0
       1
       0
       0
       2
       0
       2
       0
       0
       2
       3
       0
       0
       0
       2
       0
       1
       1
       0
       1
       0
       0
       2
       0
       0
       1
       1
       2
       3
       3
       0
       0
       1
       2
       1
       0
       0
       0
       0
       2
       0
       1
       0
       0
       2
       2
       0
       1
       0
       1
       0
       2
       1
       1
       1
       1
       1
       0
       0
       1
       1
       0
       0
       1
       2
       2
       1
       0
       2
       1
       0
       1
       1
       1
       0
       1
       4
       0
       1
       0
       1
       1
       1
       1
       2
       0
       2
       1
       3
       3
       1
       0
       1
       1
       0
       0
       0
       2
       0
       0
       0
       1
       1
       3
       4
       1
       0
       2
       1
       2
       2
       1
       4
       3
       1
       1
       1
       0
       0
       0
       0
       0
       0
       2
       3
       0
       2
       2
       0
       1
       2
       2
       1
       0
       2
       2
       3
       1
       0
       0
       2
       2
       2
       3
       1
       0
       1
       1
       1
       1
       0
       2
       2
       2
       1
       2
       1
       0
       0
       1
       2
       0
       0
       0
       0
       0
       0
       0
       0
       0
       0
       0
       0
       0
       0
       0
       0
       0
       0
       0
       0
       0
       0
       0
       0
       0
       0
       0
       0
       0
       0
       0
       0
       0
       0
       0
       0
       0
       0
       0
       0
       0
       0
       0
       0
       0
       0
       0
       0
       0
       0
       0
       0
       0
       0
       0
       0
       0
       0
       0
       0
       0
       0
       0
       0
       0
       0
       0
       0
       0
       0
       0
       0
       0
       0
       0
       0
       0
       0
       0
       0
       0
       0
       0
       0
       0
       0
       0
       0
       0
       0
       0
       0
       0
       0
       0
       0
       0
       0
       0
       0
       0
       0
       0
       0
       0
       0
       0
       0
       0
       0
       0
       0
       0
       0
       0
       0
       0
       0
       0
       0
       0
       0
       0
       0
       0
       0
       0
       0
       0
$ROI:
0
$PRESETS:
None
0
0
$ENER_FIT:
0.000000 0.536422
$MCA_CAL:
3
0.000000E+000 5.364218E-001 0.000000E+000 keV
$SHAPE_CAL:
3
3.032570E+000 0.000000E+000 0.000000E+000
