$SPEC_ID:
No sample description was entered.
$SPEC_REM:
DET# 1
DETDESC# DESKTOP-AKUPN2F Easy-MCA-8k SN 09022236
AP# Maestro Version 7.01
$DATE_MEA:
02/03/2017 16:06:41
$MEAS_TIM:
5784 5809
$DATA:
0 8191
       0
       0
       0
       0
       0
       0
       0
       0
      24
      18
       9
       7
       5
       0
       0
       0
       0
       0
       0
       0
       0
       0
       0
       0
       0
       0
       0
       0
       0
       0
       0
       0
       0
       0
       0
       0
       0
       0
       0
       0
       0
       0
       0
       0
       0
       0
       0
       0
       0
       0
       0
       0
       0
       0
       0
       0
       0
       1
       7
      35
     103
     173
     184
     448
     587
     510
     209
     101
     149
     578
     747
     636
     599
     676
     674
     683
     686
     696
     706
     696
     733
     758
     740
     751
     740
     767
     758
     802
     781
     823
     832
     793
     855
     864
     891
     888
     896
     970
     887
     978
     913
     995
    1011
    1047
    1119
    1121
    1065
     996
    1131
    1068
    1081
    1138
    1121
    1157
    1139
    1203
    1263
    1556
    1981
    2289
    2388
    2693
    3154
    3084
    2495
    1751
    1326
    1238
    1189
    1137
    1110
    1141
    1113
    1210
    1211
    1148
    1309
    1600
    1903
    2037
    1831
    1545
    1435
    1495
    1380
    1323
    1230
    1196
    1206
    1209
    1194
    1197
    1251
    1204
    1172
    1114
    1156
    1177
    1115
    1087
    1182
    1118
    1182
    1164
    1221
    1138
    1130
    1147
    1140
    1164
    1106
    1175
    1117
    1134
    1166
    1122
    1130
    1163
    1154
    1114
    1142
    1144
    1167
    1094
    1177
    1124
    1062
    1123
    1085
    1078
    1165
    1127
    1103
    1136
    1077
    1110
    1078
    1081
    1106
    1106
    1110
    1108
    1058
    1120
    1061
    1038
    1080
    1118
    1054
    1066
    1052
    1049
    1081
    1082
    1062
    1075
     991
    1046
    1007
    1025
     991
    1002
    1085
    1021
    1021
    1014
     966
    1032
    1009
    1035
    1018
    1018
    1007
     985
    1031
     970
     990
     977
     999
     983
     971
     916
     908
     976
     959
    1004
     961
     875
     951
     921
     916
     986
     925
     839
     953
     858
     857
     904
     830
     904
     921
     912
     882
     879
     828
     857
     848
     881
     891
     847
     808
     827
     821
     848
     838
     888
     809
     780
     855
     868
     841
     864
     808
     871
     841
     775
     851
     844
     796
     829
     775
     769
     825
     857
     884
     806
     865
     843
     832
     834
     874
     865
     893
     881
     936
     885
     814
     866
     830
     829
     842
     852
     774
     793
     776
     795
     806
     806
     778
     796
     734
     758
     763
     799
     739
     733
     806
     786
     790
     790
     739
     717
     757
     771
     757
     720
     722
     688
     689
     713
     745
     685
     774
     676
     645
     726
     701
     661
     694
     714
     654
     671
     705
     659
     717
     712
     649
     616
     667
     656
     649
     677
     656
     720
     649
     653
     669
     680
     639
     633
     636
     655
     700
     692
     683
     599
     609
     602
     626
     629
     593
     602
     577
     585
     620
     578
     600
     670
     714
     799
     833
     749
     677
     611
     620
     663
     580
     626
     544
     573
     527
     568
     606
     548
     541
     563
     548
     511
     550
     534
     554
     543
     540
     541
     533
     496
     528
     557
     513
     523
     500
     493
     544
     555
     484
     527
     541
     496
     526
     529
     520
     500
     508
     463
     490
     484
     501
     549
     468
     547
     542
     496
     525
     525
     511
     498
     473
     502
     481
     492
     506
     482
     474
     481
     473
     489
     475
     495
     488
     474
     438
     456
     444
     440
     477
     459
     479
     493
     445
     489
     483
     461
     441
     483
     503
     445
     455
     448
     441
     435
     480
     541
     534
     502
     478
     499
     467
     478
     449
     490
     466
     472
     483
     456
     437
     513
     431
     441
     457
     462
     446
     442
     448
     434
     431
     427
     439
     479
     455
     405
     417
     446
     423
     464
     479
     453
     413
     448
     411
     420
     442
     445
     416
     421
     455
     451
     406
     397
     440
     405
     444
     424
     408
     420
     430
     471
     432
     441
     416
     455
     418
     396
     458
     445
     460
     434
     457
     415
     415
     435
     475
     448
     484
     452
     453
     419
     434
     410
     434
     401
     420
     395
     434
     411
     414
     410
     420
     421
     461
     455
     396
     422
     477
     555
     589
     588
     583
     464
     441
     446
     400
     452
     396
     402
     409
     397
     407
     418
     432
     425
     397
     414
     406
     413
     397
     407
     406
     398
     429
     412
     417
     421
     398
     398
     395
     421
     404
     450
     433
     411
     422
     408
     387
     409
     428
     432
     399
     409
     390
     403
     430
     406
     434
     389
     406
     406
     386
     395
     413
     395
     427
     444
     410
     447
     438
     423
     442
     428
     419
     430
     421
     398
     426
     424
     442
     464
     424
     427
     439
     416
     424
     441
     413
     436
     437
     443
     471
     441
     423
     413
     438
     433
     469
     452
     487
     475
     406
     482
     417
     456
     441
     446
     418
     459
     466
     429
     432
     467
     428
     492
     439
     438
     450
     439
     491
     467
     413
     467
     474
     470
     510
     480
     450
     451
     466
     461
     439
     456
     490
     448
     447
     438
     472
     455
     506
     467
     469
     511
     443
     469
     467
     491
     477
     469
     469
     456
     501
     539
     534
     481
     513
     504
     467
     502
     504
     462
     484
     516
     543
     524
     496
     512
     497
     490
     498
     486
     485
     584
     470
     484
     537
     515
     521
     484
     538
     538
     503
     534
     514
     510
     516
     545
     535
     539
     531
     570
     547
     554
     532
     557
     523
     594
     564
     512
     556
     536
     569
     534
     532
     550
     514
     481
     522
     521
     501
     489
     476
     500
     453
     457
     416
     417
     402
     415
     404
     394
     373
     395
     367
     336
     378
     347
     349
     376
     367
     362
     372
     341
     359
     327
     334
     327
     332
     315
     323
     345
     325
     351
     321
     282
     319
     282
     285
     317
     311
     303
     286
     278
     311
     277
     286
     278
     286
     279
     287
     278
     297
     272
     315
     259
     307
     328
     337
     341
     353
     362
     320
     273
     237
     269
     263
     256
     281
     250
     249
     235
     233
     225
     229
     265
     233
     232
     231
     219
     228
     217
     222
     216
     237
     221
     241
     203
     230
     232
     226
     226
     221
     191
     210
     211
     207
     186
     187
     188
     187
     195
     190
     218
     205
     226
     209
     184
     203
     192
     188
     158
     201
     213
     193
     167
     191
     210
     165
     174
     170
     188
     186
     168
     188
     197
     190
     211
     179
     174
     190
     164
     168
     185
     174
     180
     190
     169
     174
     193
     157
     168
     192
     170
     160
     168
     177
     176
     150
     152
     172
     133
     160
     146
     173
     157
     190
     177
     184
     149
     168
     155
     151
     155
     171
     165
     159
     145
     162
     151
     180
     164
     166
     176
     191
     222
     258
     282
     296
     253
     193
     159
     171
     158
     173
     168
     171
     164
     198
     187
     158
     178
     147
     165
     170
     163
     147
     142
     152
     193
     170
     189
     168
     166
     166
     169
     144
     168
     156
     150
     176
     165
     179
     176
     184
     168
     183
     223
     274
     329
     389
     303
     275
     198
     187
     171
     173
     185
     174
     172
     167
     207
     166
     171
     183
     193
     174
     180
     199
     188
     154
     184
     177
     164
     169
     193
     194
     154
     179
     177
     200
     200
     215
     194
     181
     196
     171
     195
     194
     202
     158
     167
     189
     176
     184
     198
     188
     183
     185
     186
     176
     195
     183
     167
     193
     189
     200
     200
     172
     163
     169
     170
     212
     164
     183
     194
     179
     192
     152
     168
     174
     138
     175
     173
     173
     175
     169
     196
     158
     182
     246
     739
    3149
    9303
   18738
   26218
   24899
   16121
    7057
    1929
     338
      92
      67
      55
      48
      47
      52
      44
      52
      79
      48
      48
      53
      49
      58
      63
      48
      59
      54
      54
      49
      57
      69
      57
      53
      60
      51
      46
      46
      59
      56
      60
      49
      53
      46
      45
      50
      55
      56
      47
      51
      56
      45
      60
      52
      60
      43
      39
      49
      60
      53
      46
      65
      53
      47
      49
      36
      44
      55
      44
      54
      56
      49
      62
      63
      66
      62
      60
      57
      58
      54
      62
      56
      54
      47
      46
      38
      43
      59
      54
      61
      52
      50
      57
      46
      63
      52
      44
      51
      37
      49
      54
      46
      53
      52
      55
      50
      47
      44
      59
      49
      66
      97
      76
      62
      69
      53
      47
      50
      51
      44
      51
      46
      24
      59
      38
      50
      67
      49
      54
      45
      52
      54
      48
      50
      58
      34
      45
      42
      45
      48
      40
      53
      33
      47
      46
      51
      40
      40
      40
      41
      47
      36
      39
      37
      40
      42
      40
      47
      54
      52
      39
      48
      52
      46
      43
      40
      42
      43
      52
      44
      52
      39
      44
      39
      43
      54
      58
      61
      52
      68
      68
      42
      29
      41
      43
      48
      53
      47
      41
      32
      50
      46
      43
      42
      43
      49
      50
      48
      57
      42
      30
      45
      45
      47
      34
      53
      51
      58
      48
      48
      37
      48
      49
      43
      43
      29
      52
      39
      54
      50
      49
      61
      51
      45
      38
      41
      39
      51
      27
      41
      51
      41
      30
      43
      46
      48
      50
      49
      34
      53
      52
      41
      49
      43
      42
      52
      44
      30
      40
      37
      33
      37
      48
      41
      37
      51
      50
      34
      50
      37
      44
      40
      45
      43
      42
      39
      36
      52
      51
      53
      56
      38
      40
      41
      28
      38
      38
      35
      39
      51
      41
      34
      51
      41
      37
      46
      44
      44
      41
      47
      32
      26
      47
      35
      42
      48
      48
      52
      36
      40
      29
      45
      33
      38
      33
      44
      41
      36
      35
      38
      36
      36
      46
      42
      46
      46
      29
      43
      40
      35
      32
      51
      24
      37
      34
      39
      36
      49
      59
      53
      46
      44
      40
      45
      38
      38
      30
      38
      31
      35
      41
      39
      50
      49
      39
      40
      44
      40
      40
      33
      34
      43
      37
      32
      43
      29
      39
      44
      45
      30
      41
      32
      42
      45
      41
      38
      34
      28
      28
      35
      41
      30
      27
      37
      37
      35
      43
      32
      34
      34
      40
      27
      40
      37
      31
      35
      30
      37
      44
      37
      43
      38
      37
      45
      38
      41
      38
      44
      40
      36
      41
      46
      34
      33
      39
      38
      41
      43
      71
      91
     123
     117
     119
      75
      49
      35
      24
      28
      28
      34
      39
      28
      41
      39
      46
      38
      35
      32
      33
      34
      40
      38
      38
      27
      39
      33
      31
      40
      28
      18
      39
      40
      33
      28
      40
      28
      33
      62
      45
      42
      42
      42
      43
      29
      28
      40
      28
      27
      30
      29
      35
      37
      37
      45
      29
      37
      35
      27
      30
      44
      41
      27
      31
      45
      38
      35
      46
      27
      28
      31
      26
      33
      40
      21
      37
      31
      42
      28
      32
      37
      36
      27
      32
      33
      40
      38
      67
      48
      72
      47
      50
      50
      57
      66
     101
     103
      88
      45
      48
      40
      38
      35
      35
      41
      31
      29
      35
      42
      34
      25
      39
      29
      36
      33
      33
      24
      29
      36
      42
      37
      30
      31
      38
      38
      39
      27
      29
      35
      29
      27
      37
      32
      25
      34
      29
      33
      34
      35
      31
      25
      34
      25
      28
      32
      30
      30
      32
      27
      24
      35
      39
      22
      32
      34
      30
      34
      36
      35
      35
      40
      26
      27
      34
      35
      32
      33
      26
      33
      33
      38
      24
      24
      31
      35
      38
      26
      33
      29
      30
      21
      28
      23
      35
      25
      37
      35
      31
      30
      48
      28
      22
      35
      27
      39
      34
      31
      23
      36
      34
      24
      27
      34
      26
      30
      32
      29
      29
      28
      35
      34
      26
      24
      22
      28
      33
      25
      40
      27
      37
      35
      31
      30
      34
      27
      42
      24
      20
      32
      28
      40
      36
      22
      31
      36
      33
      33
      23
      29
      31
      26
      34
      29
      38
      23
      34
      25
      30
      34
      35
      37
      33
      24
      29
      28
      29
      34
      33
      32
      27
      31
      28
      29
      29
      32
      30
      35
      47
      37
      27
      29
      27
      25
      34
      43
      28
      29
      34
      31
      29
      27
      27
      24
      27
      28
      27
      29
      24
      37
      28
      35
      35
      35
      37
      41
      29
      34
      16
      42
      31
      33
      39
      33
      30
      34
      40
      23
      32
      33
      31
      36
      37
      35
      29
      31
      30
      33
      27
      35
      26
      28
      30
      25
      26
      41
      38
      32
      29
      21
      34
      35
      21
      24
      21
      28
      22
      24
      35
      38
      45
      52
      69
      95
      92
      69
      50
      33
      29
      25
      38
      23
      38
      23
      28
      28
      28
      33
      38
      32
      25
      26
      26
      27
      37
      32
      31
      30
      31
      37
      35
      26
      32
      32
      32
      30
      27
      31
      31
      33
      44
      33
      33
      33
      27
      29
      26
      28
      31
      41
      29
      32
      47
      26
      38
      33
      18
      37
      35
      34
      28
      51
      37
      24
      28
      28
      40
      29
      23
      32
      33
      26
      25
      26
      26
      35
      29
      37
      16
      29
      35
      31
      45
      42
      39
      24
      32
      42
      30
      40
      35
      38
      34
      32
      38
      29
      23
      30
      36
      32
      38
      33
      31
      37
      40
      36
      35
      37
      36
      29
      35
      49
      29
      29
      44
      28
      37
      25
      38
      27
      25
      41
      32
      36
      39
      27
      37
      28
      23
      32
      30
      39
      34
      36
      32
      31
      20
      32
      30
      36
      31
      37
      46
      32
      35
      35
      33
      37
      38
      23
      37
      34
      32
      39
      39
      23
      32
      37
      36
      31
      38
      36
      41
      36
      36
      42
      38
      32
      21
      32
      29
      31
      30
      33
      43
      32
      46
      35
      34
      36
      38
      35
      29
      37
      25
      29
      28
      42
      27
      39
      31
      37
      36
      47
      61
      61
      54
      67
      46
      39
      36
      34
      22
      25
      23
      28
      30
      31
      27
      26
      34
      28
      32
      22
      18
      27
      23
      18
      23
      21
      25
      28
      30
      29
      29
      21
      29
      20
      20
      26
      23
      21
      31
      22
      22
      20
      24
      26
      21
      23
      27
      21
      22
      24
      19
      25
      26
      25
      23
      13
      16
      21
      32
      16
      14
      24
      20
      21
      29
      17
      20
      23
      24
      33
      23
      26
      29
      24
      30
      20
      19
      21
      18
      20
      25
      19
      24
      21
      22
      15
      26
      19
      22
      20
      20
      24
      18
      21
      21
      22
       9
      22
      17
      14
      23
      15
      20
      21
      17
      21
      13
      18
      23
      15
      21
      14
      24
      18
      18
      16
      21
      17
      11
      24
      22
      15
      22
      20
      25
      17
      26
      15
      17
      15
      17
      16
      17
      15
       7
      18
      22
      18
      19
      19
      14
      19
      20
      13
      23
      12
      19
      26
      18
      20
      17
      16
       9
      23
      11
      18
      14
      22
      15
      14
      17
      15
      21
      21
      16
      21
      12
      19
      15
      18
      13
      14
      16
      13
      13
      16
      13
      17
      14
      13
      14
       9
      13
      14
       9
      18
      13
      14
       9
      10
      15
      13
      17
      13
      12
      16
      21
      14
      17
      10
       8
      17
      22
      16
      19
      12
       8
      21
      15
       9
       8
      11
      14
      14
      13
       9
      12
      14
       9
      18
      10
       9
      11
      14
       7
      14
      12
      24
      18
      30
      21
      23
      17
      13
      11
       7
      14
      11
      10
      18
      15
      16
      18
      21
      12
       6
      13
       8
       9
       6
      16
       7
       9
       7
      13
      11
      11
       9
       9
      13
       4
      10
      16
       9
      11
      14
      20
      17
      13
       8
      10
       8
      19
      10
       8
      12
      17
      17
      13
      14
      18
      10
      13
      13
       8
      12
      10
      11
      11
       8
      13
      10
       8
       9
      10
      11
      22
       7
      14
       8
      13
      11
       4
       8
      12
      12
      10
      16
      14
      11
       9
      10
       9
       6
       4
      16
       9
      12
       9
      11
      10
       6
       9
       5
      12
      11
      12
       9
      12
       7
       8
      15
      16
      11
       9
      11
       8
      10
      13
      12
      14
      12
      11
       7
      14
      10
      15
       6
       4
       8
       8
      12
       7
      13
      13
      15
      29
      27
      46
      89
     145
     280
     432
     678
     765
     738
     554
     318
     129
      39
      13
       5
       4
       1
       6
       5
       6
       8
       7
       6
       3
       6
       3
       6
       5
       6
       5
       7
       9
       3
       8
       7
       5
       5
       9
      14
       4
       0
       4
       8
       6
       9
       9
       3
       4
       3
       5
       5
      11
       1
       6
       3
       7
       5
       5
       4
       6
       8
       4
      13
      11
       8
       7
      13
      10
      10
       5
      10
       9
       8
       6
       2
      11
       9
       4
       2
       7
       5
       3
       4
       9
       8
      11
      17
       9
      12
       7
       9
       5
       6
       7
       0
       4
       9
       4
       2
       7
       4
       9
       2
       5
       2
       3
       4
       5
       5
       7
       7
       3
       6
       1
       5
       3
       7
       6
       8
       8
       6
       5
       7
       6
       4
       4
       5
       2
       7
       5
       7
       6
       9
       9
       6
       9
       6
       5
       7
       4
       4
       5
       5
       8
       6
       5
       6
       2
       5
       2
       5
       7
       7
       3
       4
       1
       7
       6
       8
       8
       8
       5
       7
       6
       2
       8
       3
       7
       2
       2
       7
       2
       2
       4
       7
       2
       7
       3
       9
       3
       5
       5
       5
       1
       4
       4
       1
      11
       4
       5
       4
       8
       4
       4
       4
       4
       5
       5
       3
       4
       7
       6
       8
       7
       3
       8
       8
       7
       7
       5
       6
      11
      14
      14
      17
      13
      13
      15
      11
       8
       7
      10
      22
      14
      18
      10
       9
       8
       5
       5
       6
       3
       6
       1
       2
       2
       8
       4
       5
       4
       7
       3
       7
       6
       2
       5
       7
       5
       7
       6
       9
       9
       2
       3
       5
       1
       2
       2
       3
       3
       2
       1
       3
       5
       8
       7
       8
       4
      10
       9
      10
       5
      10
       8
       9
       5
       5
       2
       5
       3
       2
       7
       8
       9
       4
       6
       8
      10
       9
       2
       5
       5
       3
       3
       4
       3
       6
       5
       4
       3
       6
       1
       5
       8
       5
       7
       7
       4
       2
       0
       6
       5
       2
       3
       1
       3
       2
       5
       3
       3
       4
       7
       1
       0
       4
      11
       3
       2
       8
       4
       1
       7
       5
      11
       9
       7
       8
       2
       3
       1
       3
       4
       4
       5
       2
       3
       3
       3
       7
       2
       1
       6
       6
       4
       1
       3
       3
       6
       1
       1
       4
       7
       7
       4
       2
       2
       6
       3
       8
       3
       8
       3
       6
       4
       2
       6
       3
       2
       3
       5
       2
       3
       2
       6
       5
       1
       0
       6
       5
       5
       3
       5
       5
       0
       5
       1
       0
       7
       1
       3
       1
       0
       3
       2
       3
       7
       5
       3
       5
       4
       8
       5
       2
       1
       5
       3
       4
       2
       6
       4
       5
       1
       3
       2
       2
       1
       5
       5
       1
       3
       2
       5
       4
       4
       3
       2
       2
       3
       5
       3
       7
       6
       8
       8
      11
       8
      11
       8
       9
       4
       1
       3
       3
       3
       3
       3
       1
       5
       4
       4
       4
       4
       3
       4
       1
       3
       1
       4
       4
       1
       5
       8
       6
       0
       1
       7
       2
       3
       4
       2
       4
       3
       3
       2
       6
       2
       4
       4
       6
       1
       6
       5
       2
       5
       3
       6
       9
       9
      21
      21
      44
      42
      52
      51
      42
      29
      17
       4
       2
       6
       0
       0
       1
       4
       3
       6
       2
       5
       2
       3
       5
       2
       5
       2
       0
       2
       3
       9
       1
       3
       3
       1
       6
       1
       5
       2
       2
       4
       3
       3
       3
       2
       2
       3
       1
       5
       3
       4
       4
       3
       4
       2
       2
       4
       3
       5
       4
       3
       4
       2
       4
       3
       4
       6
       2
       4
       5
       3
       8
       5
       5
       3
       4
       3
       4
       3
       2
       2
       9
       4
       3
       2
       3
       2
       4
       5
       6
       3
       1
       4
       2
       2
       2
       5
       2
       7
       5
       3
       2
       5
       1
       4
       6
       2
       1
       3
       5
       4
       7
       2
       2
       7
       4
       3
       3
       2
       4
       1
       0
       5
       4
       7
       3
       4
       1
       2
       4
       3
       3
       2
       3
       3
       4
       5
       9
       6
       8
      13
      10
       5
       3
       4
       3
       7
       2
       2
       3
       5
       8
       1
       6
       6
       6
       2
       2
       1
       5
       4
       1
       6
       3
       8
       4
       8
       4
       2
       0
       4
       6
       2
       4
       2
       1
       3
       5
       1
       2
       3
       1
       6
       5
       1
       7
       3
       2
       1
       4
       4
       4
       2
       1
       2
       3
       2
       4
       5
       6
       4
       2
       4
       1
       2
       4
       4
       1
       5
       5
       1
       4
       3
       5
       5
       4
       4
       2
       4
       6
       2
       5
       4
       2
       2
       7
       3
       2
       5
       9
       2
       5
       3
       1
       2
       2
       6
       1
       7
       1
       3
       4
       3
       4
       1
       4
       1
       0
       2
       1
       4
       2
       4
       2
       3
       2
       3
       5
       4
       1
       3
       2
       1
       1
       1
       0
       3
       3
       5
       2
       2
       4
       3
       3
       6
       2
       4
       4
       3
       3
       1
       4
       3
       3
       7
       2
       2
       4
       4
       4
       3
       4
       6
       3
       4
       2
       3
       3
       3
      10
       8
       3
       6
       4
       6
       5
       2
       4
       6
       6
       2
       1
       4
       6
       0
       1
       2
       6
       2
       3
       3
       5
       2
       2
       3
       4
       3
       4
       5
       1
       1
       5
       3
       5
       6
       2
       2
       3
       3
       3
       4
       8
       5
       6
       2
       2
       0
       3
       3
       4
       1
       3
       1
       0
       8
       0
       2
       0
       3
       4
       1
       4
       1
       2
       3
       1
       4
       3
       1
       6
       3
       3
       1
       3
       5
       0
       4
       3
       4
       4
       5
       4
       7
       2
       2
       3
       2
       5
       9
       2
       4
       0
       6
       6
       3
       4
       3
       1
       2
       5
       0
       2
       3
       3
       3
       4
       3
       5
       0
       3
       2
       2
       2
       2
       4
       1
       1
       3
       4
       1
       4
       5
       3
       5
       1
       2
       1
       4
       2
       2
       1
       1
       5
       1
       4
       0
       4
       2
       0
       0
       1
       8
       2
       1
       1
       4
       3
       0
       2
       1
       4
       2
       1
       3
       2
       2
       1
       1
       4
       3
       1
       4
       6
       0
       2
       4
       2
       2
       1
       4
       2
       4
       3
       4
       3
       2
       1
       3
       3
       1
       4
       1
       2
       5
       3
       3
       4
       2
       2
       3
       1
       3
       3
       3
       4
       1
       4
       2
       1
       1
       1
       2
       3
       5
       0
       4
       3
       1
       2
       3
       0
       2
       1
       2
       5
       3
       3
       3
       3
       3
       3
       3
       1
       3
       2
       2
       1
       3
       1
       3
       4
       2
       1
       5
       0
       2
       4
       5
       2
       3
       0
       2
       7
       3
       5
       1
       4
       1
       2
       4
       1
       3
       2
       2
      12
      10
      13
      13
      16
      12
      14
       9
       3
      10
       3
       2
       7
       2
       2
       3
       3
       1
       2
       1
       2
       4
       4
       3
       2
       2
       3
       7
       7
       8
       5
       3
       3
       7
       2
       3
       0
       3
       3
       1
       2
       3
       3
       2
       2
       2
       5
       2
       1
       3
       1
       5
       6
       2
       3
       3
       3
       6
       3
       6
       0
       3
       2
       6
       1
       5
       5
       1
       0
       2
       2
       1
       4
       2
       3
       1
       1
       1
       7
       0
       2
       0
       2
       2
       6
       0
       2
       2
       3
       3
       2
       3
       0
       1
       4
       1
       5
       5
       1
       3
       1
       1
       4
       5
       4
       3
       2
       4
       1
       1
       2
       2
       1
       3
       1
       3
       0
       2
       5
       2
       7
       1
       2
       2
       2
       2
       2
       2
       4
       1
       3
       4
       4
       1
       5
       4
       3
       1
       0
       1
       4
       2
       0
       4
       2
       5
       4
       2
       2
       2
       1
       4
       2
       3
       0
       1
       7
       3
       4
       1
       1
       6
       3
       5
       6
      10
       9
      14
      20
      12
       9
       6
       1
       1
       4
       0
       4
       5
       2
       1
       4
       3
       2
       1
       1
       2
       4
       2
       2
       3
       1
       1
       2
       5
       5
       2
       1
       1
       3
       2
       3
       4
       2
       8
       0
       4
       1
       1
       1
       3
       1
       3
       2
       2
       1
       3
       0
       3
       3
       2
       0
       2
       2
       4
       2
       2
       4
       1
       2
       3
       2
       2
       6
       4
       4
       0
       1
       2
       3
       2
       3
       2
       1
       2
       3
       3
       3
       8
       1
       1
       2
       0
       4
       3
       2
       2
       6
       2
       7
       3
       6
       4
       3
       5
       4
       3
       4
       4
       2
       3
       5
       4
       3
       3
       3
       3
       3
       4
       1
       5
       5
       2
       2
       3
       3
       2
       1
       3
       1
       3
       2
       1
       1
       1
       2
       3
       1
       3
       1
       3
       3
       2
       4
       1
       1
       3
       5
       3
       4
       3
       1
       7
       8
       2
       1
       2
       3
       3
       4
       3
       3
       2
       1
       3
       6
       2
       2
       2
       1
       7
       3
       1
       3
       2
       1
       1
       4
       7
       2
       3
       1
       0
       1
       4
       2
       2
       2
       3
       3
       6
       1
       3
       3
       0
       4
       2
       2
       2
       2
       1
       3
       4
       2
       4
       1
       5
       2
       4
       3
       3
       2
       5
       2
       2
       4
       2
       4
       6
       4
       0
       6
       4
       4
       3
       3
       1
       1
       0
       5
       3
       4
       1
       6
       3
       1
       1
       1
       1
       7
       0
       0
       8
       3
       1
       5
       4
       6
       1
       6
       2
       4
       4
       4
       2
       3
       3
       1
       5
       6
       3
       0
       3
       3
       1
       1
       6
       4
       4
       2
       7
       2
       5
       4
       4
       4
       2
       2
       2
       6
       3
       4
       2
       2
       5
       4
       4
       3
       4
       4
       2
       1
       3
       3
       2
       4
       3
       1
       4
       6
       1
       1
       3
       2
       4
       2
       3
       1
       1
       2
       2
       9
       3
       1
       3
       2
       2
       3
       0
       1
       3
       3
       0
       2
       1
       1
       1
       3
       2
       2
       3
       1
       4
       0
       1
       0
       1
       5
       1
       7
       2
       4
       1
       0
       3
       1
       0
       1
       2
       3
       3
       4
       0
       5
       1
       3
       0
       1
       2
       0
       2
       2
       1
       5
       1
       0
       3
       4
       2
       2
       3
       1
       1
       1
       2
       1
       4
       1
       1
       3
       5
       4
       5
       0
       4
       1
       4
       1
       0
       3
       2
       2
       3
       1
       1
       2
       2
       1
       5
       3
       5
       2
       5
       4
       1
       3
       7
       8
       1
       2
       0
       2
       0
       0
       3
       3
       2
       1
       2
       2
       2
       1
       1
       1
       1
       0
       1
       2
       5
       1
       0
       3
       2
       1
       5
       0
       3
       1
       1
       0
       0
       0
       3
       0
       0
       2
       1
       0
       2
       3
       0
       2
       1
       4
       1
       1
       1
       1
       1
       0
       0
       1
       2
       0
       0
       0
       1
       1
       1
       0
       0
       2
       1
       2
       0
       1
       1
       0
       1
       1
       2
       1
       1
       0
       1
       0
       0
       1
       1
       0
       3
       1
       0
       0
       2
       1
       2
       0
       0
       0
       1
       2
       0
       0
       1
       2
       1
       0
       1
       1
       1
       0
       1
       1
       1
       0
       1
       1
       0
       0
       0
       1
       0
       0
       0
       1
       0
       2
       0
       1
       0
       0
       4
       1
       2
       0
       0
       1
       1
       1
       0
       0
       1
       1
       2
       0
       1
       1
       0
       0
       0
       0
       0
       0
       0
       0
       0
       1
       1
       0
       0
       0
       1
       2
       0
       0
       1
       1
       0
       1
       2
       0
       0
       1
       2
       1
       0
       0
       0
       1
       0
       3
       0
       0
       2
       1
       0
       0
       1
       0
       0
       0
       2
       2
       0
       0
       1
       0
       0
       1
       0
       2
       0
       0
       0
       0
       0
       0
       1
       0
       2
       0
       2
       0
       0
       0
       1
       0
       0
       1
       1
       0
       1
       0
       0
       2
       0
       0
       0
       0
       1
       0
       0
       1
       1
       0
       0
       1
       1
       1
       2
       0
       1
       0
       1
       0
       0
       0
       0
       0
       0
       0
       3
       1
       2
       1
       2
       1
       2
       0
       0
       0
       1
       2
       3
       1
       3
       2
       3
       5
       5
      14
      16
      36
      48
      71
      99
     105
      78
      63
      40
      16
       5
       1
       2
       0
       0
       0
       0
       0
       0
       0
       0
       0
       0
       0
       1
       0
       0
       0
       0
       0
       0
       0
       0
       0
       0
       1
       0
       0
       0
       1
       0
       0
       0
       0
       0
       0
       0
       0
       0
       1
       0
       0
       0
       0
       0
       0
       0
       0
       0
       1
       0
       0
       1
       0
       0
       0
       1
       0
       1
       0
       0
       0
       0
       0
       1
       1
       0
       0
       0
       1
       0
       0
       0
       0
       0
       0
       0
       1
       0
       0
       0
       0
       0
       1
       0
       0
       0
       1
       1
       0
       0
       0
       0
       0
       0
       0
       0
       0
       0
       2
       0
       0
       0
       0
       0
       0
       0
       0
       0
       0
       0
       0
       0
       0
       0
       0
       0
       0
       0
       0
       0
       0
       0
       0
       0
       0
       0
       1
       0
       0
       1
       0
       0
       0
       0
       0
       0
       0
       0
       0
       0
       0
       0
       0
       0
       0
       0
       0
       0
       0
       0
       0
       0
       0
       0
       0
       2
       0
       0
       0
       0
       0
       0
       0
       0
       0
       1
       0
       1
       0
       1
       0
       0
       1
       0
       1
       0
       1
       0
       0
       0
       1
       0
       0
       0
       0
       0
       0
       1
       0
       0
       0
       0
       0
       1
       0
       0
       0
       0
       0
       0
       0
       0
       2
       0
       0
       0
       0
       2
       0
       1
       0
       0
       0
       0
       0
       0
       0
       0
       0
       0
       0
       0
       1
       0
       0
       0
       0
       0
       1
       0
       0
       1
       0
       1
       0
       0
       0
       0
       0
       0
       0
       0
       0
       0
       0
       1
       0
       0
       0
       0
       0
       1
       0
       0
       1
       0
       0
       0
       0
       0
       0
       0
       0
       0
       0
       0
       0
       0
       1
       0
       0
       1
       0
       0
       0
       1
       0
       1
       0
       0
       0
       0
       0
       0
       0
       0
       0
       0
       0
       0
       0
       1
       0
       0
       0
       1
       0
       0
       0
       0
       1
       0
       2
       0
       0
       0
       0
       0
       0
       0
       0
       0
       0
       0
       0
       0
       0
       1
       0
       0
       0
       0
       0
       0
       1
       0
       1
       0
       0
       1
       0
       0
       0
       0
       0
       0
       1
       0
       0
       1
       0
       0
       1
       0
       0
       1
       0
       0
       0
       0
       0
       0
       0
       0
       1
       1
       1
       0
       0
       0
       0
       0
       0
       0
       0
       0
       0
       0
       0
       0
       0
       0
       0
       0
       0
       0
       0
       0
       0
       0
       0
       0
       0
       0
       0
       0
       0
       0
       0
       0
       0
       1
       0
       0
       0
       0
       0
       0
       0
       0
       0
       0
       0
       0
       1
       0
       0
       0
       0
       0
       0
       1
       0
       0
       0
       0
       0
       0
       0
       0
       0
       0
       0
       0
       0
       0
       0
       0
       0
       0
       0
       0
       0
       0
       1
       0
       0
       0
       0
       0
       0
       0
       1
       0
       2
       0
       1
       0
       0
       0
       0
       0
       0
       1
       0
       0
       0
       1
       0
       0
       0
       0
       0
       0
       0
       0
       0
       0
       0
       0
       0
       0
       1
       0
       0
       0
       1
       1
       0
       0
       1
       0
       0
       0
       0
       0
       0
       0
       0
       0
       0
       0
       0
       0
       0
       1
       0
       0
       0
       0
       0
       0
       0
       0
       0
       0
       0
       0
       0
       0
       0
       0
       0
       0
       0
       0
       0
       0
       1
       0
       0
       0
       0
       1
       0
       0
       0
       0
       0
       0
       1
       0
       0
       0
       0
       0
       0
       0
       0
       0
       1
       1
       0
       0
       0
       0
       0
       0
       0
       1
       1
       1
       0
       0
       0
       0
       0
       1
       0
       0
       1
       0
       0
       0
       0
       0
       1
       0
       0
       0
       0
       0
       0
       0
       0
       0
       0
       0
       0
       0
       2
       0
       0
       0
       0
       0
       0
       2
       1
       0
       0
       0
       0
       1
       0
       0
       0
       0
       0
       0
       0
       0
       0
       0
       1
       0
       1
       0
       0
       0
       0
       0
       0
       0
       0
       0
       0
       0
       0
       0
       0
       0
       0
       0
       0
       0
       0
       0
       0
       0
       1
       0
       0
       0
       0
       0
       0
       0
       0
       0
       0
       0
       1
       0
       0
       0
       0
       0
       0
       0
       1
       0
       0
       0
       0
       1
       0
       0
       0
       0
       0
       0
       0
       0
       0
       0
       0
       0
       0
       0
       0
       0
       0
       0
       0
       0
       0
       0
       0
       0
       1
       0
       0
       0
       0
       0
       0
       0
       0
       0
       0
       0
       0
       0
       0
       0
       0
       0
       0
       0
       0
       0
       0
       0
       0
       0
       0
       0
       0
       0
       0
       0
       1
       1
       0
       0
       0
       0
       0
       0
       0
       0
       0
       0
       0
       0
       0
       0
       0
       0
       0
       1
       0
       0
       0
       0
       0
       0
       0
       0
       0
       0
       0
       0
       3
       0
       0
       1
       0
       1
       0
       0
       0
       0
       0
       0
       0
       0
       0
       0
       0
       0
       0
       1
       0
       0
       0
       0
       0
       0
       0
       0
       0
       0
       0
       0
       0
       0
       1
       0
       0
       0
       2
       0
       0
       0
       0
       0
       0
       0
       0
       0
       0
       0
       0
       0
       0
       0
       0
       0
       0
       0
       0
       0
       0
       0
       0
       0
       0
       0
       0
       0
       1
       0
       0
       0
       0
       0
       0
       0
       0
       0
       0
       0
       0
       0
       2
       0
       0
       0
       0
       0
       0
       0
       0
       0
       0
       0
       0
       0
       0
       0
       0
       0
       0
       1
       0
       0
       0
       1
       0
       0
       0
       1
       0
       0
       1
       0
       1
       0
       0
       0
       0
       1
       0
       0
       0
       0
       0
       0
       0
       0
       0
       0
       0
       0
       0
       0
       1
       0
       0
       0
       0
       0
       0
       0
       0
       0
       0
       0
       0
       0
       1
       0
       2
       0
       0
       0
       0
       0
       0
       1
       0
       0
       1
       0
       0
       0
       0
       0
       0
       0
       0
       0
       0
       0
       0
       0
       0
       0
       0
       0
       0
       0
       0
       0
       1
       0
       1
       0
       1
       0
       0
       1
       0
       0
       0
       0
       0
       0
       1
       0
       0
       0
       0
       1
       0
       0
       0
       0
       0
       0
       0
       0
       0
       0
       0
       1
       0
       0
       1
       0
       0
       0
       0
       0
       0
       0
       0
       0
       0
       0
       1
       0
       0
       0
       0
       0
       0
       0
       0
       0
       0
       0
       0
       0
       0
       0
       0
       1
       1
       0
       0
       0
       0
       0
       0
       0
       0
       0
       0
       0
       1
       0
       0
       0
       0
       0
       1
       0
       0
       0
       1
       0
       0
       0
       0
       0
       1
       0
       0
       0
       0
       1
       0
       0
       0
       0
       0
       0
       1
       0
       0
       0
       0
       0
       0
       0
       0
       0
       0
       0
       0
       0
       0
       1
       0
       0
       0
       0
       0
       0
       0
       0
       0
       0
       0
       0
       0
       0
       0
       0
       0
       0
       0
       0
       0
       0
       0
       0
       0
       0
       1
       0
       0
       0
       0
       0
       0
       0
       0
       0
       0
       0
       0
       0
       0
       0
       0
       0
       0
       0
       1
       0
       0
       0
       0
       0
       0
       0
       0
       0
       1
       0
       0
       0
       0
       0
       0
       0
       0
       1
       0
       0
       0
       0
       0
       0
       1
       0
       0
       1
       1
       1
       0
       0
       0
       0
       0
       0
       0
       0
       0
       0
       0
       0
       0
       0
       0
       0
       0
       0
       0
       1
       1
       0
       0
       0
       0
       0
       0
       0
       0
       0
       0
       0
       0
       0
       0
       0
       1
       0
       0
       0
       0
       0
       0
       2
       1
       0
       0
       0
       0
       0
       0
       0
       0
       0
       0
       0
       0
       0
       0
       0
       0
       0
       0
       0
       0
       0
       0
       0
       1
       0
       1
       0
       0
       0
       0
       0
       0
       0
       0
       0
       0
       0
       0
       0
       0
       0
       0
       0
       0
       0
       0
       0
       0
       0
       1
       0
       0
       0
       0
       0
       0
       1
       0
       0
       0
       1
       0
       0
       0
       1
       0
       0
       0
       1
       0
       0
       1
       0
       1
       0
       0
       1
       0
       0
       0
       1
       0
       0
       0
       0
       0
       0
       0
       0
       0
       1
       0
       0
       0
       0
       0
       0
       0
       0
       0
       0
       0
       0
       0
       0
       0
       0
       0
       0
       0
       0
       0
       0
       0
       0
       0
       0
       1
       0
       0
       0
       0
       0
       0
       0
       0
       0
       0
       0
       0
       0
       0
       0
       0
       0
       0
       0
       0
       0
       2
       0
       0
       0
       0
       0
       0
       0
       0
       0
       0
       0
       0
       0
       0
       0
       0
       0
       0
       0
       1
       0
       0
       0
       0
       0
       0
       0
       0
       0
       0
       1
       0
       0
       0
       0
       0
       0
       0
       0
       0
       0
       0
       1
       0
       0
       1
       1
       0
       0
       0
       1
       0
       0
       0
       1
       0
       0
       0
       1
       0
       0
       0
       0
       0
       0
       0
       0
       0
       0
       1
       0
       1
       0
       0
       0
       0
       0
       0
       0
       0
       0
       0
       0
       0
       0
       0
       0
       0
       0
       0
       0
       0
       0
       0
       0
       0
       1
       0
       0
       0
       0
       0
       0
       0
       0
       1
       0
       0
       0
       0
       0
       0
       0
       1
       0
       0
       0
       0
       0
       0
       0
       0
       0
       0
       0
       0
       0
       0
       0
       0
       0
       0
       1
       0
       0
       0
       0
       0
       0
       0
       0
       0
       0
       0
       0
       0
       0
       0
       0
       0
       0
       0
       0
       0
       0
       0
       0
       0
       0
       0
       1
       0
       0
       0
       0
       0
       0
       0
       0
       0
       0
       0
       0
       0
       0
       0
       0
       0
       0
       0
       0
       0
       0
       0
       0
       1
       0
       0
       1
       1
       0
       0
       0
       1
       0
       0
       0
       0
       0
       0
       0
       0
       0
       1
       1
       0
       2
       0
       0
       0
       0
       0
       0
       0
       0
       1
       0
       1
       1
       0
       0
       0
       0
       0
       0
       0
       1
       0
       0
       0
       0
       0
       0
       0
       0
       0
       0
       0
       0
       0
       0
       0
       0
       0
       0
       0
       0
       0
       0
       0
       0
       0
       0
       1
       0
       0
       0
       0
       0
       0
       0
       0
       1
       0
       0
       0
       0
       0
       0
       0
       0
       0
       0
       0
       0
       0
       0
       0
       0
       0
       0
       0
       0
       0
       0
       0
       0
       1
       1
       1
       0
       0
       1
       0
       0
       1
       1
       0
       0
       0
       0
       0
       0
       0
       0
       0
       1
       1
       0
       0
       0
       0
       0
       0
       0
       0
       0
       0
       0
       0
       1
       0
       0
       0
       0
       0
       0
       0
       0
       0
       1
       0
       1
       0
       0
       0
       2
       1
       1
       0
       0
       0
       0
       0
       0
       1
       0
       0
       0
       0
       1
       0
       1
       0
       0
       0
       0
       1
       0
       1
       0
       1
       0
       0
       0
       0
       0
       0
       0
       0
       1
       0
       0
       0
       0
       0
       0
       0
       0
       1
       0
       1
       0
       0
       0
       0
       0
       0
       0
       0
       0
       0
       0
       0
       1
       0
       0
       0
       0
       0
       1
       0
       0
       0
       0
       0
       0
       0
       0
       0
       0
       0
       0
       0
       0
       0
       0
       1
       0
       0
       0
       0
       0
       1
       0
       0
       0
       0
       0
       1
       0
       0
       0
       0
       0
       1
       0
       0
       0
       0
       0
       0
       0
       0
       0
       1
       0
       0
       0
       0
       0
       0
       0
       0
       0
       0
       1
       0
       0
       0
       0
       0
       0
       0
       0
       0
       1
       0
       0
       0
       0
       0
       0
       0
       0
       0
       0
       0
       0
       0
       0
       0
       0
       2
       1
       1
       0
       0
       0
       0
       1
       0
       1
       0
       1
       0
       0
       0
       0
       0
       0
       0
       0
       0
       0
       0
       0
       0
       0
       0
       0
       0
       0
       0
       0
       0
       0
       0
       0
       0
       0
       0
       0
       0
       0
       1
       0
       0
       0
       0
       0
       0
       0
       0
       0
       0
       0
       0
       0
       0
       0
       0
       0
       0
       0
       1
       0
       0
       0
       0
       0
       0
       0
       1
       0
       1
       0
       0
       1
       0
       0
       0
       0
       0
       0
       0
       1
       0
       0
       0
       0
       0
       0
       0
       0
       0
       0
       0
       0
       0
       0
       0
       0
       1
       0
       0
       0
       0
       0
       0
       0
       0
       1
       1
       0
       0
       0
       0
       0
       0
       0
       1
       0
       0
       0
       0
       0
       0
       1
       0
       0
       0
       0
       0
       0
       3
       0
       0
       0
       0
       0
       0
       1
       0
       0
       0
       0
       0
       0
       0
       0
       1
       0
       0
       0
       0
       0
       0
       0
       0
       0
       0
       0
       0
       0
       0
       0
       0
       0
       0
       0
       0
       0
       0
       0
       0
       0
       0
       0
       0
       0
       0
       0
       0
       0
       0
       0
       0
       0
       0
       2
       0
       0
       0
       0
       0
       0
       0
       0
       0
       0
       0
       0
       0
       0
       1
       0
       0
       1
       0
       1
       0
       0
       0
       0
       0
       0
       0
       0
       0
       1
       0
       0
       0
       0
       0
       0
       0
       0
       0
       0
       0
       0
       0
       1
       0
       0
       0
       0
       0
       0
       0
       0
       0
       0
       0
       0
       0
       0
       0
       0
       1
       0
       0
       0
       0
       0
       0
       0
       0
       1
       0
       0
       0
       0
       1
       0
       0
       0
       0
       1
       0
       0
       0
       0
       1
       0
       0
       1
       1
       0
       0
       0
       0
       0
       0
       0
       0
       0
       0
       0
       0
       0
       0
       0
       0
       1
       1
       1
       0
       0
       0
       0
       0
       0
       0
       0
       0
       0
       0
       0
       0
       1
       0
       0
       0
       0
       0
       0
       0
       0
       0
       0
       0
       0
       0
       0
       1
       0
       0
       0
       0
       0
       0
       0
       0
       0
       0
       0
       0
       0
       0
       0
       0
       0
       0
       0
       0
       0
       0
       0
       0
       0
       0
       0
       0
       0
       0
       0
       0
       0
       0
       0
       0
       0
       0
       0
       0
       0
       2
       0
       0
       0
       0
       0
       0
       0
       0
       0
       1
       0
       0
       0
       0
       0
       0
       0
       0
       0
       0
       0
       0
       0
       0
       0
       0
       0
       0
       1
       0
       1
       0
       0
       0
       0
       0
       0
       0
       0
       0
       0
       0
       1
       0
       0
       1
       0
       0
       0
       0
       0
       0
       1
       0
       0
       0
       0
       0
       0
       0
       0
       0
       0
       0
       0
       0
       0
       0
       0
       1
       0
       0
       0
       0
       0
       0
       0
       0
       0
       0
       0
       0
       0
       0
       0
       0
       0
       2
       0
       0
       0
       0
       0
       0
       0
       0
       0
       0
       0
       0
       0
       0
       0
       0
       0
       0
       1
       0
       0
       0
       0
       0
       0
       0
       0
       0
       0
       0
       0
       0
       0
       1
       0
       0
       0
       0
       0
       0
       0
       0
       0
       0
       0
       0
       0
       0
       0
       0
       0
       0
       0
       0
       0
       1
       0
       0
       0
       0
       0
       0
       0
       0
       0
       0
       0
       1
       0
       0
       0
       1
       0
       0
       0
       0
       0
       2
       0
       0
       0
       0
       0
       0
       0
       0
       0
       0
       0
       0
       0
       0
       0
       0
       0
       0
       0
       0
       0
       0
       0
       0
       0
       0
       0
       0
       0
       0
       0
       0
       0
       0
       0
       1
       0
       0
       0
       0
       0
       0
       0
       0
       0
       0
       1
       0
       0
       0
       0
       1
       0
       0
       0
       0
       0
       0
       0
       1
       0
       0
       0
       0
       0
       0
       0
       0
       0
       0
       0
       0
       0
       1
       0
       0
       0
       0
       0
       0
       0
       0
       0
       0
       0
       0
       0
       0
       0
       0
       0
       0
       1
       0
       0
       0
       0
       0
       0
       0
       0
       0
       0
       0
       0
       0
       0
       0
       0
       0
       0
       0
       0
       0
       0
       0
       0
       0
       0
       1
       0
       0
       0
       0
       0
       0
       0
       0
       0
       0
       0
       0
       0
       1
       0
       0
       0
       0
       0
       0
       0
       0
       0
       1
       0
       0
       0
       0
       0
       0
       0
       0
       0
       0
       0
       0
       0
       0
       0
       0
       0
       0
       0
       0
       0
       0
       0
       0
       0
       0
       0
       0
       0
       0
       0
       1
       1
       0
       0
       0
       0
       0
       0
       0
       0
       0
       0
       0
       0
       0
       0
       1
       1
       0
       0
       0
       1
       0
       0
       0
       0
       0
       0
       1
       0
       0
       0
       0
       0
       0
       0
       0
       0
       0
       0
       0
       0
       0
       0
       0
       0
       0
       0
       0
       0
       0
       0
       0
       0
       0
       0
       0
       0
       0
       0
       0
       0
       0
       0
       0
       0
       1
       0
       0
       0
       0
       0
       0
       0
       0
       0
       2
       0
       0
       0
       0
       0
       0
       0
       0
       0
       0
       0
       0
       0
       0
       0
       0
       0
       0
       0
       0
       0
       0
       0
       0
       0
       0
       0
       0
       0
       0
       0
       0
       0
       0
       0
       0
       0
       1
       0
       0
       0
       0
       0
       0
       0
       0
       0
       0
       0
       0
       0
       0
       0
       0
       0
       0
       0
       1
       0
       0
       0
       0
       1
       0
       0
       0
       0
       0
       0
       0
       0
       0
       0
       0
       0
       1
       0
       0
       1
       1
       0
       0
       0
       0
       0
       0
       0
       0
       0
       0
       0
       0
       0
       0
       0
       0
       1
       0
       0
       0
       0
       0
       0
       0
       0
       0
       0
       0
       0
       0
       0
       0
       0
       0
       0
       0
       0
       0
       0
       0
       0
       0
       0
       0
       0
       0
       0
       0
       1
       0
       0
       0
       0
       0
       0
       0
       0
       0
       0
       0
       0
       0
       0
       0
       0
       0
       1
       0
       0
       0
       0
       0
       1
       0
       0
       0
       0
       0
       0
       0
       0
       0
       0
       0
       0
       0
       0
       0
       0
       0
       1
       0
       0
       0
       0
       0
       0
       0
       0
       0
       0
       0
       0
       0
       0
       0
       0
       0
       0
       1
       0
       0
       0
       0
       0
       0
       0
       0
       1
       1
       0
       0
       0
       1
       0
       0
       0
       0
       0
       0
       0
       0
       0
       0
       0
       0
       0
       0
       0
       0
       1
       0
       0
       0
       0
       0
       0
       0
       0
       0
       0
       0
       1
       0
       0
       0
       0
       0
       0
       0
       0
       0
       0
       0
       0
       0
       0
       0
       0
       0
       0
       0
       0
       0
       0
       0
       0
       0
       0
       0
       1
       0
       0
       0
       0
       0
       0
       0
       0
       0
       0
       0
       0
       0
       0
       0
       0
       1
       0
       0
       0
       0
       0
       0
       0
       0
       0
       0
       1
       0
       0
       1
       0
       0
       0
       0
       0
       0
       1
       0
       0
       0
       0
       0
       0
       0
       1
       0
       0
       0
       0
       0
       0
       0
       0
       0
       0
       0
       0
       0
       1
       0
       0
       0
       0
       0
       0
       0
       0
       0
       0
       0
       0
       0
       0
       0
       0
       0
       0
       0
       0
       0
       0
       0
       1
       0
       0
       0
       0
       0
       0
       0
       1
       0
       0
       0
       0
       0
       0
       0
       0
       0
       0
       1
       0
       0
       0
       0
       0
       1
       0
       0
       0
       0
       0
       0
       0
       1
       0
       0
       0
       0
       0
       0
       0
       0
       0
       0
       1
       0
       0
       0
       0
       0
       1
       0
       0
       0
       0
       0
       0
       0
       0
       0
       0
       0
       0
       0
       0
       0
       1
       0
       0
       0
       0
       0
       0
       0
       0
       0
       0
       0
       0
       0
       0
       0
       0
       0
       0
       0
       0
       1
       0
       0
       0
       0
       0
       0
       0
       0
       0
       1
       0
       0
       0
       0
       0
       0
       0
       0
       0
       0
       0
       0
       0
       0
       0
       0
       0
       0
       0
       0
       0
       0
       1
       0
       0
       1
       0
       0
       0
       0
       0
       0
       0
       0
       0
       1
       0
       1
       0
       0
       0
       0
       0
       1
       0
       0
       0
       0
       0
       0
       0
       0
       0
       0
       0
       0
       0
       0
       0
       0
       0
       0
       0
       0
       0
       0
       0
       0
       0
       0
       1
       0
       0
       0
       0
       0
       0
       0
       0
       0
       0
       0
       1
       0
       0
       0
       0
       0
       0
       1
       1
       0
       0
       0
       0
       0
       0
       1
       0
       0
       0
       0
       1
       0
       0
       0
       0
       1
       0
       0
       0
       0
       0
       0
       0
       0
       0
       0
       0
       0
       0
       0
       0
       0
       0
       0
       0
       0
       1
       0
       0
       0
       0
       0
       0
       0
       0
       0
       0
       0
       0
       0
       1
       0
       0
       0
       1
       0
       0
       0
       0
       0
       0
       0
       0
       0
       1
       1
       0
       0
       0
       0
       0
       0
       1
       0
       0
       0
       0
       1
       0
       0
       0
       1
       0
       0
       1
       1
       0
       0
       0
       0
       0
       0
       0
       0
       0
       0
       0
       0
       0
       0
       0
       0
       1
       0
       0
       0
       0
       0
       0
       0
       0
       0
       0
       0
       0
       0
       0
       0
       0
       0
       0
       0
       0
       0
       0
       0
       0
       0
       0
       0
       0
       0
       0
       0
       0
       0
       0
       0
       0
       0
       0
       0
       0
       0
       0
       0
       0
       0
       0
       0
       0
       0
       1
       1
       0
       0
       0
       0
       0
       0
       0
       0
       0
       0
       1
       0
       0
       0
       0
       0
       0
       0
       0
       0
       1
       0
       0
       0
       0
       0
       0
       0
       0
       0
       0
       0
       0
       0
       0
       0
       0
       0
       0
       0
       0
       0
       0
       0
       0
       0
       0
       0
       0
       0
       0
       0
       0
       0
       0
       0
       0
       2
       0
       0
       0
       0
       0
       0
       0
       0
       0
       0
       0
       0
       0
       0
       0
       0
       0
       0
       0
       0
       0
       0
       0
       0
       0
       0
       0
       0
       0
       0
       0
       0
       0
       0
       0
       0
       0
       0
       0
       0
       0
       0
       0
       0
       0
       1
       0
       0
       0
       0
       0
       0
       0
       0
       0
       0
       0
       0
       0
       0
       0
       0
       0
       0
       0
       0
       1
       0
       0
       0
       0
       0
       0
       0
       0
       0
       1
       1
       0
       0
       0
       0
       0
       0
       0
       0
       0
       0
       0
       0
       0
       0
       0
       0
       0
       0
       0
       0
       0
       0
       0
       0
       0
       0
       0
       0
       0
       0
       0
       0
       0
       0
       0
       1
       0
       0
       0
       0
       0
       0
       0
       0
       0
       0
       0
       0
       1
       0
       1
       0
       0
       0
       0
       0
       0
       0
       0
       0
       0
       0
       0
       0
       0
       0
       0
       0
       0
       1
       0
       0
       0
       0
       0
       0
       0
       0
       0
       1
       0
       0
       0
       0
       0
       0
       0
       0
       0
       0
       0
       0
       0
       0
       0
       0
       0
       0
       0
       0
       0
       0
       0
       0
       0
       0
       0
       0
       0
       1
       0
       0
       2
       0
       1
       0
       0
       0
       0
       0
       0
       1
       0
       0
       0
       0
       0
       0
       0
       0
       0
       0
       0
       0
       0
       0
       0
       0
       0
       0
       0
       0
       0
       0
       0
       0
       0
       0
       0
       0
       0
       0
       0
       0
       0
       0
       0
       0
       0
       0
       0
       0
       0
       0
       0
       1
       0
       0
       0
       0
       0
       0
       1
       1
       1
       1
       0
       0
       0
       0
       0
       0
       0
       1
       0
       1
       0
       0
       0
       0
       0
       0
       0
       0
       0
       0
       0
       0
       0
       0
       0
       0
       0
       0
       0
       0
       0
       0
       0
       0
       0
       0
       0
       0
       1
       0
       0
       0
       0
       0
       0
       0
       0
       0
       0
       1
       0
       0
       0
       0
       0
       0
       0
       0
       0
       0
       0
       0
       0
       1
       0
       0
       0
       0
       0
       0
       0
       0
       1
       0
       0
       1
       0
       0
       0
       0
       0
       0
       1
       0
       0
       0
       0
       0
       0
       0
       0
       0
       0
       0
       0
       0
       0
       0
       0
       0
       0
       0
       0
       0
       0
       0
       0
       0
       0
       0
       0
       0
       0
       0
       1
       1
       0
       0
       0
       0
       0
       0
       0
       0
       0
       0
       0
       0
       0
       0
       0
       0
       0
       0
       0
       0
       0
       0
       1
       0
       0
       0
       0
       0
       0
       0
       0
       0
       0
       0
       0
       0
       0
       0
       0
       0
       0
       0
       0
       0
       0
       1
       0
       0
       1
       0
       0
       0
       0
       0
       0
       0
       0
       0
       0
       1
       0
       0
       0
       0
       0
       0
       1
       0
       0
       0
       0
       1
       0
       0
       0
       0
       0
       0
       1
       0
       0
       1
       0
       0
       1
       0
       0
       0
       0
       0
       0
       0
       0
       1
       0
       0
       0
       1
       1
       0
       0
       0
       0
       0
       0
       0
       0
       0
       0
       0
       0
       0
       0
       0
       0
       0
       0
       0
       0
       0
       0
       0
       0
       0
       0
       0
       0
       0
       0
       0
       0
       0
       0
       0
       0
       0
       0
       0
       0
       0
       0
       0
       0
       0
       0
       0
       0
       0
       0
       0
       0
       0
       0
       0
       0
       0
       0
       0
       0
       0
       0
       0
       0
       0
       0
       0
       0
       0
       0
       0
       0
       0
       0
       0
       0
       0
       0
       0
       0
       0
       0
       0
       0
       0
       0
       0
       0
       0
       0
       0
       0
       0
       0
       0
       0
       0
       0
       0
       0
       0
       0
       0
       0
       0
       0
       0
       0
       0
       0
       0
       0
       0
       0
       0
       0
       0
       0
       0
       0
       0
       0
       0
       0
       0
       0
       0
       0
       0
       0
       0
       0
       0
$ROI:
4
195 204
216 232
1067 1088
1904 1926
$PRESETS:
None
0
0
$ENER_FIT:
3.319389 0.594734
$MCA_CAL:
3
3.319389E+000 5.947341E-001 0.000000E+000 keV
$SHAPE_CAL:
3
2.857754E+000 -1.166080E-003 0.000000E+000
