$SPEC_ID:
No sample description was entered.
$SPEC_REM:
DET# 1
DETDESC# DESKTOP-AKUPN2F Easy-MCA-8k SN 09022236
AP# Maestro Version 7.01
$DATE_MEA:
02/03/2017 14:37:00
$MEAS_TIM:
4986 5104
$DATA:
0 8191
       0
       0
       0
       0
       0
       0
       0
       0
       0
       0
       0
       0
       0
       0
       0
       0
       0
       0
       0
       0
       0
       0
       0
       0
       0
       0
       0
       0
       0
       0
       0
       0
       0
       0
       0
       0
       0
       0
       0
       0
       0
       0
       0
       0
       0
       0
       0
       0
       0
       0
       0
       0
       0
       0
       0
       0
       0
       3
      18
      89
     222
     363
     938
    2519
    2751
    1786
     636
     248
     351
    1492
    1716
    1628
    1518
    1478
    1577
    1547
    1628
    1572
    1686
    1625
    1654
    1651
    1706
    1658
    1715
    1692
    1779
    1735
    1753
    1665
    1782
    1864
    1903
    1831
    1822
    1903
    1902
    1956
    1993
    1977
    2018
    1898
    2120
    2168
    2114
    2083
    2107
    2112
    2102
    2227
    2131
    2127
    2178
    2208
    2196
    2338
    2455
    3183
    3974
    4683
    5087
    5557
    6417
    6540
    5288
    3438
    2452
    2244
    2064
    2167
    2207
    2223
    2140
    2098
    2150
    2171
    2497
    3064
    3803
    4075
    3665
    3061
    2849
    2750
    2670
    2406
    2210
    2101
    2076
    2035
    2207
    2185
    2175
    2097
    2068
    2108
    2057
    2032
    2076
    2017
    2018
    2001
    2078
    2035
    2108
    2086
    2039
    2087
    2129
    2087
    2010
    2068
    2069
    2076
    2092
    2102
    2023
    2053
    2086
    2055
    2104
    2103
    2084
    2136
    2055
    2112
    2036
    2076
    2009
    2073
    1989
    1995
    2073
    2075
    1984
    1979
    1988
    2033
    2045
    2051
    2023
    2026
    2048
    2082
    2043
    2025
    1984
    2028
    1998
    2016
    1945
    1965
    2023
    1990
    1980
    2036
    1995
    1914
    2026
    1924
    1972
    1969
    2031
    1929
    1917
    1952
    1971
    1994
    2000
    1935
    1932
    1934
    1906
    1936
    1924
    1913
    1882
    1855
    1913
    1919
    1871
    1939
    1868
    1919
    1844
    1976
    1907
    1930
    1836
    1943
    1863
    1846
    1854
    1832
    1883
    1910
    1908
    1793
    1852
    1792
    1836
    1808
    1786
    1843
    1809
    1804
    1893
    1807
    1766
    1818
    1806
    1776
    1757
    1859
    1834
    1793
    1812
    1777
    1765
    1763
    1798
    1682
    1753
    1782
    1743
    1781
    1811
    1749
    1755
    1699
    1750
    1802
    1754
    1744
    1763
    1803
    1763
    1767
    1714
    1827
    1842
    1808
    1784
    1702
    1818
    1757
    1695
    1690
    1707
    1732
    1720
    1821
    1693
    1732
    1826
    1725
    1709
    1720
    1791
    1729
    1712
    1831
    1714
    1782
    1697
    1690
    1760
    1767
    1750
    1757
    1759
    1722
    1824
    1776
    1741
    1759
    1788
    1802
    1824
    1841
    1833
    1936
    1847
    1940
    1904
    1942
    1925
    1928
    1971
    1975
    1865
    1993
    1975
    1986
    1964
    1838
    1932
    1905
    1874
    1919
    1922
    1822
    1824
    1814
    1863
    1784
    1819
    1811
    1857
    1821
    1788
    1841
    1759
    1802
    1820
    1760
    1780
    1713
    1731
    1780
    1752
    1780
    1709
    1655
    1751
    1760
    1730
    1710
    1894
    1822
    1882
    1851
    1823
    1652
    1682
    1739
    1800
    1737
    1700
    1613
    1576
    1569
    1636
    1556
    1597
    1566
    1650
    1529
    1541
    1498
    1527
    1590
    1553
    1484
    1498
    1572
    1624
    1565
    1546
    1553
    1496
    1458
    1556
    1508
    1439
    1453
    1459
    1431
    1398
    1523
    1485
    1469
    1467
    1423
    1547
    1369
    1402
    1340
    1389
    1401
    1357
    1381
    1392
    1419
    1386
    1365
    1373
    1282
    1345
    1339
    1304
    1351
    1340
    1268
    1384
    1371
    1355
    1335
    1311
    1298
    1329
    1294
    1276
    1284
    1286
    1274
    1305
    1289
    1205
    1286
    1275
    1289
    1237
    1294
    1301
    1180
    1171
    1263
    1257
    1323
    1302
    1307
    1344
    1311
    1271
    1222
    1248
    1178
    1180
    1237
    1194
    1235
    1199
    1221
    1128
    1231
    1161
    1182
    1244
    1141
    1209
    1155
    1192
    1139
    1175
    1173
    1202
    1257
    1230
    1208
    1111
    1148
    1170
    1086
    1122
    1138
    1157
    1128
    1164
    1152
    1059
    1143
    1136
    1181
    1166
    1222
    1141
    1188
    1141
    1138
    1097
    1142
    1131
    1085
    1119
    1133
    1107
    1173
    1091
    1117
    1140
    1107
    1105
    1111
    1126
    1095
    1041
    1058
    1132
    1053
    1078
    1096
    1160
    1196
    1128
    1132
    1102
    1130
    1107
    1130
    1041
    1120
    1072
    1028
    1077
    1059
    1102
    1013
    1078
    1090
    1108
    1116
    1163
    1218
    1290
    1259
    1113
    1108
    1106
    1084
    1115
    1118
    1069
    1108
    1043
    1122
    1047
    1083
    1075
    1101
    1038
    1008
    1076
    1002
    1032
    1070
    1002
    1042
    1039
    1065
     985
    1038
    1082
    1038
    1057
    1053
    1051
    1034
    1052
    1003
    1011
    1065
    1047
    1018
    1028
    1032
    1123
    1090
    1046
    1058
     977
    1096
     983
    1018
    1035
    1029
    1046
    1035
     987
    1050
     987
    1034
    1023
    1042
    1016
    1065
    1050
     995
     974
    1015
     988
    1009
     954
     986
    1021
     989
    1061
    1027
     966
    1039
    1101
    1001
    1005
     969
     996
    1069
    1039
    1015
    1043
    1061
     952
    1036
    1028
    1020
    1078
    1032
    1026
    1043
    1040
    1030
    1034
    1114
    1020
    1010
    1057
     967
    1023
    1044
     943
     991
    1023
    1037
    1011
    1010
     956
    1002
    1018
     997
    1013
    1085
    1110
     955
     968
    1003
    1019
    1019
     956
    1044
    1000
    1039
    1048
    1014
     940
     978
    1044
    1061
    1040
    1037
    1042
    1020
    1034
    1017
    1030
    1033
    1083
    1005
     996
     995
    1029
    1059
    1039
     991
    1048
    1034
    1006
    1010
    1013
    1004
     922
     979
     997
     959
     987
    1017
    1004
    1001
    1035
     992
    1005
    1026
    1019
     984
    1040
    1011
     939
    1021
    1031
    1008
     974
    1031
    1058
     984
    1030
     994
    1051
    1043
    1022
    1034
    1050
    1052
    1010
    1040
    1049
     997
    1010
    1027
    1016
    1038
     987
    1014
     982
    1011
    1006
    1023
    1055
     955
    1024
    1049
     972
    1068
    1058
    1019
    1048
    1009
    1012
     992
    1073
     984
    1046
    1037
    1028
    1011
    1034
     988
     998
    1056
     974
    1042
    1007
    1000
    1006
     977
    1000
     988
     960
    1089
    1040
    1003
    1008
    1010
    1071
    1032
    1009
    1014
    1037
    1008
    1021
    1038
    1001
    1049
     981
    1020
     985
    1031
    1003
    1032
    1072
    1038
    1023
    1025
    1168
    1239
    1252
    1403
    1308
    1256
    1248
    1106
    1061
    1011
    1036
    1010
    1022
    1005
    1064
     991
    1025
    1119
    1016
    1054
    1024
     995
    1021
    1045
    1095
    1016
    1039
    1049
    1032
     991
    1024
     997
    1012
     993
     975
    1081
     959
    1076
    1012
    1036
    1018
     995
    1044
    1009
    1059
     986
     982
     996
    1034
    1028
    1026
    1111
    1047
    1027
    1010
    1060
    1033
    1061
    1081
    1015
    1063
    1052
    1024
    1057
     998
    1033
    1018
    1038
    1016
     998
    1053
    1102
     950
    1066
    1013
    1054
    1048
     986
     978
    1073
     987
    1008
    1040
    1023
    1054
    1115
    1045
    1099
    1118
    1039
    1002
    1030
    1044
     968
    1037
    1038
    1025
    1046
    1010
    1004
    1070
    1039
    1030
    1027
    1072
    1029
    1048
    1051
    1076
    1071
    1034
     992
     979
    1067
    1037
    1093
    1030
    1050
    1065
    1065
    1137
    1132
    1183
    1097
    1112
    1013
    1010
    1039
    1073
    1025
    1065
    1027
    1106
    1045
    1037
    1071
    1043
    1075
    1070
    1065
    1061
    1068
    1077
    1055
    1124
    1065
    1052
    1065
    1066
    1049
    1055
    1074
    1023
    1049
    1061
    1052
    1077
    1118
    1061
    1026
    1157
    1062
    1120
    1205
    1250
    1251
    1161
    1119
    1074
    1037
    1023
    1039
    1097
    1091
    1039
    1060
    1012
    1073
    1054
    1082
    1115
    1089
    1102
    1045
    1034
    1080
    1080
    1102
    1036
    1091
    1046
    1047
     995
    1098
    1084
    1061
    1137
    1079
    1124
    1050
    1012
    1024
    1043
    1047
    1145
    1055
    1095
    1025
    1041
    1062
    1028
    1103
    1068
    1054
    1057
    1079
    1032
    1040
    1117
    1106
    1076
    1110
    1072
    1087
    1084
    1076
    1111
    1080
    1124
    1091
    1082
    1127
    1071
    1105
    1109
    1113
    1089
    1102
    1070
    1045
    1095
    1088
    1130
    1119
    1152
    1047
    1106
    1057
    1192
    1172
    1146
    1211
    1126
    1111
    1137
    1233
    1125
    1119
    1113
    1147
    1149
    1129
    1094
    1109
    1089
    1151
    1083
    1147
    1174
    1094
    1076
    1149
    1173
    1123
    1132
    1144
    1145
    1105
    1112
    1141
    1141
    1031
    1138
    1130
    1128
    1110
    1076
    1089
    1127
    1087
    1122
    1090
    1135
    1119
    1140
    1114
    1128
    1121
    1135
    1172
    1101
    1131
    1140
    1139
    1133
    1221
    1119
    1136
    1112
    1150
    1156
    1105
    1136
    1175
    1157
    1189
    1167
    1130
    1126
    1114
    1090
    1176
    1164
    1147
    1189
    1145
    1135
    1107
    1142
    1167
    1118
    1110
    1179
    1134
    1166
    1072
    1174
    1125
    1165
    1114
    1121
    1175
    1186
    1193
    1159
    1101
    1180
    1120
    1215
    1104
    1133
    1176
    1155
    1136
    1137
    1191
    1176
    1200
    1181
    1190
    1134
    1198
    1135
    1166
    1192
    1159
    1112
    1193
    1211
    1172
    1142
    1219
    1191
    1135
    1197
    1165
    1133
    1167
    1226
    1214
    1135
    1192
    1182
    1131
    1141
    1218
    1267
    1159
    1160
    1202
    1176
    1170
    1215
    1250
    1151
    1180
    1179
    1177
    1166
    1145
    1223
    1229
    1264
    1186
    1198
    1196
    1232
    1239
    1189
    1225
    1236
    1199
    1229
    1249
    1207
    1223
    1159
    1330
    1203
    1215
    1254
    1220
    1253
    1213
    1279
    1293
    1161
    1239
    1195
    1264
    1213
    1214
    1244
    1235
    1171
    1255
    1298
    1203
    1223
    1209
    1301
    1300
    1211
    1208
    1210
    1323
    1195
    1252
    1280
    1220
    1253
    1211
    1255
    1263
    1235
    1244
    1250
    1228
    1202
    1207
    1238
    1229
    1295
    1237
    1269
    1284
    1272
    1260
    1275
    1203
    1255
    1282
    1252
    1308
    1325
    1261
    1250
    1240
    1281
    1267
    1319
    1333
    1309
    1300
    1279
    1270
    1274
    1341
    1362
    1321
    1240
    1340
    1334
    1250
    1225
    1270
    1318
    1230
    1285
    1310
    1269
    1329
    1349
    1271
    1329
    1330
    1350
    1378
    1460
    1425
    1516
    1396
    1357
    1305
    1271
    1302
    1356
    1320
    1409
    1368
    1388
    1357
    1363
    1302
    1249
    1352
    1330
    1354
    1339
    1373
    1337
    1360
    1385
    1331
    1348
    1354
    1259
    1429
    1386
    1342
    1326
    1384
    1341
    1382
    1389
    1362
    1404
    1362
    1355
    1360
    1387
    1330
    1346
    1397
    1376
    1431
    1339
    1374
    1361
    1379
    1408
    1355
    1325
    1376
    1367
    1402
    1316
    1370
    1412
    1483
    1354
    1417
    1373
    1419
    1395
    1414
    1450
    1456
    1417
    1371
    1459
    1421
    1437
    1461
    1430
    1380
    1337
    1379
    1393
    1503
    1454
    1433
    1485
    1487
    1387
    1465
    1480
    1414
    1529
    1457
    1428
    1474
    1398
    1500
    1431
    1497
    1426
    1423
    1506
    1465
    1476
    1481
    1488
    1461
    1524
    1535
    1486
    1405
    1488
    1535
    1497
    1508
    1467
    1518
    1472
    1539
    1481
    1503
    1512
    1496
    1495
    1526
    1523
    1492
    1493
    1569
    1543
    1495
    1517
    1518
    1559
    1509
    1647
    1614
    1652
    1604
    1609
    1641
    1523
    1625
    1611
    1601
    1542
    1668
    1666
    1592
    1668
    1652
    1673
    1633
    1656
    1544
    1710
    1603
    1655
    1623
    1583
    1659
    1591
    1650
    1656
    1640
    1613
    1594
    1594
    1630
    1669
    1673
    1588
    1682
    1698
    1703
    1699
    1685
    1687
    1704
    1678
    1646
    1686
    1656
    1743
    1679
    1635
    1673
    1737
    1782
    1750
    1695
    1710
    1693
    1847
    1797
    1824
    1697
    1781
    1740
    1742
    1808
    1718
    1778
    1819
    1746
    1748
    1747
    1762
    1821
    1850
    1857
    1805
    1778
    1865
    1815
    1801
    1782
    1714
    1834
    1748
    1749
    1765
    1702
    1715
    1734
    1765
    1711
    1758
    1747
    1747
    1643
    1738
    1687
    1688
    1670
    1665
    1609
    1653
    1479
    1538
    1585
    1483
    1437
    1515
    1534
    1438
    1394
    1474
    1525
    1430
    1424
    1450
    1410
    1371
    1382
    1462
    1419
    1398
    1432
    1422
    1409
    1363
    1405
    1335
    1405
    1392
    1367
    1396
    1408
    1425
    1431
    1408
    1350
    1390
    1398
    1412
    1389
    1395
    1376
    1358
    1418
    1379
    1445
    1394
    1326
    1350
    1302
    1298
    1355
    1317
    1361
    1300
    1363
    1362
    1384
    1328
    1337
    1321
    1342
    1406
    1379
    1295
    1324
    1278
    1350
    1377
    1323
    1289
    1288
    1319
    1332
    1358
    1337
    1328
    1341
    1298
    1321
    1352
    1279
    1350
    1285
    1258
    1361
    1222
    1275
    1317
    1255
    1342
    1358
    1343
    1285
    1302
    1298
    1289
    1237
    1261
    1250
    1322
    1367
    1343
    1321
    1314
    1251
    1248
    1293
    1254
    1322
    1249
    1254
    1256
    1265
    1310
    1277
    1265
    1352
    1308
    1314
    1308
    1166
    1231
    1270
    1237
    1290
    1258
    1295
    1210
    1278
    1299
    1234
    1306
    1223
    1232
    1315
    1209
    1262
    1266
    1219
    1299
    1190
    1207
    1318
    1246
    1265
    1247
    1238
    1250
    1227
    1266
    1296
    1270
    1267
    1261
    1298
    1232
    1216
    1181
    1245
    1216
    1250
    1275
    1251
    1272
    1247
    1258
    1243
    1267
    1211
    1251
    1246
    1237
    1306
    1315
    1261
    1230
    1329
    1269
    1293
    1318
    1277
    1262
    1208
    1291
    1259
    1224
    1232
    1304
    1295
    1315
    1234
    1273
    1262
    1280
    1230
    1289
    1277
    1239
    1292
    1244
    1337
    1327
    1299
    1285
    1295
    1335
    1256
    1286
    1349
    1294
    1300
    1288
    1291
    1266
    1232
    1341
    1235
    1342
    1319
    1268
    1328
    1226
    1337
    1274
    1302
    1343
    1273
    1302
    1334
    1368
    1385
    1344
    1347
    1280
    1251
    1306
    1312
    1288
    1311
    1208
    1230
    1282
    1268
    1225
    1199
    1190
    1163
    1200
    1145
    1089
    1057
    1155
    1073
    1045
    1065
    1085
     994
     984
     945
    1011
    1001
     932
     931
     947
     920
     959
     939
     947
     920
     931
     912
     881
     872
     897
     846
     935
     859
     885
     871
     903
     866
     841
     875
     816
     794
     796
     868
     821
     827
     812
     832
     833
     752
     810
     824
     770
     831
     813
     850
     801
     765
     770
     867
     760
     783
     768
     754
     814
     800
     778
     781
     783
     770
     747
     745
     782
     801
     740
     791
     776
     766
     746
     729
     698
     723
     728
     781
     756
     765
     740
     733
     842
    1225
    2490
    6833
   16621
   32928
   48531
   53103
   42951
   25619
   10894
    3579
    1117
     626
     549
     516
     538
     521
     531
     550
     480
     504
     469
     523
     473
     487
     487
     473
     504
     460
     462
     468
     498
     432
     464
     469
     406
     459
     445
     454
     435
     439
     441
     406
     411
     399
     435
     441
     438
     409
     386
     385
     408
     400
     399
     417
     418
     354
     407
     414
     412
     409
     389
     392
     361
     358
     383
     352
     377
     344
     351
     403
     365
     378
     324
     331
     329
     361
     355
     375
     369
     310
     353
     350
     320
     353
     314
     294
     318
     334
     321
     332
     299
     334
     280
     296
     300
     307
     285
     302
     290
     311
     300
     274
     299
     321
     263
     288
     295
     280
     297
     286
     265
     277
     318
     287
     279
     252
     303
     271
     287
     254
     250
     262
     249
     251
     268
     252
     243
     273
     273
     246
     230
     246
     232
     247
     199
     236
     233
     230
     237
     218
     212
     236
     227
     218
     223
     207
     200
     224
     243
     240
     233
     228
     217
     224
     220
     231
     175
     243
     209
     210
     212
     199
     209
     214
     189
     205
     182
     224
     234
     201
     220
     225
     202
     211
     216
     213
     187
     181
     198
     220
     199
     175
     211
     202
     204
     205
     172
     190
     193
     190
     188
     206
     184
     177
     202
     176
     177
     173
     190
     188
     171
     163
     193
     193
     194
     192
     191
     194
     169
     165
     193
     178
     160
     198
     170
     202
     192
     188
     174
     210
     150
     191
     167
     174
     199
     165
     179
     174
     179
     174
     162
     203
     168
     150
     162
     175
     172
     180
     195
     163
     176
     178
     175
     181
     155
     184
     202
     168
     200
     199
     177
     197
     193
     178
     191
     212
     238
     328
     583
    1486
    4297
   11187
   23808
   38732
   48893
   45890
   32515
   16425
    6015
    1575
     285
      93
      47
      38
      41
      32
      42
      38
      40
      41
      36
      38
      47
      41
      40
      25
      35
      28
      35
      30
      31
      26
      19
      24
      41
      22
      27
      27
      19
      28
      22
      39
      21
      25
      18
      18
      32
      25
      24
      25
      33
      24
      24
      25
      22
      42
      23
      16
      22
      27
      27
      24
      29
      30
      28
      28
      22
      23
      19
      22
      26
      27
      28
      14
      31
      25
      32
      45
      33
      23
      19
      27
      23
      25
      28
      28
      16
      25
      24
      28
      32
      24
      30
      27
      21
      22
      30
      19
      24
      28
      25
      21
      27
      23
      36
      17
      20
      25
      29
      21
      17
      18
      23
      10
      25
      25
      29
      15
      23
      28
      25
      23
      21
      22
      21
      27
      24
      24
      23
      20
      24
      24
      19
      12
      27
      21
      19
      19
      20
      17
      17
      20
      27
      26
      22
      19
      26
      17
      12
      28
      22
      26
      35
      32
      17
      29
      18
      13
      22
      25
      16
      20
      14
      15
      22
      24
       8
       7
      18
      19
      25
      21
      23
      20
      25
      23
      16
      17
      20
      17
      13
      16
      13
      21
      17
      25
      21
      20
      20
      16
      14
      16
      13
      23
      18
      25
      20
      28
      23
      23
      20
      19
       9
      17
      20
      27
      43
      61
     102
     172
     268
     422
     658
     732
     686
     482
     247
     104
      34
      18
      11
      19
       6
      17
       9
      11
      15
      16
      18
      17
      18
      18
      12
      21
      19
      13
      15
       9
      15
      24
      15
      13
      24
      14
      18
      17
      16
      14
      15
      19
      13
      14
      13
      20
      14
      13
      10
      11
      14
       5
      14
      13
      16
      21
      12
      15
      14
      17
      16
      14
      12
      17
      22
      16
       9
      19
      11
      17
      12
       8
      12
      20
      21
      20
      27
      12
      13
      19
      16
      20
      15
      16
      26
      17
      21
      17
      15
      11
      15
      15
       9
      12
      11
      15
      16
      17
      15
      10
      10
      12
      22
      20
      10
      12
      13
      14
      17
      13
      23
      16
      21
      18
      18
      13
      14
      16
      16
      18
      10
      15
      10
      12
      11
      13
      13
       7
      15
      18
      12
      16
      15
      19
      17
      15
      15
      11
      16
      12
      14
       7
      16
      15
      16
      14
      16
      10
       7
      14
       5
      10
       9
      12
      15
      18
      19
      15
      15
      14
      14
      10
      21
      16
      13
      11
      13
      12
      11
      11
      12
      11
      11
      14
      10
      12
      17
      10
      11
       9
      15
      14
      16
      14
      13
      12
       9
      15
      13
       9
      11
      13
      17
       8
      12
      21
      16
       8
      10
       8
      13
      16
       9
      15
       7
      16
      15
      17
      12
      12
      22
      19
      19
      37
      16
      12
      19
      15
      18
      22
      24
      17
      18
      19
      14
       7
      10
      12
      12
      16
      15
      15
      11
      16
      12
      10
      10
      10
      15
      15
      10
      12
      14
      15
      11
      12
       7
      13
      15
      11
      12
      13
      15
      11
      15
       9
      14
      13
       9
       7
      12
      11
      13
      14
      15
       9
      20
      16
      14
      10
      15
      11
      10
      11
       9
      12
       8
       9
      14
      14
      14
      16
      17
      13
      16
       8
      20
      10
       7
      14
       8
       9
      12
       9
      11
      15
      14
      13
      12
       7
       8
      13
      13
       8
       7
      10
      13
      12
      11
      10
       9
      13
      11
      14
       8
      10
       7
      17
      11
      13
       9
      20
      10
      12
       6
      14
      13
      14
       7
      13
      10
      10
       9
      16
      11
       9
       8
      14
       9
       8
       8
       9
      12
      11
       8
      11
      13
      14
       7
       8
      17
      10
      12
      10
      11
      10
      15
       7
      11
      11
       8
      12
       9
       8
       9
       9
      16
      14
      16
      11
       9
       8
      12
       9
      11
      12
      15
      12
      12
       4
       8
       6
      12
      11
       7
      15
      10
      14
      18
      10
       8
      10
       7
      10
      13
       6
       7
       9
      10
       8
       4
       5
       8
       9
       8
      15
      10
       9
      12
       5
      14
       9
      13
      11
       9
       3
       5
       7
       9
      10
       7
       7
       4
       9
       7
      12
      13
      11
      12
      10
       7
       4
       9
       6
       9
      10
      11
      10
       9
       7
       8
      13
      19
      24
      18
       9
       7
      15
       6
       8
       5
      12
       9
       4
       8
       6
      16
      14
       5
       6
      14
       8
       9
       8
      11
       7
       6
      11
       7
       7
       6
       6
       9
       8
       9
       8
       8
      10
      14
       7
       9
       4
       5
       9
      13
       6
      15
       8
      13
      10
      12
      15
       8
       9
      12
      18
      16
      28
      38
      55
      56
      48
      32
      31
      19
      11
      11
      10
       5
       5
       5
      11
       9
       5
      13
      11
       7
      10
       5
      12
       8
       8
       6
       8
       9
       7
       8
       2
       7
       7
       9
       7
      10
       5
      15
       9
       8
       6
      10
       9
      10
      10
       6
       7
       8
       6
       7
      13
       8
      10
       9
       4
       7
       6
       8
       7
      10
      13
       9
       8
       5
       4
      16
      10
      10
      11
       6
       6
       8
      11
       6
      11
       9
       7
      10
       6
       6
      11
       3
       8
      10
       7
      11
       2
      11
       8
       5
       7
      10
      12
       5
       9
       4
       5
       7
      10
       9
       6
       6
       8
      10
      10
      13
      12
      10
       3
      10
       4
       7
      10
      12
       5
       8
       6
       9
      10
      12
      10
      10
      11
       7
      10
       7
      12
       5
      12
       4
       8
       6
      12
      15
      17
      13
      12
      11
      15
      14
      14
      11
      10
      12
       5
       8
      15
       5
       9
       9
       6
      15
       6
       8
      15
       7
       5
      12
       9
       8
      10
      11
       6
       4
       6
       8
       7
       6
       7
       3
      10
       8
       5
       6
       8
       7
       9
       8
       7
       8
       4
       7
       7
      13
       5
       7
       4
       6
       7
       4
      12
       8
       7
       4
       7
       8
       4
      10
      10
       8
      10
      16
       8
       4
       3
       4
       6
       6
      13
      15
       8
       8
       5
      10
       8
       8
       2
       8
       6
       7
       7
       6
       7
       9
       6
      11
       8
       4
       8
       7
       2
       6
       6
       8
       9
       8
      10
      11
      10
       7
       2
      10
       3
       9
       6
       4
       4
       4
       6
       6
       7
       5
      10
       5
       7
       5
       9
       4
       8
       5
      12
       7
      10
       8
       9
       9
      13
      11
      11
       6
       8
       4
       6
       6
       8
      12
      10
       8
       8
       9
       8
       9
       9
       3
       5
       4
      10
       8
       7
       9
       8
      11
       7
       5
       5
       2
       8
       7
       8
      10
      12
       7
       9
       5
       4
      10
       3
       6
       9
       6
       3
       7
       5
      12
       3
       6
      11
       9
      11
       6
       7
       7
       1
       5
       5
       2
       7
      11
      10
       3
       6
       4
      10
      11
      14
       8
       9
       6
       8
       7
       4
       8
      10
       4
       7
       9
       5
       5
       8
      10
       9
       8
      10
       8
       4
       8
       7
      11
       7
       8
      11
      12
      11
       7
       6
      10
       5
       5
       4
       7
       7
       4
       7
       5
       4
      12
       8
      12
       9
       7
       8
      13
       4
       4
       6
       6
       4
       5
       8
       7
       6
       9
      16
       3
       6
       8
       8
       7
       6
       7
      12
       7
       6
       8
       5
       4
      10
       4
       5
       6
      10
       8
       8
       7
       8
       1
       9
       7
       3
       6
       5
       5
      11
       4
       7
       6
       2
       6
       8
       4
       4
       3
       3
       6
       5
       7
       4
       7
       7
       3
      11
       7
       4
       7
       3
      10
       8
       4
       8
       6
       7
       4
       5
       4
       5
       6
       7
       2
       8
       4
       9
       7
       4
       2
       5
       9
       6
       3
       8
       4
       4
       7
      10
       7
       8
       5
       5
       7
       9
       8
       5
       4
       4
       9
       5
       3
       4
       6
       4
       7
       5
       8
       4
       5
       5
       5
       4
      14
       8
       3
       2
       4
       7
       4
       5
       7
       8
       9
       7
       4
       4
       3
       7
       5
       7
       4
       5
       6
       6
       1
       7
       5
       4
       6
       6
       3
      10
       7
       4
       4
       2
       7
      10
       5
       7
       5
       4
       6
       2
       8
       3
       8
       2
      12
       9
       5
       8
       5
      10
       9
      10
       5
       6
      11
      19
      17
      13
       7
       9
       5
       9
       5
       4
       5
       8
       8
       4
       3
       4
       9
       0
       8
       4
       4
       4
       3
      10
       7
       6
       8
       4
       8
       6
       2
       7
       5
       6
       3
       4
       4
       5
       5
       5
       6
       5
      11
       5
       6
       6
       4
       6
       6
       4
       7
       5
       3
       7
       2
       6
       6
       5
      14
       8
       9
       4
       4
       5
       5
       2
       4
       4
       3
       6
       7
       7
       3
       2
       7
       4
       5
       7
       2
       3
       5
       5
       3
       6
       2
       6
       5
       4
       6
       3
       6
       6
       5
       8
       6
       5
       5
       4
       0
       2
       3
       2
       3
       5
       5
       7
       3
       2
       4
       2
       3
       7
       2
       5
       4
       7
       6
       6
       8
       4
       6
       7
       7
       6
       4
       8
       3
       6
       4
       5
       2
       3
       4
       3
       2
       4
       3
       7
       4
       6
       3
       8
       8
       5
       4
       6
       1
       5
       3
       6
       5
       3
       3
       9
       4
       3
       3
       4
       2
       4
       8
       7
      11
       6
       9
      19
      18
      10
      10
      13
       4
      12
       6
       6
       5
       3
       7
       4
      10
       4
       8
       5
       2
       3
       4
       5
       5
       6
       3
       5
       3
       2
       3
       7
       4
       5
       4
       5
       6
       3
       3
       3
       5
       2
       6
       2
       6
       8
       5
       3
       3
       4
       4
       1
      10
       4
       3
       4
       6
       4
       7
       3
       7
       5
       7
       6
       6
       2
       7
       4
       6
       6
       5
       3
       1
       7
       4
       5
       0
      11
       7
       3
       4
       6
       3
       9
       0
       5
       5
       3
       4
       3
       5
       3
       6
       9
       4
       5
       7
       2
       3
       8
       6
       9
       7
       4
       3
       5
       3
       4
       5
       5
       4
       4
       5
       5
       8
       4
       2
       5
       5
       4
       6
       2
       4
      11
       4
       9
       5
       7
       2
       1
       4
       4
       6
       5
       6
       7
       3
       6
       6
       3
       7
       6
       6
       4
       4
       7
       5
       5
       6
       1
       7
       8
       5
       6
       5
       4
       1
       2
       1
       9
       4
       3
       5
       6
       4
       3
       7
       7
       4
       3
       5
       6
       4
       4
       4
       4
       3
       2
       4
       3
       5
       4
       7
       7
       3
       5
       5
       2
       5
       9
       3
       5
       2
       5
       2
       7
       3
       3
       6
       6
       5
       8
       5
       5
       8
       5
       1
       3
       3
       3
       2
       8
       2
       1
       9
       5
       7
       2
       4
      10
       5
       8
       5
       6
       2
       4
       6
       6
       3
       2
       6
       5
       5
       5
       9
       7
       3
       9
       2
       7
       4
       2
       5
       3
       3
       2
       1
       2
       4
       4
       6
       6
       6
       8
       5
       3
       5
       2
       7
       6
       3
       3
       3
       2
       4
       3
       5
       5
       5
       4
       2
       5
       5
       2
       3
       4
       1
       3
       2
       4
       3
       2
       6
       5
       3
       5
       3
       7
       2
       6
       5
       3
       2
       4
       6
       3
       4
       2
       5
       1
       1
       3
       5
       2
       3
       6
       5
       4
       4
       3
       5
       4
       2
       6
       4
       1
       3
       4
       4
       2
       2
       5
       3
       0
       2
       4
       3
       1
       6
       4
       3
       1
       4
       3
       4
       6
       0
       0
       3
       2
       1
       3
       0
       3
       4
       5
       1
       4
       1
       1
       2
       4
       2
       4
       1
       3
       1
       2
       4
       2
       1
       4
       5
       1
       2
       6
       2
       1
       2
       2
       2
       3
       3
       1
       2
       2
       2
       2
       2
       3
       3
       0
       4
       0
       2
       3
       1
       2
       2
       3
       4
       2
       3
       1
       4
       5
       4
       6
       1
       6
       6
       4
       6
       6
       4
       3
       2
       3
       1
       0
       3
       3
       3
       1
       1
       3
       3
       1
       3
       2
       3
       0
       1
       0
       1
       2
       3
       2
       1
       2
       2
       1
       3
       5
       2
       2
       2
       3
       4
       2
       1
       3
       1
       4
       0
       1
       3
       2
       5
       4
       2
       2
       0
       2
       2
       4
       2
       7
       1
       5
       0
       2
       3
       3
       2
       0
       1
       2
       2
       2
       1
       2
       4
       2
       2
       2
       1
       1
       1
       2
       3
       2
       1
       1
       3
       4
       1
       3
       2
       1
       4
       2
       4
       5
       8
       8
      10
      13
       4
       2
       4
       1
       1
       1
       2
       0
       3
       0
       1
       0
       0
       2
       0
       1
       0
       1
       1
       0
       1
       2
       1
       1
       0
       0
       1
       1
       0
       1
       1
       0
       1
       0
       0
       0
       0
       2
       0
       0
       1
       3
       1
       1
       0
       0
       0
       0
       1
       0
       0
       1
       0
       0
       0
       0
       1
       0
       2
       2
       0
       1
       2
       0
       0
       2
       0
       1
       1
       0
       0
       0
       0
       1
       1
       0
       1
       2
       1
       1
       0
       1
       0
       1
       1
       2
       2
       2
       0
       1
       0
       0
       2
       1
       1
       0
       0
       0
       3
       1
       0
       1
       1
       1
       0
       0
       1
       1
       0
       2
       0
       0
       0
       0
       1
       0
       2
       1
       2
       1
       1
       2
       1
       1
       0
       1
       1
       0
       1
       0
       0
       2
       0
       1
       0
       0
       0
       1
       0
       1
       3
       2
       2
       1
       0
       1
       0
       1
       1
       0
       0
       0
       1
       0
       1
       0
       0
       0
       0
       1
       0
       4
       1
       2
       4
       3
       5
       5
       7
      14
      24
      37
      43
      80
      77
      80
      61
      50
      27
       5
       4
       0
       0
       0
       0
       0
       0
       1
       0
       0
       0
       0
       0
       1
       3
       1
       0
       0
       0
       0
       1
       3
       1
       0
       1
       0
       0
       0
       1
       0
       2
       1
       1
       0
       1
       0
       1
       2
       0
       0
       0
       1
       0
       1
       0
       1
       0
       1
       1
       0
       3
       1
       0
       0
       0
       1
       0
       1
       0
       0
       1
       1
       0
       0
       1
       0
       0
       0
       1
       0
       1
       0
       1
       0
       0
       2
       4
       3
       1
       0
       1
       0
       0
       1
       1
       0
       1
       0
       0
       1
       1
       2
       0
       0
       1
       1
       0
       0
       0
       0
       0
       1
       0
       0
       0
       0
       1
       0
       0
       0
       1
       0
       0
       1
       0
       0
       0
       0
       0
       0
       1
       0
       1
       0
       0
       0
       0
       0
       1
       2
       2
       0
       0
       0
       0
       0
       0
       1
       1
       0
       1
       0
       0
       0
       0
       0
       1
       0
       0
       0
       0
       0
       0
       1
       0
       1
       0
       0
       0
       0
       1
       0
       1
       0
       1
       1
       0
       0
       0
       0
       0
       0
       0
       0
       0
       1
       1
       0
       0
       0
       1
       0
       0
       0
       0
       0
       0
       0
       0
       0
       0
       0
       0
       0
       0
       1
       0
       0
       0
       0
       0
       0
       0
       0
       1
       0
       0
       0
       0
       0
       0
       1
       0
       0
       0
       0
       0
       0
       1
       0
       0
       0
       1
       0
       0
       0
       0
       0
       0
       0
       0
       0
       0
       0
       0
       0
       1
       0
       0
       0
       0
       0
       0
       1
       0
       0
       1
       1
       0
       1
       0
       0
       1
       0
       1
       0
       0
       0
       0
       0
       1
       0
       0
       1
       1
       0
       0
       1
       0
       0
       0
       0
       1
       1
       0
       0
       0
       0
       0
       2
       0
       0
       2
       1
       0
       0
       0
       0
       0
       0
       0
       0
       0
       0
       0
       0
       1
       1
       1
       0
       0
       0
       0
       1
       1
       1
       0
       0
       0
       0
       0
       0
       0
       0
       0
       0
       0
       1
       1
       0
       0
       0
       0
       0
       0
       0
       0
       0
       0
       0
       0
       0
       1
       0
       1
       1
       0
       0
       0
       1
       0
       0
       0
       0
       0
       0
       1
       0
       0
       0
       0
       0
       0
       0
       0
       0
       0
       2
       0
       0
       0
       0
       0
       0
       0
       0
       0
       0
       0
       0
       2
       0
       0
       0
       0
       0
       0
       0
       0
       1
       0
       0
       1
       0
       0
       0
       0
       0
       0
       0
       0
       0
       0
       0
       0
       1
       1
       0
       1
       0
       0
       1
       0
       0
       0
       0
       0
       0
       0
       0
       0
       0
       1
       0
       0
       0
       0
       0
       0
       1
       0
       0
       0
       0
       0
       0
       0
       0
       0
       0
       0
       0
       0
       0
       1
       0
       0
       0
       0
       0
       0
       0
       0
       0
       0
       0
       0
       0
       1
       0
       0
       0
       0
       0
       0
       0
       0
       0
       0
       0
       0
       0
       0
       0
       0
       0
       1
       0
       0
       0
       0
       0
       0
       0
       0
       0
       0
       0
       0
       0
       0
       1
       0
       0
       0
       0
       0
       0
       1
       0
       0
       1
       0
       0
       0
       0
       0
       0
       0
       0
       0
       0
       2
       0
       0
       0
       1
       0
       0
       0
       0
       1
       0
       0
       0
       0
       0
       0
       0
       0
       0
       0
       0
       1
       0
       0
       0
       0
       0
       0
       0
       0
       0
       0
       2
       1
       0
       1
       1
       1
       0
       0
       0
       1
       0
       0
       0
       0
       0
       0
       0
       0
       0
       0
       0
       0
       0
       1
       0
       0
       0
       0
       0
       0
       1
       0
       0
       1
       0
       1
       0
       0
       0
       0
       0
       1
       0
       0
       0
       0
       0
       0
       0
       0
       0
       0
       0
       0
       0
       1
       0
       1
       0
       0
       0
       1
       1
       0
       0
       1
       0
       0
       0
       0
       0
       0
       0
       0
       0
       0
       0
       0
       0
       0
       0
       0
       0
       0
       1
       0
       0
       0
       0
       0
       0
       1
       0
       0
       0
       0
       0
       0
       0
       0
       0
       0
       0
       0
       0
       0
       0
       0
       0
       1
       0
       0
       0
       0
       1
       0
       0
       0
       0
       0
       0
       1
       0
       0
       0
       0
       0
       0
       0
       0
       0
       0
       2
       0
       0
       0
       0
       0
       0
       0
       0
       0
       0
       0
       0
       0
       0
       0
       0
       0
       0
       0
       0
       0
       0
       0
       0
       0
       0
       0
       0
       0
       0
       0
       0
       0
       0
       0
       0
       1
       0
       1
       1
       0
       0
       0
       0
       0
       0
       0
       0
       0
       0
       0
       0
       0
       0
       0
       0
       0
       0
       0
       0
       0
       0
       0
       0
       0
       0
       0
       0
       1
       0
       0
       0
       0
       0
       1
       0
       0
       0
       0
       1
       0
       0
       0
       0
       0
       0
       0
       0
       0
       0
       0
       1
       0
       0
       0
       0
       0
       0
       1
       0
       0
       0
       0
       0
       0
       1
       0
       0
       0
       0
       0
       0
       0
       0
       0
       0
       0
       0
       0
       0
       0
       0
       0
       0
       0
       0
       0
       0
       0
       0
       0
       0
       0
       0
       0
       1
       0
       0
       0
       0
       0
       0
       0
       1
       1
       0
       0
       0
       1
       0
       0
       0
       0
       0
       1
       0
       0
       0
       1
       0
       0
       1
       1
       0
       1
       0
       0
       1
       0
       0
       0
       0
       1
       0
       0
       1
       0
       0
       1
       1
       0
       0
       0
       0
       0
       0
       0
       1
       0
       0
       1
       0
       0
       0
       0
       1
       0
       1
       0
       1
       1
       0
       0
       0
       0
       0
       0
       0
       0
       0
       0
       0
       0
       0
       0
       0
       0
       0
       1
       0
       0
       0
       0
       1
       1
       0
       1
       0
       0
       0
       0
       0
       1
       0
       0
       0
       0
       0
       0
       0
       0
       0
       0
       0
       0
       0
       1
       0
       0
       0
       1
       1
       0
       0
       0
       0
       0
       0
       0
       1
       0
       0
       0
       0
       0
       0
       0
       2
       0
       0
       0
       0
       0
       0
       0
       0
       0
       0
       0
       0
       1
       0
       0
       0
       0
       1
       0
       0
       1
       0
       0
       0
       0
       0
       0
       0
       0
       0
       0
       0
       0
       0
       0
       0
       0
       0
       0
       0
       0
       0
       1
       0
       2
       0
       0
       1
       0
       0
       0
       0
       0
       0
       0
       0
       0
       0
       0
       0
       0
       0
       0
       0
       0
       0
       0
       0
       0
       0
       1
       0
       0
       0
       0
       0
       0
       1
       0
       1
       0
       0
       0
       0
       0
       0
       0
       0
       0
       0
       0
       0
       0
       0
       0
       0
       0
       1
       0
       0
       0
       0
       0
       0
       1
       0
       0
       0
       0
       0
       0
       0
       0
       0
       0
       0
       0
       0
       0
       0
       0
       0
       1
       0
       0
       1
       0
       0
       0
       0
       0
       0
       0
       0
       0
       0
       1
       0
       0
       0
       0
       0
       2
       0
       0
       0
       2
       0
       0
       0
       0
       0
       0
       1
       0
       0
       0
       0
       0
       0
       0
       0
       0
       0
       0
       0
       0
       0
       1
       0
       0
       0
       0
       0
       0
       0
       0
       0
       0
       0
       0
       1
       0
       0
       0
       0
       0
       0
       0
       0
       0
       0
       0
       0
       0
       0
       0
       0
       0
       0
       0
       0
       0
       0
       0
       0
       0
       0
       0
       0
       0
       0
       0
       0
       0
       0
       1
       0
       0
       0
       0
       0
       0
       0
       0
       0
       0
       0
       0
       0
       1
       0
       0
       0
       0
       3
       0
       0
       0
       0
       1
       0
       0
       0
       0
       0
       0
       0
       0
       0
       0
       0
       0
       0
       0
       0
       0
       0
       0
       0
       0
       0
       0
       0
       0
       0
       3
       0
       0
       0
       0
       0
       0
       1
       0
       0
       0
       0
       0
       0
       1
       0
       0
       0
       0
       0
       0
       0
       0
       0
       1
       0
       0
       0
       0
       0
       0
       0
       0
       0
       0
       1
       0
       0
       0
       0
       0
       0
       0
       0
       0
       1
       1
       0
       0
       1
       0
       0
       0
       0
       0
       0
       0
       0
       0
       0
       0
       0
       1
       0
       0
       0
       1
       0
       0
       0
       0
       0
       0
       0
       0
       0
       0
       0
       0
       0
       0
       0
       0
       0
       0
       0
       0
       0
       0
       0
       0
       0
       0
       0
       0
       0
       0
       0
       0
       0
       0
       0
       0
       0
       0
       0
       0
       0
       0
       0
       0
       0
       0
       0
       0
       0
       0
       0
       0
       0
       0
       0
       0
       0
       0
       0
       0
       0
       0
       1
       0
       0
       0
       0
       0
       0
       0
       0
       0
       0
       0
       0
       0
       0
       0
       0
       0
       0
       0
       1
       0
       0
       0
       0
       0
       0
       0
       0
       0
       0
       0
       0
       0
       0
       0
       1
       0
       0
       0
       0
       0
       0
       0
       0
       0
       0
       0
       0
       0
       0
       0
       1
       0
       1
       0
       0
       0
       0
       1
       0
       0
       0
       0
       0
       0
       0
       0
       0
       0
       0
       0
       0
       0
       0
       0
       0
       2
       0
       0
       1
       0
       0
       0
       0
       0
       0
       0
       1
       0
       0
       0
       0
       0
       0
       0
       0
       1
       0
       0
       0
       1
       0
       0
       0
       0
       0
       0
       0
       0
       0
       0
       0
       0
       0
       0
       0
       2
       0
       0
       0
       0
       0
       0
       0
       1
       0
       0
       0
       0
       0
       0
       0
       0
       0
       0
       0
       0
       0
       0
       0
       0
       0
       0
       0
       0
       0
       0
       0
       0
       0
       0
       0
       0
       0
       0
       0
       0
       0
       0
       0
       0
       0
       0
       0
       0
       0
       0
       0
       0
       0
       0
       0
       0
       0
       0
       0
       0
       1
       0
       0
       0
       0
       0
       0
       0
       0
       0
       0
       0
       0
       0
       0
       0
       0
       0
       0
       0
       0
       0
       0
       1
       0
       0
       0
       0
       0
       0
       0
       0
       0
       0
       0
       0
       0
       0
       0
       0
       0
       0
       1
       0
       1
       0
       0
       0
       0
       0
       0
       0
       0
       0
       0
       0
       0
       0
       1
       0
       0
       0
       0
       0
       0
       0
       0
       0
       0
       0
       0
       0
       0
       0
       0
       0
       0
       0
       0
       0
       0
       0
       0
       0
       0
       1
       0
       0
       1
       0
       0
       0
       0
       0
       0
       0
       0
       0
       0
       0
       0
       0
       1
       0
       0
       0
       0
       0
       0
       0
       0
       0
       0
       0
       0
       0
       0
       0
       0
       0
       0
       1
       0
       0
       0
       0
       0
       0
       0
       0
       0
       0
       0
       0
       0
       0
       0
       0
       0
       0
       0
       0
       0
       0
       0
       0
       0
       0
       0
       0
       0
       0
       0
       0
       0
       0
       0
       0
       0
       0
       0
       0
       0
       0
       0
       0
       0
       0
       0
       0
       0
       0
       0
       0
       0
       0
       0
       1
       1
       0
       0
       0
       0
       0
       0
       1
       0
       0
       0
       1
       0
       0
       0
       0
       0
       0
       0
       0
       0
       0
       0
       0
       0
       0
       0
       2
       0
       0
       1
       0
       0
       0
       0
       0
       0
       0
       0
       0
       1
       0
       0
       0
       0
       0
       0
       0
       0
       0
       0
       0
       0
       0
       0
       0
       0
       0
       0
       0
       0
       0
       0
       0
       0
       0
       0
       0
       0
       0
       0
       0
       0
       0
       0
       0
       0
       0
       0
       0
       0
       0
       0
       0
       0
       0
       0
       0
       0
       0
       0
       0
       0
       0
       0
       0
       1
       0
       0
       0
       0
       0
       0
       0
       1
       0
       0
       0
       0
       0
       0
       0
       0
       0
       0
       0
       0
       0
       0
       0
       0
       0
       0
       0
       0
       0
       0
       0
       0
       1
       0
       0
       0
       0
       0
       0
       0
       0
       0
       0
       0
       0
       0
       0
       0
       0
       0
       0
       0
       0
       0
       0
       0
       0
       0
       0
       0
       0
       0
       0
       0
       0
       0
       0
       0
       0
       0
       0
       0
       0
       0
       0
       0
       0
       0
       0
       0
       0
       0
       0
       0
       0
       1
       0
       0
       0
       0
       1
       1
       0
       0
       0
       0
       0
       0
       0
       0
       0
       0
       0
       0
       0
       0
       0
       0
       0
       0
       0
       0
       0
       0
       0
       0
       0
       0
       0
       0
       0
       0
       1
       0
       0
       0
       0
       0
       0
       0
       0
       0
       0
       0
       0
       0
       0
       0
       0
       0
       0
       0
       0
       0
       0
       0
       1
       0
       0
       1
       0
       0
       0
       0
       0
       1
       0
       0
       0
       0
       0
       0
       0
       0
       0
       0
       0
       0
       0
       0
       0
       0
       0
       0
       0
       0
       0
       0
       0
       0
       0
       0
       0
       0
       0
       0
       0
       0
       1
       0
       0
       0
       0
       0
       0
       0
       0
       0
       0
       0
       0
       0
       1
       0
       0
       0
       0
       0
       0
       0
       0
       0
       0
       0
       0
       0
       0
       0
       0
       0
       0
       0
       2
       0
       0
       0
       0
       0
       1
       0
       0
       0
       0
       0
       0
       0
       1
       1
       0
       0
       0
       0
       0
       0
       1
       0
       0
       0
       0
       0
       0
       1
       0
       0
       0
       0
       0
       0
       0
       0
       0
       0
       0
       0
       0
       0
       0
       0
       0
       0
       0
       0
       1
       0
       0
       0
       0
       0
       0
       0
       0
       0
       0
       0
       0
       0
       0
       0
       0
       0
       1
       0
       0
       0
       0
       0
       0
       0
       0
       0
       0
       0
       0
       0
       0
       0
       0
       0
       0
       0
       0
       0
       0
       0
       0
       0
       0
       0
       0
       0
       0
       0
       0
       0
       0
       0
       0
       0
       0
       0
       0
       0
       0
       0
       0
       0
       0
       0
       0
       0
       0
       0
       0
       0
       0
       0
       0
       0
       0
       1
       0
       0
       0
       0
       0
       0
       0
       0
       0
       1
       0
       0
       0
       0
       0
       0
       0
       0
       0
       0
       0
       0
       0
       1
       0
       0
       0
       0
       0
       0
       0
       0
       0
       0
       0
       0
       0
       0
       0
       0
       0
       0
       0
       0
       0
       0
       0
       0
       1
       0
       0
       0
       2
       0
       0
       0
       0
       0
       0
       0
       1
       0
       0
       0
       0
       0
       0
       0
       1
       0
       0
       0
       0
       0
       0
       0
       0
       0
       0
       0
       0
       0
       1
       0
       0
       1
       0
       0
       0
       0
       0
       0
       0
       0
       0
       0
       0
       0
       0
       0
       0
       0
       0
       0
       0
       0
       0
       0
       0
       0
       0
       0
       0
       0
       0
       0
       0
       0
       0
       0
       0
       1
       0
       0
       0
       0
       0
       1
       0
       0
       0
       0
       0
       0
       0
       0
       0
       0
       0
       0
       0
       0
       0
       1
       0
       0
       0
       1
       0
       1
       0
       0
       0
       0
       0
       0
       0
       0
       0
       0
       0
       0
       0
       0
       0
       1
       0
       0
       0
       0
       0
       0
       0
       0
       0
       0
       0
       0
       1
       0
       0
       0
       0
       0
       0
       0
       0
       0
       0
       0
       0
       1
       0
       0
       0
       0
       0
       1
       0
       1
       0
       0
       0
       0
       0
       0
       0
       0
       0
       0
       0
       0
       0
       0
       1
       0
       0
       0
       0
       0
       0
       0
       0
       0
       1
       0
       0
       0
       0
       0
       0
       0
       0
       0
       0
       0
       0
       0
       0
       0
       0
       0
       0
       0
       0
       0
       0
       0
       0
       0
       0
       0
       0
       0
       0
       0
       0
       0
       0
       0
       0
       3
       0
       0
       0
       0
       0
       0
       0
       0
       1
       0
       1
       1
       0
       0
       0
       0
       0
       0
       0
       0
       0
       0
       0
       0
       0
       0
       0
       1
       0
       0
       0
       0
       0
       0
       0
       0
       0
       0
       0
       0
       0
       0
       0
       0
       1
       0
       0
       0
       0
       0
       0
       0
       0
       0
       1
       0
       0
       0
       0
       0
       0
       0
       0
       0
       0
       0
       0
       0
       1
       0
       0
       0
       0
       0
       0
       0
       0
       0
       0
       0
       0
       0
       0
       0
       0
       0
       0
       0
       0
       0
       0
       0
       1
       0
       0
       0
       0
       0
       0
       0
       0
       0
       0
       0
       0
       0
       0
       0
       0
       0
       0
       0
       0
       0
       0
       0
       0
       0
       0
       0
       0
       0
       1
       0
       0
       0
       0
       0
       0
       0
       0
       0
       0
       0
       0
       0
       0
       0
       0
       0
       0
       0
       0
       0
       0
       0
       0
       0
       0
       0
       0
       0
       0
       0
       0
       0
       0
       1
       0
       1
       0
       0
       0
       0
       0
       3
       0
       0
       0
       0
       0
       0
       0
       0
       0
       0
       0
       0
       0
       0
       0
       0
       0
       0
       0
       0
       0
       0
       0
       0
       0
       0
       0
       0
       0
       0
       0
       0
       1
       0
       0
       0
       0
       0
       0
       0
       0
       0
       1
       0
       0
       0
       0
       0
       0
       0
       0
       0
       0
       0
       1
       0
       0
       0
       1
       0
       0
       0
       0
       0
       0
       0
       0
       0
       0
       0
       0
       0
       0
       1
       1
       0
       0
       0
       0
       0
       0
       0
       0
       0
       0
       0
       0
       0
       0
       0
       0
       0
       0
       0
       1
       0
       0
       0
       1
       0
       0
       0
       0
       0
       0
       0
       0
       0
       0
       1
       0
       1
       0
       0
       0
       0
       0
       0
       0
       0
       0
       1
       0
       0
       0
       1
       0
       0
       0
       0
       0
       0
       1
       0
       1
       2
       0
       0
       0
       0
       0
       1
       0
       0
       0
       0
       0
       1
       0
       0
       0
       0
       0
       0
       1
       0
       0
       0
       0
       0
       0
       0
       0
       0
       1
       0
       0
       0
       0
       0
       0
       0
       0
       0
       0
       0
       0
       0
       0
       1
       0
       0
       1
       0
       0
       0
       0
       0
       0
       0
       0
       0
       0
       0
       0
       0
       0
       0
       0
       0
       0
       0
       0
       0
       0
       0
       0
       0
       0
       0
       0
       0
       1
       0
       0
       0
       1
       0
       0
       0
       0
       0
       0
       0
       0
       0
       0
       0
       0
       0
       0
       0
       1
       0
       0
       0
       0
       0
       0
       0
       0
       0
       0
       0
       0
       0
       0
       0
       0
       0
       0
       0
       0
       1
       0
       0
       0
       0
       0
       0
       0
       0
       0
       0
       0
       0
       0
       0
       0
       0
       0
       0
       0
       0
       0
       0
       0
       0
       0
       0
       0
       1
       0
       0
       1
       0
       1
       0
       0
       0
       0
       0
       0
       0
       0
       0
       0
       0
       0
       0
       0
       0
       0
       0
       0
       0
       0
       0
       0
       0
       0
       0
       0
       0
       0
       0
       0
       0
       0
       0
       0
       0
       1
       0
       1
       0
       0
       0
       0
       0
       0
       0
       1
       0
       0
       0
       0
       0
       1
       0
       0
       0
       0
       0
       0
       0
       0
       0
       0
       0
       0
       0
       0
       0
       0
       1
       0
       0
       0
       0
       0
       0
       0
       0
       0
       1
       0
       0
       1
       0
       0
       0
       0
       0
       0
       0
       0
       0
       0
       0
       1
       0
       0
       0
       0
       0
       0
       0
       0
       0
       0
       1
       0
       0
       0
       0
       1
       0
       0
       0
       0
       0
       0
       0
       1
       0
       0
       0
       0
       0
       0
       0
       0
       1
       0
       0
       0
       0
       0
       0
       0
       0
       0
       0
       0
       0
       0
       0
       0
       0
       0
       0
       0
       0
       0
       0
       0
       0
       0
       0
       0
       0
       0
       0
       0
       0
       0
       0
       0
       0
       0
       0
       0
       1
       0
       0
       0
       0
       0
       0
       0
       0
       0
       0
       0
       0
       0
       0
       1
       0
       0
       0
       0
       0
       0
       0
       0
       0
       0
       0
       0
       0
       0
       0
       0
       0
       0
       0
       0
       0
       0
       0
       0
       0
       0
       0
       0
       0
       0
       0
       0
       0
       0
       0
       0
       0
       0
       0
       0
       0
       0
       0
       0
       0
       0
       0
       0
       1
       1
       0
       0
       0
       0
       0
       0
       0
       0
       0
       0
       1
       0
       0
       0
       0
       0
       0
       0
       0
       0
       0
       0
       0
       0
       0
       0
       0
       0
       0
       0
       0
       0
       0
       1
       0
       0
       0
       1
       0
       0
       0
       0
       0
       0
       0
       1
       0
       0
       0
       0
       0
       0
       0
       0
       0
       0
       0
       0
       0
       0
       0
       0
       0
       0
       0
       0
       0
       0
       0
       0
       0
       0
       0
       0
       0
       0
       0
       0
       0
       0
       0
       1
       0
       0
       0
       0
       0
       0
       0
       0
       0
       1
       0
       0
       0
       0
       0
       0
       0
       0
       0
       0
       0
       0
       0
       1
       0
       0
       0
       0
       0
       0
       0
       0
       0
       0
       0
       0
       0
       0
       0
       0
       0
       0
       0
       0
       0
       0
       0
       0
       0
       0
       0
       0
       0
       0
       0
       0
       0
       0
       0
       0
       0
       0
       0
       0
       0
       0
       0
       0
       0
       0
       0
       0
       0
       0
       0
       0
       0
       0
       0
       0
       0
       0
       0
       0
       0
       0
       0
       0
       0
       0
       0
       0
       0
       0
       0
       0
       0
       1
       0
       0
       0
       0
       1
       0
       0
       0
       0
       0
       1
       0
       0
       0
       0
       0
       0
       1
       0
       0
       0
       0
       0
       1
       0
       0
       0
       0
       0
       0
       0
       0
       0
       0
       0
       0
       0
       0
       0
       0
       0
       0
       0
       0
       0
       0
       1
       0
       0
       0
       0
       0
       0
       0
       0
       0
       0
       0
       0
       0
       0
       0
       0
       0
       0
       0
       0
       0
       0
       0
       0
       0
       0
       0
       0
       0
       0
       0
       0
       0
       0
       0
       0
       0
       0
       0
       0
       0
       0
       0
       0
       0
       0
       0
       0
       0
       0
       0
       0
       0
       0
       0
       0
       0
       0
       0
       0
       0
       0
       0
       0
       0
       1
       0
       0
       0
       0
       0
       0
       0
       0
       0
       0
       0
       0
       0
       0
       0
       1
       0
       0
       0
       0
       0
       0
       0
       0
       0
       0
       0
       0
       0
       0
       0
       0
       0
       0
       0
       0
       0
       0
       0
       0
       0
       0
       0
       0
       0
       0
       0
       0
       0
       1
       0
       0
       0
       0
       0
       0
       0
       0
       0
       1
       1
       0
       0
       0
       0
       0
       0
       0
       0
       2
       0
       0
       0
       0
       1
       1
       1
       0
       0
       0
       0
       0
       0
       0
       0
       0
       0
       0
       0
       0
       0
       0
       0
       0
       0
       0
       0
       0
       0
       0
       0
       0
       0
       0
       0
       0
       0
       0
       0
       0
       0
       0
       0
       0
       0
       0
       0
       0
       0
       0
       0
       0
       0
       0
       0
       0
       0
       0
       1
       0
       0
       0
       0
       0
       0
       0
       0
       0
       0
       0
       0
       0
       0
       0
       0
       0
       0
       0
       0
       0
       0
       1
       0
       0
       0
       0
       0
       0
       0
       0
       0
       1
       0
       0
       0
       0
       0
       0
       0
       0
       0
       0
       1
       0
       1
       0
       0
       0
       0
       0
       0
       1
       0
       0
       0
       0
       0
       0
       0
       0
       0
       0
       0
       0
       0
       0
       0
       0
       0
       0
       0
       0
       0
       0
       0
       0
       0
       0
       0
       0
       0
       0
       0
       0
       0
       0
       0
       0
       0
       0
       0
       0
       0
       0
       1
       0
       0
       0
       1
       0
       0
       0
       0
       0
       1
       0
       0
       0
       0
       0
       0
       0
       0
       0
       0
       0
       0
       0
       0
       0
       0
       0
       0
       0
       0
       0
       0
       0
       0
       0
       0
       0
       0
       0
       0
       0
       0
       0
       0
       0
       0
       0
       1
       0
       0
       0
       0
       0
       0
       0
       0
       0
       0
       0
       1
       0
       0
       0
       0
       0
       0
       0
       0
       0
       0
       0
       0
       0
       0
       0
       0
       0
       0
       1
       1
       0
       0
       0
       0
       0
       0
       0
       0
       0
       0
       0
       0
       0
       0
       0
       0
       1
       0
       0
       0
       0
       0
       0
       0
       0
       0
       0
       0
       1
       0
       1
       0
       0
       0
       0
       0
       0
       1
       1
       0
       1
       0
       0
       0
       0
       0
       0
       0
       0
       0
       0
       0
       0
       0
       1
       0
       0
       0
       0
       0
       0
       0
       0
       0
       0
       0
       0
       0
       0
       0
       1
       0
       0
       0
       0
       0
       0
       0
       1
       0
       1
       0
       1
       0
       0
       0
       0
       1
       0
       0
       0
       0
       0
       0
       0
       0
       1
       0
       0
       0
       0
       0
       0
       1
       0
       0
       1
       0
       0
       0
       0
       1
       0
       0
       0
       0
       0
       0
       0
       0
       0
       0
       0
       0
       0
       0
       0
       0
       0
       0
       0
       0
       0
       0
       0
       0
       0
       0
       0
       0
       0
       0
       0
       0
       0
       0
       0
       0
       0
       0
       0
       0
       0
       0
       0
       0
       0
       0
       0
       0
       0
       0
       0
       0
       0
       0
       0
       0
       0
       0
       0
       0
       0
       0
       0
       0
       0
       0
       0
       0
       0
       0
       0
       0
       0
       0
       0
       0
       0
       0
       0
       0
       0
       0
       0
       0
       0
       0
       0
       0
       0
       0
       0
       0
       0
       0
       0
       0
       0
       0
       0
       0
       0
       0
       0
       0
       0
       0
       0
       0
       0
       0
       0
       0
       0
       0
       0
       0
       0
       0
       0
       0
       0
       0
       0
       0
       0
       0
       0
       0
       0
       0
       0
       0
       0
       0
       0
       0
$ROI:
3
195 204
216 232
1904 1926
$PRESETS:
None
0
0
$ENER_FIT:
3.319389 0.594734
$MCA_CAL:
3
3.319389E+000 5.947341E-001 0.000000E+000 keV
$SHAPE_CAL:
3
2.857754E+000 -1.166080E-003 0.000000E+000
