$SPEC_ID:
No sample description was entered.
$SPEC_REM:
DET# 1
DETDESC# DESKTOP-AKUPN2F Easy-MCA-8k SN 09022236
AP# Maestro Version 7.01
$DATE_MEA:
02/03/2017 17:45:38
$MEAS_TIM:
228829 229314
$DATA:
0 8191
       0
       0
       0
       0
       0
       0
       0
       0
      32
      14
       7
       5
       0
       0
       0
       0
       0
       0
       0
       0
       0
       0
       0
       0
       0
       0
       0
       0
       0
       0
       0
       0
       0
       0
       0
       0
       0
       0
       0
       0
       0
       0
       0
       0
       0
       0
       0
       0
       0
       0
       0
       0
       0
       0
       0
       0
       2
      22
     281
    1116
    3067
    4463
    5900
    9442
   12758
   12377
    6763
    2894
    3857
   16230
   19698
   18790
   18031
   17902
   18794
   19344
   19867
   19557
   19695
   19725
   20268
   20484
   20574
   20740
   21368
   21739
   22090
   22267
   22643
   23291
   23667
   24184
   24803
   25440
   26369
   26867
   27737
   28285
   28949
   29145
   29824
   30496
   31328
   31873
   32228
   32252
   32602
   32958
   33456
   33834
   34192
   34699
   35160
   35744
   36315
   37938
   43200
   55108
   68622
   74221
   79127
   91350
   98731
   88280
   66306
   48392
   40814
   38703
   37432
   36655
   36822
   36527
   37197
   37581
   38081
   40309
   46596
   56279
   61574
   58846
   52208
   47841
   46510
   45333
   42570
   39850
   38398
   38541
   38281
   38069
   38515
   39408
   39098
   38661
   38088
   37921
   37305
   37379
   37286
   37224
   37562
   37738
   37696
   37441
   37464
   37384
   37218
   37321
   37371
   37174
   36898
   37274
   37106
   37005
   37215
   36968
   36597
   36474
   37029
   36463
   36527
   36248
   36459
   36127
   36124
   36174
   35779
   35441
   35749
   35809
   35168
   35219
   35283
   35107
   34667
   35076
   34706
   34375
   34567
   34726
   34211
   34448
   34069
   34307
   33786
   34097
   33517
   33115
   33642
   33419
   33680
   33410
   32841
   32684
   32694
   32372
   32492
   31894
   31732
   31662
   31667
   31470
   31538
   31335
   31382
   31063
   30624
   30668
   30846
   30531
   30186
   29927
   30040
   29728
   29695
   29579
   29550
   29366
   29321
   28464
   28796
   28211
   28175
   28240
   28342
   27813
   27746
   27898
   27704
   27541
   27437
   27452
   27071
   26625
   26770
   26425
   26133
   26003
   26056
   25823
   25706
   25382
   25422
   25247
   25114
   25169
   24768
   24747
   24687
   24361
   24702
   23941
   24074
   23957
   23814
   23524
   23631
   23321
   23205
   22958
   22747
   22874
   22823
   22482
   22342
   22676
   22255
   22230
   21978
   21980
   21868
   21868
   21676
   21582
   21277
   21264
   21124
   21068
   20972
   20966
   21008
   21273
   21720
   22112
   22001
   21210
   20702
   20239
   19705
   20058
   19645
   19529
   19517
   19288
   19285
   19340
   19175
   19061
   18872
   18689
   18740
   18616
   18466
   18544
   18558
   18170
   18238
   17990
   18387
   18098
   17994
   17760
   17668
   17731
   17496
   17592
   17319
   17200
   17084
   17273
   17467
   17815
   17486
   16944
   16503
   16476
   16552
   16385
   16446
   16237
   16019
   16066
   16349
   15891
   16031
   15927
   15958
   15798
   15661
   15560
   15487
   15480
   15338
   15286
   15441
   15036
   14937
   14879
   15001
   15101
   14761
   14885
   14666
   14835
   14660
   14425
   14314
   14357
   14212
   14350
   14288
   14100
   14242
   13927
   13926
   14113
   14528
   16630
   20043
   22167
   21484
   17993
   15776
   14944
   14853
   14778
   14030
   13086
   12693
   12379
   12210
   12155
   12193
   12174
   12193
   12020
   11998
   12081
   11837
   11770
   11712
   11699
   11518
   11650
   11618
   11665
   11347
   11302
   11375
   11280
   11489
   11229
   11356
   11201
   10890
   10959
   10760
   11008
   10684
   10645
   10574
   10694
   10562
   10670
   10453
   10442
   10334
   10589
   10385
   10809
   10885
   10950
   10857
   10597
   10390
    9964
   10018
   10021
   10001
    9874
    9888
   10109
   10102
   10178
    9695
    9424
    9459
    9611
    9483
    9456
    9203
    9103
    9462
    9344
    9129
    9286
    9177
    9155
    8975
    9025
    9084
    8992
    8859
    8753
    8849
    8831
    8765
    8896
    8936
    9654
   10937
   12314
   12144
   10909
    9542
    8736
    8569
    8475
    8674
    8798
    8701
    8833
    8343
    8224
    8189
    7991
    7969
    8070
    8207
    7907
    7772
    7752
    7846
    7859
    7826
    7800
    7716
    7567
    7595
    7588
    7608
    7429
    7602
    7542
    7518
    7603
    7398
    7330
    7543
    7457
    7215
    7349
    7234
    7323
    7296
    7422
    7188
    7265
    7145
    7337
    7162
    7129
    7048
    7324
    7573
    7565
    7413
    7222
    7105
    6865
    6857
    6876
    7083
    7010
    6860
    6769
    6723
    6704
    6764
    7244
    7706
    8595
    8897
    7964
    7311
    6737
    6531
    6485
    6476
    6447
    6485
    6246
    6361
    6263
    6408
    6290
    6205
    6358
    6151
    6249
    6440
    7157
    9556
   12080
   13263
   11825
    9015
    6878
    6012
    5931
    5772
    5762
    5780
    5805
    5854
    5711
    5692
    5916
    5562
    5726
    5765
    5728
    5751
    5593
    5615
    5491
    5474
    5551
    5580
    5549
    5509
    5379
    5515
    5441
    5368
    5409
    5418
    5384
    5295
    5293
    5454
    5416
    5143
    5155
    5506
    5329
    5231
    5295
    5297
    5193
    5187
    5241
    5184
    5088
    5196
    5221
    5188
    5191
    5227
    5133
    5125
    5130
    5141
    5222
    5297
    5078
    5110
    4963
    4807
    4930
    4939
    4942
    4969
    4852
    4846
    4827
    4889
    4881
    4968
    4849
    4753
    4841
    4864
    4707
    4860
    4880
    4890
    4713
    4772
    4840
    4656
    4810
    4863
    4790
    4769
    4772
    4786
    4915
    4907
    4963
    4531
    4577
    4520
    4482
    4560
    4563
    4515
    4421
    4431
    4483
    4330
    4398
    4374
    4479
    4396
    4389
    4446
    4560
    4391
    4375
    4421
    4381
    4411
    4336
    4342
    4457
    4231
    4256
    4342
    4273
    4247
    4226
    4152
    4146
    4168
    4128
    4169
    4227
    4005
    4077
    4177
    4214
    4115
    4286
    4281
    4411
    4399
    4251
    4106
    4035
    3996
    4023
    3968
    4137
    4003
    3973
    3990
    3975
    3903
    3935
    3982
    4031
    3891
    3885
    3915
    3929
    3976
    3973
    4031
    4042
    3883
    3954
    3880
    3870
    3874
    3769
    3827
    3691
    3718
    3748
    3748
    3888
    3939
    4074
    4425
    4466
    4324
    4023
    3952
    3689
    3594
    3665
    3747
    3753
    3681
    3689
    3776
    3571
    3515
    3605
    3697
    3632
    3659
    3583
    3558
    3654
    3554
    3386
    3533
    3567
    3584
    3580
    3625
    3493
    3557
    3629
    3492
    3542
    3456
    3342
    3548
    3328
    3535
    3494
    3562
    3524
    3454
    3465
    3404
    3391
    3371
    3346
    3438
    3407
    3369
    3426
    3416
    3323
    3222
    3300
    3372
    3231
    3367
    3243
    3341
    3225
    3365
    3237
    3299
    3228
    3349
    3206
    3266
    3261
    3298
    3203
    3346
    3448
    3734
    4251
    5003
    6389
    7424
    7892
    7265
    6109
    4890
    4006
    3513
    3381
    3143
    3097
    3103
    3137
    3118
    3027
    2954
    3058
    3074
    2989
    3040
    2999
    3050
    3078
    3006
    3088
    3045
    2972
    3067
    2977
    2978
    3125
    2982
    2990
    3003
    3036
    3009
    2987
    3028
    3017
    3034
    2922
    2908
    2880
    2966
    3028
    3038
    2879
    2988
    2903
    2861
    2897
    2895
    2884
    2852
    2876
    2862
    2929
    2896
    2909
    2929
    2891
    2864
    2954
    2837
    2829
    2869
    2815
    2851
    2774
    2815
    2759
    2831
    2899
    2921
    2880
    2814
    2808
    2724
    2832
    2771
    2858
    2801
    2804
    2770
    2817
    2864
    2908
    2900
    2780
    2709
    2646
    2667
    2682
    2682
    2758
    2653
    2722
    2712
    2772
    2819
    2705
    2772
    2795
    2703
    2717
    2752
    2772
    2666
    2702
    2724
    2684
    2632
    2703
    2778
    2627
    2856
    2990
    3778
    5440
    6803
    7319
    6457
    4693
    3406
    2725
    2570
    2538
    2588
    2573
    2560
    2469
    2481
    2504
    2505
    2566
    2510
    2461
    2475
    2530
    2522
    2561
    2482
    2477
    2518
    2484
    2551
    2525
    2567
    2511
    2441
    2435
    2463
    2650
    2555
    2485
    2390
    2472
    2572
    2739
    3462
    5145
    7810
    9830
    9505
    7113
    4616
    2986
    2399
    2311
    2300
    2256
    2251
    2394
    2238
    2351
    2356
    2277
    2259
    2321
    2288
    2379
    2322
    2339
    2267
    2294
    2181
    2243
    2292
    2253
    2262
    2158
    2332
    2300
    2309
    2209
    2306
    2201
    2274
    2201
    2215
    2232
    2275
    2183
    2231
    2233
    2194
    2153
    2198
    2239
    2194
    2245
    2240
    2196
    2164
    2199
    2142
    2223
    2187
    2196
    2196
    2182
    2189
    2186
    2161
    2211
    2181
    2123
    2190
    2212
    2213
    2204
    2266
    2168
    2217
    2135
    2082
    2222
    2202
    2225
    2203
    2109
    2174
    2181
    2232
    2495
    2894
    3653
    4310
    4476
    3825
    2988
    2501
    2399
    2367
    2335
    2315
    2201
    2164
    2128
    2058
    2074
    2038
    2115
    2107
    2138
    2123
    2124
    2065
    2051
    2165
    2137
    2122
    2201
    2095
    2156
    2073
    2047
    2022
    2116
    1981
    2025
    2025
    2114
    2046
    2044
    2005
    2023
    2006
    2096
    2066
    2010
    2047
    2130
    1973
    1941
    2028
    2037
    1995
    2064
    2015
    2031
    1977
    2031
    2030
    2016
    1984
    2070
    2035
    2073
    1951
    1968
    1954
    2063
    2086
    2137
    2028
    2084
    2050
    2020
    1984
    2059
    1950
    1952
    2010
    1954
    1979
    1885
    2016
    1903
    1969
    1888
    1947
    1862
    1865
    1900
    1922
    1928
    1861
    1839
    1998
    1926
    1972
    2006
    1975
    1948
    1901
    1902
    1898
    1880
    1912
    1897
    2055
    2171
    2631
    2875
    2895
    2586
    2141
    1995
    1909
    1876
    1808
    1828
    1885
    1818
    1964
    1802
    1859
    1808
    1852
    1819
    1883
    1842
    1852
    1843
    1898
    1832
    1837
    1940
    1829
    1879
    1871
    1857
    1866
    1877
    1761
    1764
    1855
    1711
    1767
    1803
    1752
    1842
    1859
    1717
    1787
    1752
    1775
    1931
    1898
    2026
    1871
    1881
    1875
    1742
    1779
    1779
    1687
    1796
    1739
    1807
    1797
    1831
    1891
    1824
    1833
    1826
    1875
    1923
    2189
    2292
    2564
    2483
    2263
    1900
    1803
    1900
    1934
    1883
    1955
    1743
    1782
    1771
    1729
    1651
    1678
    1694
    1651
    1685
    1739
    1719
    1675
    1721
    1768
    1728
    1741
    1738
    1703
    1903
    1961
    1974
    1900
    1921
    1800
    1735
    1669
    1658
    1651
    1708
    1663
    1699
    1714
    1773
    2034
    2098
    2340
    2110
    1930
    1723
    1659
    1642
    1548
    1595
    1590
    1641
    1655
    1582
    1574
    1625
    1583
    1721
    1710
    1739
    1772
    1736
    1666
    1673
    1507
    1552
    1556
    1657
    1594
    1530
    1564
    1581
    1651
    1610
    1464
    1599
    1506
    1595
    1575
    1552
    1542
    1552
    1644
    1528
    1551
    1578
    1583
    1458
    1534
    1576
    1605
    1570
    1577
    1622
    1589
    1576
    1533
    1569
    1644
    1575
    1610
    1742
    1634
    1606
    1617
    1566
    1667
    1725
    1751
    1808
    1742
    1671
    1624
    1604
    1742
    1702
    1623
    1575
    1577
    1477
    1494
    1497
    1509
    1411
    1526
    1546
    1577
    1548
    1473
    1537
    1448
    1500
    1518
    1504
    1454
    1516
    1552
    1500
    1472
    1486
    1498
    1503
    1467
    1506
    1445
    1457
    1665
    1829
    2105
    2062
    2100
    1764
    1520
    1466
    1478
    1473
    1437
    1444
    1459
    1521
    1492
    1441
    1412
    1488
    1481
    1458
    1545
    1418
    1493
    1426
    1444
    1396
    1460
    1389
    1484
    1439
    1439
    1463
    1438
    1394
    1453
    1355
    1437
    1494
    1487
    1456
    1445
    1464
    1446
    1394
    1435
    1454
    1425
    1428
    1462
    1395
    1356
    1477
    1447
    1492
    1476
    1460
    1451
    1446
    1495
    1397
    1386
    1390
    1426
    1462
    1380
    1447
    1369
    1425
    1452
    1484
    1411
    1497
    1498
    1505
    1499
    1417
    1541
    1458
    1429
    1473
    1552
    1715
    2180
    3140
    4374
    5083
    4869
    3701
    2405
    1679
    1464
    1401
    1359
    1377
    1411
    1320
    1324
    1299
    1380
    1369
    1340
    1388
    1429
    1334
    1413
    1371
    1354
    1320
    1291
    1346
    1385
    1422
    1320
    1308
    1321
    1358
    1346
    1339
    1379
    1500
    1590
    1717
    1771
    1784
    1656
    1508
    1391
    1365
    1374
    1367
    1333
    1314
    1311
    1267
    1287
    1406
    1375
    1310
    1425
    1330
    1308
    1368
    1291
    1387
    1368
    1486
    1522
    1553
    1511
    1464
    1511
    1461
    1420
    1297
    1319
    1417
    1325
    1331
    1380
    1328
    1319
    1268
    1343
    1333
    1291
    1367
    1296
    1339
    1293
    1464
    1666
    1887
    1935
    2110
    1823
    1686
    1795
    2301
    3094
    3546
    3365
    2739
    1985
    1591
    1268
    1346
    1255
    1281
    1269
    1277
    1244
    1281
    1312
    1259
    1320
    1264
    1288
    1291
    1270
    1348
    1290
    1249
    1244
    1276
    1262
    1218
    1270
    1274
    1257
    1272
    1250
    1268
    1287
    1277
    1247
    1191
    1210
    1292
    1285
    1245
    1240
    1282
    1210
    1216
    1203
    1167
    1242
    1294
    1266
    1315
    1324
    1381
    1368
    1290
    1327
    1249
    1281
    1234
    1237
    1230
    1243
    1236
    1276
    1190
    1287
    1286
    1241
    1252
    1210
    1174
    1272
    1220
    1285
    1189
    1219
    1250
    1208
    1168
    1190
    1153
    1198
    1269
    1250
    1273
    1185
    1301
    1236
    1214
    1165
    1199
    1253
    1213
    1224
    1209
    1218
    1212
    1200
    1259
    1199
    1182
    1201
    1211
    1259
    1236
    1264
    1285
    1247
    1228
    1223
    1231
    1219
    1182
    1210
    1273
    1200
    1208
    1194
    1233
    1210
    1245
    1201
    1280
    1203
    1217
    1278
    1262
    1260
    1237
    1290
    1211
    1186
    1183
    1217
    1255
    1228
    1197
    1262
    1234
    1148
    1170
    1223
    1193
    1235
    1215
    1247
    1212
    1242
    1197
    1171
    1198
    1211
    1276
    1174
    1245
    1205
    1216
    1235
    1227
    1235
    1180
    1183
    1233
    1237
    1175
    1237
    1210
    1240
    1262
    1184
    1191
    1190
    1201
    1172
    1187
    1212
    1254
    1287
    1266
    1318
    1293
    1276
    1263
    1183
    1218
    1161
    1152
    1218
    1158
    1236
    1136
    1146
    1213
    1243
    1172
    1196
    1285
    1246
    1197
    1211
    1193
    1199
    1205
    1196
    1222
    1300
    1268
    1242
    1264
    1175
    1267
    1174
    1197
    1239
    1290
    1214
    1244
    1247
    1256
    1261
    1230
    1266
    1251
    1205
    1214
    1188
    1285
    1216
    1196
    1231
    1220
    1187
    1236
    1268
    1208
    1223
    1192
    1184
    1220
    1241
    1203
    1265
    1352
    1522
    1891
    2574
    3201
    3364
    3044
    2430
    1748
    1402
    1288
    1226
    1176
    1220
    1208
    1211
    1192
    1175
    1219
    1199
    1239
    1201
    1204
    1210
    1272
    1246
    1230
    1209
    1277
    1241
    1182
    1252
    1247
    1232
    1213
    1185
    1282
    1231
    1188
    1205
    1255
    1209
    1218
    1236
    1184
    1211
    1257
    1143
    1187
    1249
    1195
    1230
    1222
    1217
    1259
    1224
    1202
    1226
    1303
    1311
    1435
    1469
    1496
    1485
    1331
    1329
    1276
    1250
    1187
    1229
    1230
    1260
    1226
    1336
    1230
    1241
    1224
    1224
    1242
    1261
    1226
    1272
    1190
    1305
    1198
    1260
    1263
    1279
    1310
    1361
    1328
    1376
    1429
    1317
    1295
    1233
    1319
    1266
    1299
    1301
    1224
    1352
    1269
    1283
    1332
    1321
    1381
    1308
    1331
    1316
    1363
    1284
    1295
    1286
    1276
    1288
    1350
    1302
    1233
    1231
    1285
    1237
    1300
    1249
    1338
    1281
    1270
    1264
    1303
    1263
    1272
    1369
    1289
    1329
    1259
    1243
    1262
    1363
    1304
    1242
    1302
    1294
    1277
    1226
    1318
    1360
    1376
    1400
    1325
    1345
    1326
    1301
    1313
    1371
    1292
    1379
    1250
    1269
    1344
    1283
    1359
    1346
    1362
    1295
    1368
    1347
    1363
    1384
    1332
    1327
    1349
    1295
    1338
    1334
    1346
    1312
    1346
    1329
    1332
    1347
    1349
    1375
    1320
    1367
    1315
    1354
    1367
    1359
    1333
    1319
    1339
    1351
    1380
    1503
    1590
    1871
    2046
    2049
    2005
    1790
    1521
    1331
    1312
    1187
    1172
    1151
    1163
    1122
    1116
    1125
    1110
    1101
    1069
    1115
    1101
     995
    1032
    1015
    1043
    1040
    1030
    1044
     991
     982
     953
     990
     978
     950
     929
     954
     927
     960
     926
     975
     936
     923
     882
     948
     928
     854
     937
     925
     877
     927
     874
     903
     962
     869
     912
     852
     854
     880
     935
     903
     896
     902
     830
     846
     868
     877
     865
     817
     888
     862
     953
    1009
    1038
    1040
    1061
     907
     868
     843
     842
     809
     812
     831
     820
     841
     814
     776
     762
     872
     740
     777
     813
     760
     811
     787
     792
     744
     806
     754
     775
     806
     832
     817
     788
     777
     749
     767
     794
     777
     774
     753
     755
     733
     753
     793
     762
     737
     673
     713
     717
     740
     780
     720
     683
     706
     744
     701
     701
     686
     686
     640
     709
     757
     729
     649
     712
     630
     666
     667
     623
     646
     681
     626
     647
     663
     650
     651
     606
     646
     616
     649
     630
     580
     654
     608
     643
     655
     652
     657
     674
     640
     623
     604
     622
     608
     586
     580
     559
     526
     572
     595
     539
     571
     602
     571
     547
     571
     581
     571
     530
     545
     521
     524
     516
     552
     463
     563
     493
     519
     518
     512
     510
     521
     484
     499
     498
     526
     547
     470
     460
     475
     492
     500
     450
     538
     498
     479
     462
     492
     542
     472
     492
     482
     466
     487
     506
     461
     433
     478
     486
     446
     437
     480
     430
     450
     465
     476
     559
     629
     737
     918
    1008
     968
     822
     669
     520
     462
     418
     458
     434
     466
     484
     520
     515
     550
     515
     492
     436
     439
     411
     457
     429
     437
     458
     432
     437
     430
     435
     406
     463
     466
     424
     420
     428
     411
     414
     460
     521
     494
     588
     606
     562
     545
     477
     424
     423
     445
     457
     564
     691
     723
     750
     687
     599
     494
     412
     406
     391
     407
     397
     408
     419
     391
     452
     384
     427
     411
     404
     397
     399
     356
     408
     385
     396
     401
     404
     389
     410
     396
     406
     432
     371
     366
     403
     377
     391
     393
     379
     403
     416
     381
     382
     410
     388
     400
     387
     399
     423
     402
     378
     432
     385
     387
     411
     360
     389
     375
     399
     379
     403
     373
     368
     400
     372
     378
     383
     365
     414
     378
     411
     418
     429
     393
     449
     377
     418
     444
     550
     641
     929
    1499
    2538
    4572
    8187
   14671
   23117
   30791
   32701
   26377
   16834
    8008
    2880
     848
     341
     237
     263
     219
     224
     253
     238
     234
     225
     223
     216
     211
     240
     229
     244
     216
     240
     212
     216
     211
     202
     226
     228
     217
     226
     231
     254
     215
     227
     238
     222
     204
     213
     215
     235
     234
     210
     246
     226
     239
     240
     216
     233
     210
     196
     240
     237
     233
     271
     289
     354
     331
     273
     288
     253
     234
     228
     259
     289
     285
     280
     270
     251
     216
     204
     230
     232
     268
     269
     317
     359
     424
     511
     521
     431
     341
     304
     266
     257
     272
     250
     225
     204
     219
     195
     219
     244
     234
     200
     211
     204
     217
     216
     214
     228
     206
     209
     228
     216
     223
     210
     214
     255
     209
     208
     211
     225
     229
     218
     197
     217
     219
     191
     202
     219
     214
     226
     243
     225
     250
     279
     265
     233
     220
     210
     224
     242
     213
     265
     222
     245
     206
     182
     218
     202
     195
     192
     212
     212
     200
     171
     173
     230
     202
     184
     183
     198
     221
     200
     221
     213
     210
     204
     194
     199
     185
     199
     175
     183
     168
     177
     175
     167
     204
     193
     197
     158
     184
     173
     191
     166
     180
     132
     188
     159
     181
     183
     186
     189
     179
     186
     177
     192
     170
     207
     211
     250
     240
     275
     268
     282
     276
     275
     248
     259
     270
     306
     321
     337
     442
     547
     611
     595
     526
     477
     399
     478
     568
     662
     611
     547
     393
     283
     246
     209
     176
     202
     198
     189
     208
     237
     205
     202
     175
     182
     150
     177
     166
     178
     164
     171
     217
     196
     178
     190
     197
     176
     178
     157
     171
     176
     187
     157
     179
     170
     176
     178
     176
     212
     182
     210
     224
     274
     338
     358
     321
     308
     243
     191
     187
     192
     204
     179
     144
     172
     219
     206
     211
     237
     322
     321
     357
     303
     232
     181
     143
     159
     160
     159
     188
     207
     195
     193
     229
     217
     188
     165
     143
     141
     140
     139
     134
     167
     169
     159
     162
     155
     157
     161
     142
     131
     172
     137
     156
     135
     157
     138
     136
     167
     167
     125
     122
     145
     143
     171
     165
     183
     165
     207
     271
     282
     286
     263
     211
     161
     159
     163
     171
     143
     139
     177
     162
     168
     138
     149
     130
     137
     133
     146
     129
     137
     148
     135
     146
     159
     156
     131
     126
     147
     138
     169
     138
     174
     154
     133
     154
     167
     166
     208
     179
     177
     138
     163
     144
     163
     155
     136
     139
     153
     151
     183
     173
     181
     186
     159
     182
     140
     145
     160
     157
     141
     146
     150
     142
     150
     143
     150
     138
     157
     147
     148
     157
     140
     154
     132
     128
     144
     134
     109
     155
     139
     123
     127
     119
     140
     122
     149
     149
     135
     154
     139
     152
     134
     135
     128
     140
     131
     127
     138
     131
     151
     130
     159
     169
     154
     151
     193
     176
     226
     300
     378
     475
     485
     470
     315
     231
     186
     141
     129
     144
     130
     137
     124
     119
     170
     152
     152
     149
     135
     149
     134
     117
     120
     131
     122
     134
     145
     109
     131
     146
     131
     135
     125
     142
     138
     119
     157
     153
     162
     154
     136
     164
     156
     123
     138
     139
     141
     128
     142
     154
     177
     211
     283
     353
     532
     767
    1190
    1683
    2014
    2003
    1673
    1046
     615
     268
     172
     145
     136
     137
     117
     124
     123
     103
     124
     138
     125
     113
     110
     126
     123
     120
     143
     153
     132
     138
     123
     131
     121
     130
     129
     118
     124
     110
     131
     124
     135
     131
     118
     125
     124
     126
     127
     100
     129
     125
     126
     120
     138
     113
     119
     148
     141
     118
     107
     121
     124
     145
     126
     105
     132
     132
     141
     126
     136
     128
     128
     128
     115
     141
     130
     129
     116
     112
     117
     120
     122
     132
     125
     124
     118
     123
     115
     123
     143
     127
     117
     116
     127
     121
     122
     114
     119
     112
     117
     136
     131
     137
     132
     129
     129
     108
     106
     122
     122
     124
     115
     143
     139
     123
     129
     136
     142
     102
     146
     116
     119
     129
     126
     148
     158
     165
     165
     142
     119
     138
     137
     126
     142
     141
     167
     164
     215
     240
     343
     359
     369
     308
     285
     198
     153
     144
     113
     110
     122
     120
     109
     112
     128
     126
     120
     111
     120
     127
     122
     147
     127
     130
     120
     110
     130
     118
     137
     116
     128
     110
     142
     115
     114
     123
     105
     136
     150
     119
     142
     148
     143
     165
     150
     157
     135
     134
     128
     104
     134
     131
     108
     130
     116
     133
     114
     129
     119
     124
     126
     112
     123
     138
     138
     134
     138
     146
     132
     151
     129
     140
     123
     129
     110
     114
     137
     121
     141
     154
     158
     151
     133
     135
     132
     117
      99
     109
     119
     116
     132
     134
     139
     134
     131
     141
     122
     115
     142
     110
     119
     143
     138
     126
     123
      97
     129
     108
     128
     122
     116
     114
     109
     114
     133
     119
     117
     122
     124
     116
     119
     110
     125
     120
     100
     132
     123
     129
     123
     135
     117
     118
     119
     124
     129
     117
     153
     121
     132
     128
     122
     125
     134
     109
     124
     146
     158
     126
     141
     146
     136
     114
     124
     124
     114
     111
     109
     118
     114
     119
     117
     110
     120
     105
     144
     128
     130
     119
     105
     103
     109
     115
     120
     128
     128
     108
     135
     113
     117
     113
      93
     110
     141
     110
     118
     125
     117
     114
     143
     111
     125
     107
     129
     113
     116
     109
     118
     120
     115
     101
     120
     108
     126
     143
     119
     113
     103
     142
     114
      96
     121
     104
     126
     110
     137
     108
      92
      90
     118
     104
      98
      97
      99
     110
     110
     104
      99
     102
      98
     110
     117
     122
     114
     100
      98
     130
     113
     104
      98
     104
     100
     104
     122
     117
      98
     130
     103
     130
     114
     121
     114
     121
     103
     131
     104
      98
     111
      91
     119
     126
     105
     107
     112
     102
     120
      97
     112
     113
     106
     103
     115
      99
     117
      95
     119
     116
     120
     104
     114
     102
     136
     125
     106
     118
     117
     114
     121
     105
     102
     116
     108
     106
      88
     108
     126
     107
     110
      94
      89
     101
     126
     102
     123
     109
      84
      97
      96
     106
     100
      93
     114
     113
     117
     121
     105
      90
     100
     128
      89
     101
      96
     109
     102
     101
     102
     102
     123
     103
     115
     108
      96
      90
     125
      97
     135
     104
     136
      94
     118
     113
     117
     106
      97
      99
     112
     109
     101
     112
     111
     109
     122
     106
      93
     118
     127
      93
     110
     102
     104
     108
      99
      92
     107
     112
     122
      86
      96
      93
      89
     108
     101
     100
     136
     112
     107
     102
      91
     122
     100
      87
      98
      94
     126
      85
      95
     121
      96
      95
      99
      94
      89
     123
     113
     108
     117
     103
     118
      92
     103
     106
      95
      80
      96
     107
      97
     103
      96
     117
     126
     115
     159
     160
     162
     194
     271
     339
     399
     478
     558
     587
     454
     421
     294
     215
     159
     136
     127
     124
     116
     129
     116
     115
     112
     114
     118
     107
     105
     120
     119
     144
     146
     194
     209
     240
     221
     203
     156
     106
     115
     122
      99
      97
      98
     107
     100
     110
     103
     119
     116
     104
     121
     105
     107
      91
     123
      92
     119
      98
     108
     102
     122
     123
     101
     107
     109
     102
     107
      88
      88
     101
      87
      93
      97
     116
      95
     104
     122
     102
     101
      91
     121
     102
     109
      81
     113
     128
     107
     106
      92
     125
      99
     120
     106
     102
     105
     111
      98
     121
     124
     104
     119
     112
      97
     101
     114
     117
     106
     125
      99
      96
     116
      98
     110
     109
      90
     107
     103
     107
     107
     117
     115
      92
     122
     115
      93
     104
      98
     111
      94
     110
     109
      92
     104
     110
     115
     101
      99
     113
     107
      99
     111
     114
     101
     101
     120
     121
      99
      97
     108
     121
     103
     102
     119
     123
     109
     118
     119
      99
     114
     125
     103
     107
     103
     129
     127
     120
     152
     182
     261
     291
     373
     524
     604
     663
     555
     381
     282
     188
     145
     119
     102
      98
     110
      92
     107
     106
     107
      91
     115
     107
      95
      93
     113
     110
     117
      94
     107
     113
     109
     102
     107
     122
     102
      93
      98
     112
      94
     114
     116
     117
      97
      95
     109
     114
     115
      95
     121
     119
     104
     100
     103
     126
      84
     103
      97
     125
     107
     123
     108
     118
     110
     106
     123
     116
     118
      94
      98
      99
     116
     108
     115
     111
     124
      85
     145
     113
     101
     103
      92
     129
     117
     100
     111
     137
      90
     121
     111
     113
     108
     111
      98
     104
     117
      99
      95
     133
     100
     114
     132
     112
     107
     101
     108
     113
     101
     110
     109
     103
     125
     108
      92
     126
     109
     116
     109
     100
      80
     121
     113
     120
     126
     102
     111
      99
     117
     119
     104
     111
     120
     121
     123
     126
     105
     109
     124
     129
     132
     110
     131
     125
     119
     118
     107
     117
     128
     133
     140
     133
     163
     153
     114
     144
     139
     103
     119
     108
     115
     109
     120
     152
     138
     134
     123
     121
     108
     119
     111
     106
     135
     101
      93
     128
     120
     129
     129
     130
     118
     140
     113
     133
     112
     124
     118
     105
     112
     118
     113
     111
     133
     126
     121
     129
     113
     128
     136
     125
     120
     144
     129
     110
     143
     121
     112
     136
     133
     129
     116
     142
     122
     131
     124
     122
     138
     113
     128
     123
     109
     126
     112
     134
     130
     135
     132
     122
     134
     121
     123
     145
     120
     142
     144
     130
     135
     126
     120
     131
     136
     124
     124
     133
     132
     131
     134
     115
     132
     132
     114
     127
     126
     125
     140
     137
     137
     128
     129
     124
     115
     131
     113
     163
     128
     131
     118
     131
     136
     137
     127
     117
     147
     137
     146
     117
     121
     132
     123
     145
     124
     114
     166
     116
     151
     128
     134
     116
     131
     125
     116
     114
     126
      93
     111
      94
     146
     112
      97
      91
     100
      97
      82
      89
      82
     104
      84
      96
      89
      99
     107
      88
     112
      90
      89
      77
      91
      95
      77
      88
      88
      79
      87
      74
      79
      87
      77
      98
      77
     102
      97
      71
      84
      89
      80
      78
      76
      79
      86
     101
      78
      85
      74
      74
      80
      81
      89
      97
      76
      75
      79
      86
      86
      83
      77
      72
      89
      96
      83
      68
      93
      99
      81
      69
      70
      87
      78
      79
      74
      67
      76
      84
      75
      81
      78
      82
      70
      64
      84
      71
      71
      62
      73
      75
      70
      68
      66
      65
      85
      77
      81
      84
      54
      66
      73
      78
      91
      92
      81
     107
     134
     138
     211
     226
     220
     206
     160
     111
      76
      77
      66
      63
      77
      66
      56
      64
      72
      76
      56
      67
      71
      55
      71
      71
      55
      49
      63
      58
      72
      47
      65
      46
      43
      54
      50
      56
      62
      58
      57
      53
      52
      61
      42
      55
      46
      57
      52
      45
      43
      49
      30
      62
      51
      31
      48
      35
      44
      53
      53
      43
      57
      38
      61
      33
      53
      48
      37
      52
      34
      47
      40
      46
      33
      34
      41
      40
      47
      41
      28
      37
      32
      34
      30
      29
      31
      34
      32
      33
      34
      34
      40
      40
      31
      38
      24
      42
      48
      28
      28
      32
      26
      27
      34
      30
      34
      37
      28
      34
      34
      30
      29
      21
      16
      26
      29
      25
      21
      16
      28
      26
      20
      28
      19
      23
      24
      21
      24
      24
      25
      25
      19
      20
      23
      28
      14
      19
      25
      14
      24
      24
      23
      19
      22
      34
      23
      21
      15
      20
      11
      22
      30
      21
      18
      26
      18
      25
      33
      24
      24
      19
      26
      17
      14
      22
      19
      23
      20
      15
      16
      18
      15
      25
      17
      19
      19
      20
      13
      21
      23
      35
      23
      21
      16
      23
      25
      26
      21
      16
      25
      19
      21
      20
      23
      17
      21
      18
      20
      11
      26
      19
      18
      12
      19
      15
      23
      16
      17
      20
      20
      16
      21
      20
      16
      20
      21
      19
      21
      14
      18
      20
      18
      24
      21
      14
      27
      14
      20
      19
      16
      24
      24
      22
      23
      20
      20
      24
      21
      21
      24
      15
      16
      12
      23
      19
      18
      26
      28
      18
      29
      16
      17
      14
      16
      17
      21
      13
      27
      21
      26
      22
      36
      40
      51
      70
      88
     139
     185
     276
     340
     530
     748
    1042
    1569
    2290
    3010
    3490
    3176
    2628
    1760
     928
     372
     139
      41
      18
       5
      11
       9
       5
       3
       7
       7
       8
      15
       8
       7
       6
       8
       3
       7
       5
       8
       4
       7
      11
       5
       4
       6
       6
       6
       7
       7
      12
       7
       7
       5
       6
       4
       8
       3
       5
       9
       2
      12
       8
       7
      12
       8
       8
       4
       5
       5
       6
       7
      11
       6
       7
       4
      10
       5
       6
       8
       8
      10
       8
      13
       2
       9
       6
       4
       6
       8
       7
       7
       7
       1
       3
       7
      10
       2
       7
       4
       4
       7
       5
      10
      11
       8
       5
       5
       6
       5
       8
       8
       5
       5
       7
       6
       5
       5
       9
       5
       5
       9
       4
       7
       6
      10
       7
       8
       7
      11
       4
       3
       6
      11
       5
       3
       3
       7
       5
       3
       9
       7
       6
       6
       6
       9
      10
       8
       7
       6
       6
       8
      10
       9
       3
      10
      10
       3
       6
       3
       7
       2
       5
       6
       5
       9
       6
       9
       8
       7
       9
       8
       2
       1
       2
       4
       5
       8
       4
       7
       9
       4
       8
      10
       3
      11
       7
       6
       7
       5
       4
       7
      10
       6
       6
       7
       3
       8
       5
       3
       7
       4
       6
       3
       6
       6
      10
       2
       6
       3
      10
       5
       4
       9
       7
      11
       9
       4
      12
       6
       7
      11
       4
       6
       6
       6
       3
       5
       6
       7
       6
       6
       8
       4
       4
       6
       5
       7
       4
       3
       3
       9
       8
       7
       2
       3
       8
      10
       9
       6
      11
       8
       4
       6
       3
       1
       5
       7
       5
       5
       8
      10
       5
       4
      10
       7
       9
      12
       4
      10
      12
       9
       8
       6
       8
       9
       6
       7
       3
       5
       9
      10
       6
       2
       9
       4
       6
       7
      10
       6
       3
       9
       5
       9
      10
       6
       4
       5
       2
       3
       5
       4
       7
       8
       3
       8
       4
       2
       5
       3
       6
       7
       3
       7
       2
       5
       5
      11
       7
       3
       5
       4
       4
       5
       5
       5
       4
       4
       7
       7
       3
       6
       7
       4
       4
       3
       8
       4
       7
       6
       6
       1
       8
       9
       8
       6
       4
       6
       6
       4
       8
       8
       6
       5
      11
       0
       5
       5
       5
       5
       5
       6
       5
       8
       3
       4
       4
       2
       6
       5
       3
       6
       6
       5
       5
       4
       8
       7
       5
       6
       5
       7
       5
       8
       6
       7
       9
       5
       8
       9
       7
       5
       7
       6
       9
       6
       7
       9
       7
       3
       6
       6
       5
       6
       7
       7
       7
       2
       5
       6
       5
       5
       4
       2
       4
       4
       5
       9
       9
       4
      11
       6
       2
       7
       6
       3
       5
       9
       4
       9
       8
       3
       9
      10
       6
       5
       5
       7
       8
       6
       5
       3
       6
      10
       7
       9
       5
       3
       7
       7
       3
       5
       5
       9
       5
      11
       5
       6
       5
       5
       5
       6
       2
       2
       3
       6
       7
       8
       7
       7
       5
       7
       2
       5
       7
       3
       5
       6
       4
      11
       8
       4
       5
       4
       6
       1
       4
       3
       9
       1
       5
       7
       5
       6
       4
      13
       4
       3
       8
       9
       6
       5
       5
       5
       4
       6
       5
       3
       9
       6
       7
       0
       9
       3
       9
       7
       5
       8
       5
       1
       7
       4
       2
       7
       6
       5
       7
       4
       3
       7
       8
       8
       7
       4
      10
      10
       4
       7
       7
       1
       4
       6
       8
       3
       7
       3
       8
       7
       4
       6
       8
       7
      10
       6
       5
       7
       6
       3
       7
       3
       4
       2
      11
       4
       5
       4
       8
       2
       6
       8
       4
       1
       1
       8
       2
       6
       4
       4
       8
       5
       4
       4
       4
       3
       6
       6
       5
       6
       3
       3
       3
       4
       5
       7
       6
       8
       7
       3
       3
       5
       9
       3
       7
       7
      13
       3
       7
       7
       9
       5
       7
       7
       6
       3
       3
       5
       6
       2
       6
       8
       4
       5
       3
       5
       8
       3
       6
       7
       7
       4
       3
       4
       9
       3
       3
       6
       5
       3
       4
      12
       6
       6
       4
       3
       8
       9
       6
       4
       7
       4
       7
       4
       4
       8
       8
       4
       4
       7
       4
       5
       5
       5
       6
       6
       5
      12
       3
       9
       5
       7
       6
       8
       6
       4
       9
       8
       8
      10
       5
       7
       4
       3
       8
       4
       2
       4
       2
       5
       7
       4
       8
       7
      11
       4
       5
       9
       5
       8
       2
       2
       1
       8
       7
       5
       5
       0
       6
       4
       6
       9
       9
       8
       6
       5
       4
       3
       6
       3
       3
       3
       5
       3
       4
       5
       7
       5
       6
       4
       7
       4
      11
       3
       7
       8
      11
       6
       6
       9
       2
       5
       3
       4
       6
       8
       8
       2
       4
       3
       4
       9
       1
       4
       5
       4
       5
       8
       3
       7
       5
       5
       7
       7
       6
       5
       3
       6
       7
       2
       5
       3
       7
       5
       7
       4
       6
       8
       4
       5
       9
       4
       5
       2
       6
       5
       6
       3
       7
       5
       6
       3
       3
       5
       4
       2
       6
       5
       2
       8
       4
       4
       0
       1
       7
       5
       4
       6
       3
       6
       4
       4
       3
       7
       4
       5
       4
       4
       3
       4
       5
       5
       6
       4
       3
       8
       4
       6
       4
       1
       7
       4
       6
       6
       5
       5
       1
       5
       6
       4
       8
       8
       4
       5
       5
       7
       5
      10
       4
       4
       7
       3
       3
       6
       5
       5
       8
       0
       1
       3
       2
       5
       5
       2
       7
       2
       7
       5
       4
       6
       4
       3
       7
       2
       4
       6
       8
       3
       5
       5
       5
       3
       5
       7
      12
       4
       4
       0
       5
       7
       5
       4
       5
       5
       6
       5
       7
       6
       3
       0
       7
       6
       7
       5
       2
       5
       7
       0
       2
       0
       5
       3
       6
       7
       4
       1
       5
       4
       5
       3
       4
       6
       7
       8
       3
       6
       3
       4
       4
       3
       3
       5
       6
      11
       5
       5
       2
       6
       2
       5
       2
       9
       7
       4
       4
       6
       1
       6
       3
       7
       4
       6
       3
       5
       2
       7
       4
       9
       6
       6
       2
       1
       1
       2
       3
       6
       3
       2
       2
       4
       7
       6
       4
       6
       7
       6
       5
       7
       9
       2
       7
       5
       0
       4
       3
       6
       8
       7
       6
       5
       3
       5
       4
       7
       5
       5
       4
       3
      10
       3
       4
       3
       2
       2
       6
       5
       2
       4
       7
       5
       4
       3
       8
       5
       7
       7
       8
      11
       3
       7
       1
       6
       7
       3
       2
      11
       6
       4
       7
       5
       6
       5
       2
       5
       5
       6
       6
       3
       2
       5
       2
       5
       7
       7
       8
       6
       4
       3
       8
       1
       8
      10
       5
       2
       3
       7
       3
       4
       6
       7
      11
      10
       9
       4
       6
       6
       4
       4
       5
       2
       2
       4
       6
       3
       5
       3
       4
       6
       2
      10
       4
       5
       6
       2
       3
       6
       5
       2
       5
       6
       6
       2
       6
       5
       5
       4
       9
       6
       7
       2
       1
       3
       8
       4
       2
       5
       3
       4
       7
       7
       5
       4
       8
       3
       4
       3
       2
       4
       2
       3
       1
       3
       4
       4
       4
       6
       2
       8
       3
       2
       4
       5
       5
       3
       6
      10
       3
       3
       2
       5
       6
       3
      10
       2
       6
       9
       6
       5
       4
       7
       7
       7
       5
       4
       3
       7
       3
       8
       6
       5
       7
       3
       5
       3
       9
       1
       7
       3
       5
       1
       7
       2
       6
       3
       3
       7
       5
       5
       2
       3
       3
      12
       4
       4
       4
       5
       1
       9
       6
       2
       2
       4
       6
       7
       3
       8
       2
       4
       5
       2
       4
       2
       7
       5
       6
       3
       4
       2
       5
       5
       4
       5
       3
      10
       6
       2
       3
       2
       3
       4
       6
       3
       8
       3
       1
       8
       8
       3
       4
       5
       4
       6
       4
       2
       4
       3
       5
       5
       6
       1
       4
       2
       2
       6
       2
       5
       6
       2
       2
       6
       9
       6
       3
       6
       6
       3
       6
       6
       5
       2
       3
       9
       9
       4
       5
       6
       7
       4
       4
       5
       4
       2
       0
       4
       9
       6
       4
       7
       4
       4
       3
       6
       3
       7
       3
       7
       4
       3
       3
       3
       2
       3
       3
       2
       4
       3
       1
       5
       1
       5
       3
       2
       2
       5
       3
       6
       6
       6
       6
       5
       1
       2
       8
       5
       2
       5
       5
       8
       2
       8
       6
       4
       6
       3
       4
       5
       5
       9
      10
      12
       4
       7
       6
       3
       1
       4
       5
       3
       5
       2
       4
      10
       8
       6
       5
       1
       6
       9
       5
       2
       5
       5
       2
       5
       5
       6
       4
       3
       5
       6
       2
       4
      11
       5
       3
       5
       2
       5
       2
       1
       7
       3
       5
       6
       7
       8
       3
       7
       3
       2
       5
       7
       6
       3
       4
       4
       6
       7
       3
       0
       2
       9
       4
       4
       7
       2
       5
       3
       8
       7
       0
       2
       4
       7
       2
       3
       5
       4
       5
       5
       5
       4
       4
       3
       2
       6
       7
       2
       4
       4
       2
       3
       6
       5
       3
       3
       4
       8
       7
       2
       2
       4
       5
       4
       9
       4
       3
       3
       5
       5
       5
       2
       4
       8
       6
       4
       7
       3
       3
      10
       5
       8
       3
       5
       6
       6
       6
       8
       4
       3
       8
       4
       4
       3
       4
       4
       5
       3
       3
       4
       3
       5
       5
       1
       5
       3
       6
       6
       2
       3
       3
       7
       5
       6
       1
       1
       5
       2
       5
       3
       5
       5
       5
       8
       3
       4
       3
       4
       1
       5
       5
       1
       4
       4
       5
       2
      11
       2
       7
       7
       5
       6
       5
       8
       5
       8
       1
       2
       7
       5
       4
       6
       5
      11
       4
       3
       4
       2
       4
       3
       3
       9
       6
       5
       4
       9
       2
       8
       5
       2
       6
       8
       1
       3
       3
       2
       4
       3
       6
       4
       4
       8
       2
       2
       4
       9
       5
       4
       2
       6
       5
       4
       4
       1
       5
       6
       2
       3
       6
       6
       3
       7
       5
       5
       2
       7
       2
       3
       7
       4
       3
       3
       2
       8
       4
       3
       5
       4
       3
       2
       8
       3
       6
       8
       7
       2
       4
       4
       6
       1
       4
       6
       3
       4
       4
       5
       2
       2
       4
       5
       6
       3
       4
       6
       1
       4
       8
       1
       2
       5
       3
       6
       3
       4
       4
       6
       5
       1
       6
       3
       4
       6
       3
       1
       4
       6
       2
       0
       3
       5
       1
       2
       6
       3
       4
       2
       4
      10
       3
       2
       3
       6
       5
       3
       3
       5
       3
       5
       8
       8
       1
       6
       4
       6
       5
       5
       3
       1
       7
       2
       4
       8
       3
       4
       2
       3
       7
       2
       6
       5
      10
       3
       1
       0
       5
       3
       5
       4
       1
       2
       2
       6
       5
       4
       2
       0
       4
       1
       3
       1
       2
       4
       2
       5
       3
       3
       4
       5
       5
       3
       5
       3
       4
       6
       5
       3
       3
       3
       5
       2
       5
       3
       2
       6
       1
       5
       6
       3
       4
       3
       2
       4
       1
       2
       5
       1
       4
       3
       8
      10
       8
       4
       8
       1
       2
       4
       3
       8
       1
       3
       2
       3
       7
       0
       1
       4
       7
       2
       4
       3
       1
       5
       4
       0
       2
       4
       3
       6
       7
       3
       2
       6
       0
       3
       2
       3
       5
       4
       3
       3
       3
       5
       4
       6
       4
       5
       6
       5
       3
       2
       5
       1
       6
       3
       3
       2
       7
       7
       6
       2
       0
       2
       4
       5
       2
       5
       7
       6
       5
       2
       4
       3
       4
       3
       2
       6
       5
       5
       4
       5
       2
       8
       6
       4
       6
       2
       7
       2
       4
       4
       4
       5
       3
       6
       4
       1
       6
       5
       2
       2
       4
       2
       7
       2
       5
       4
       5
       1
       2
       5
       8
       6
       7
       8
       3
       8
       3
       4
       6
       2
       7
      10
       3
       7
       6
       3
       3
       5
       1
       4
       4
       3
       8
       4
       3
       3
       4
       6
       3
       4
       3
       2
       2
       3
       3
       1
       1
       7
       5
       6
       2
       4
      11
       4
       2
       3
       3
       3
       2
       4
       1
       4
       4
       2
       1
       3
       6
       4
       2
       2
       3
       3
       3
       6
       3
       1
       3
       7
       4
       5
       3
       4
       4
       7
       3
       2
       4
       4
       7
       3
       7
       3
       7
       4
       6
       6
       3
       4
       7
       1
       3
       3
       3
      10
       4
       1
       1
       4
       5
       5
       4
       3
       3
       7
       5
       5
       3
       9
       9
       1
       0
       0
       2
       3
       4
       4
       3
       4
       2
       4
       2
       1
       4
       3
       4
       2
       7
       6
       4
       3
       3
       7
       4
       3
       6
       1
       4
       4
       2
       3
       4
       3
       6
       0
       3
       4
       3
       8
       2
       4
       2
       1
       4
       2
       4
       3
       5
       2
       3
       4
       5
       3
       5
       7
       6
       2
       2
       5
       6
       5
       3
       1
       7
       8
       2
       0
       2
       7
       2
       3
       2
       2
       3
       6
       1
       0
       7
       3
       2
       6
       7
       5
       6
       6
       7
       3
       5
       2
       6
       2
       2
       4
       2
       1
       7
       4
       5
       5
       5
       0
       5
       2
       4
       2
       1
       4
       3
       3
       4
       7
       1
       7
       2
       3
       3
       4
       3
       5
       4
       6
       5
       4
       5
       2
       2
       4
       1
       4
       2
       4
       4
       5
       4
       8
       3
       0
       1
       3
       8
       3
       5
       7
       4
       9
       6
       2
       3
       4
       3
       2
       3
       3
       3
       4
       4
       7
       3
       2
       6
       4
       4
       0
       2
       4
       3
       6
       7
       4
       3
       6
       3
       4
       0
       1
       3
       3
       7
       4
       5
       1
       6
       3
       6
       2
       6
       6
       8
       2
       3
       4
       0
       4
       3
       2
       5
       4
       7
       2
       1
       5
       3
       5
       5
       4
       6
       4
       4
       3
       5
       0
       3
       2
       4
       4
       4
       5
       3
       3
       7
       5
       3
       7
       2
       5
       3
       1
       3
       5
       0
       4
       2
       4
       4
       4
       1
       3
       3
       4
       7
       8
       2
       3
       1
       4
       5
       7
       3
       3
       3
       2
       3
       4
       4
       4
       5
       5
       5
       5
       1
       8
       3
       6
       2
       2
       5
       1
       3
       3
       4
       5
       5
       7
       3
       2
       6
       5
       6
       8
       2
       4
       2
       1
       4
       3
       4
       2
       2
       4
       4
       6
       5
       4
       4
       4
       5
       3
       3
       2
       2
       3
       3
       4
       2
       7
       2
       4
       5
       5
       8
       5
       8
       8
       3
       4
       4
       8
       5
       2
       3
       2
       4
       7
       3
       2
       2
       6
      11
       1
       5
       5
       4
       5
       4
       4
       3
       4
       5
       4
       3
       8
       4
       7
       2
       4
       5
       5
       5
       8
       5
       5
       4
       2
       2
       3
       4
       0
       3
       2
       4
       9
       6
       1
       3
       3
       3
       3
       4
       0
       4
       2
       5
       3
       3
       4
       7
       4
       2
       4
       3
       5
       2
       5
       4
       3
       3
       3
       4
       5
       3
       8
       3
       0
       6
       6
       5
       7
       5
       4
       8
       8
       6
       2
       1
       5
       5
       4
       4
       0
       8
       1
       8
       3
       4
       4
       2
       5
       2
       3
       1
       5
       4
       5
       1
       1
       3
       5
       4
       2
       4
       3
       5
       3
       3
       1
       5
       3
       5
       5
       5
       5
       0
       4
       8
       1
       8
       6
       4
       5
       4
       7
       4
       3
       2
       1
       4
       1
       5
       5
       1
       5
       0
       2
       5
       2
       6
       2
       2
       8
       3
      10
       6
       2
       4
       4
       0
       4
       0
       4
       4
       3
       3
       6
       5
      11
       1
       4
       3
       2
       4
       4
       7
       3
       2
       8
       4
       5
       4
       6
       4
       5
       5
       4
       5
       3
       6
       6
       3
       6
       1
       2
       2
       3
       3
       2
       5
       7
       3
       2
       5
       4
       4
       2
       4
       2
       5
       4
       3
       5
       4
       3
       3
       3
       5
       3
       9
       5
       2
       3
       2
       5
       2
       5
       3
       5
       7
       0
       2
       4
       4
       2
       5
       4
       4
       3
       3
       2
       2
       5
       3
       4
       3
       4
       2
       3
       5
       5
       3
       5
       8
       3
       2
       3
       0
       1
       6
       6
       1
       2
       3
       1
       6
       2
       6
       6
       2
       6
       0
       2
       1
       5
       3
       4
       4
       4
       5
       1
       6
       4
       4
       3
       2
       3
       5
       5
       3
       2
       7
       2
       2
       6
       2
       2
       4
       8
       2
       4
       2
       2
       3
       4
       6
       2
       2
       6
       4
       4
       6
       3
       5
       6
       2
       2
       6
       6
       3
       3
       3
       2
       3
       4
       2
       9
       3
       4
       4
       3
       5
       6
       5
       2
       2
       2
       4
       4
       1
       5
       6
       1
       3
       3
       4
       1
       6
       4
       8
       4
       3
       4
       6
       7
       6
       3
       2
       2
       2
       3
       2
       4
       1
       2
       4
       6
       4
       3
       5
       4
       5
       5
       3
       2
       1
       3
       3
       2
       8
       3
       2
       4
       2
       5
       4
       1
       5
       3
       5
       3
       6
       5
       2
       3
       4
       6
       2
       6
      10
       2
       6
       2
       6
       4
       5
       4
       2
       7
       3
       5
       1
       4
       3
       5
       2
       1
       3
       7
       2
       2
       2
       3
       3
       4
       1
       1
       1
       2
       1
       2
       4
       3
       5
       2
       1
       5
       4
       5
       4
       1
      11
       3
       3
       4
       3
       8
       2
       3
       6
       3
       3
       5
       3
       3
       2
       3
       5
       1
       5
       2
       5
       4
       3
       5
       6
       3
       3
       7
       2
       2
       2
       4
       5
       3
       5
       7
       6
       3
       2
       3
       3
       2
       5
       1
       6
       4
       8
       1
       0
       6
       2
       5
       1
       3
       3
       4
       3
       6
       7
       0
       5
       5
       2
       3
       6
       4
       6
       2
       4
       3
       0
       1
       4
       5
       2
       2
       6
       3
       1
       1
       3
       2
       1
       4
       7
       3
       3
       4
       6
       2
       1
       3
       3
       1
       4
       4
       3
       2
       1
       5
       2
       5
       4
       7
       2
       2
       1
       5
       6
       2
       3
       4
       7
       2
       2
       6
       2
       2
       6
       2
       4
       5
       3
       2
       7
       4
       3
       4
       3
       3
       3
       4
       1
       1
       2
       3
       0
       3
       1
       4
       4
       2
       4
       4
       3
       3
       1
       2
       3
       5
       2
       2
       3
       4
       3
       2
       2
       6
       5
       2
       3
       6
       1
       3
       9
       3
       2
       3
       5
       6
       5
       1
       1
       4
       5
       4
       4
       1
       4
       3
       3
       3
       5
       0
       2
       2
       4
       4
       1
       2
       3
       3
       0
       7
       7
       2
       4
       0
       3
       2
       4
       2
       3
       6
       0
       4
       4
       2
       4
       4
       1
       4
       6
       6
       4
       5
       5
       3
       1
       1
       3
       4
       4
       4
       4
       3
       2
       2
       4
       6
       2
       3
       4
       5
       3
       2
       3
       4
       3
       3
       0
       5
       4
       5
       3
       5
       3
       2
       4
       6
       5
       5
       5
       1
       5
       0
       2
       3
       2
       1
       4
       6
       2
       1
       2
       5
       1
       2
       2
       4
       2
       3
       4
       7
       3
       4
       4
       5
       2
       4
       4
       0
       0
       1
       2
       2
       4
       7
       4
       3
       3
       4
       7
       5
       4
       4
       2
       3
       3
       5
       2
       5
       2
       2
       4
       4
       2
       3
       1
       3
       3
       3
       4
       2
       0
       1
       7
       2
       3
       9
       2
       7
       3
       2
       5
       5
       3
       3
       4
       2
       3
       1
       4
       6
       1
       3
       5
       6
       2
       4
       4
       4
       2
       5
       5
       2
       2
       2
       2
       4
       0
       0
       3
       0
       1
       0
       5
       1
       4
       3
       2
       3
       3
       2
       1
       6
       2
       0
       2
       3
       1
       4
       7
       1
       6
       3
       6
       8
       2
       0
       5
       1
       2
       5
       1
       3
       4
       4
       3
       3
       4
       5
       3
       3
       5
       2
       2
       0
       2
       4
       2
       1
       3
       2
       4
       3
       4
       5
       3
       6
       2
       4
       4
       4
       4
       6
       2
       3
       3
       4
       2
       1
       5
       3
       4
       1
       4
       2
       2
       3
       3
       0
       2
       5
       4
       5
       2
       2
       5
       5
       5
       1
       5
       4
       3
       5
       2
       2
       3
       2
       2
       0
       1
       5
       5
       3
       6
       2
       3
       5
       4
       1
       3
       1
       5
       4
       4
       6
       4
       4
       7
       4
       4
       5
       3
       4
       5
       5
       5
       6
       3
       1
       4
       2
       4
       4
       7
       2
       2
       5
       6
       2
       2
       2
       2
       2
       1
       5
       4
       2
       7
       5
       2
       0
       2
       3
       3
       2
       3
       6
       3
       4
       9
       3
       9
       6
       4
       4
       3
       2
       5
       4
       3
       3
       3
       3
       1
       4
       7
       3
       1
       3
       3
       2
       4
       2
       3
       4
       2
       5
       0
       2
       4
       0
       3
       4
       5
       2
       4
       6
       3
       1
       5
       4
       5
       3
       3
       4
       3
       7
       4
       3
       2
       3
       4
       2
       1
       2
       1
       5
       3
       4
       6
       6
       3
       7
       5
       3
       2
       6
       3
       5
       4
       4
       3
       1
       4
       2
       2
       3
       5
       4
       3
       2
       4
       1
       5
       5
       2
       7
       4
       3
       1
       2
       3
       3
       1
       3
       2
       1
       0
       3
       2
       3
       5
       4
       5
       3
       7
       2
       4
       5
       3
       3
       1
       2
       6
       0
       3
       5
       1
       1
       5
       6
       4
       0
       5
       1
       6
       2
       4
       5
       1
       2
       8
       2
       0
       3
       6
       1
       6
       4
       3
       5
       1
       8
       5
       2
       2
       1
       5
       6
       3
       2
       6
       1
       4
       2
       2
       1
       4
       2
       6
       4
       4
       1
       4
       1
       1
       4
       3
       2
       4
       1
       5
       2
       1
       0
       6
       3
       3
       3
       2
       4
       2
       5
       1
       4
       4
       3
       4
       2
       3
       3
       2
       1
       1
       9
       5
       3
       4
       4
       4
       6
       3
       7
       4
       1
       4
       3
       3
       2
       7
       5
       1
       4
       3
       6
       6
       1
       9
       4
       2
       1
       6
       2
       0
       0
       3
       4
       6
       1
       1
       4
       6
       5
       4
       4
       2
       1
       3
       3
       0
       2
       1
       5
       4
       0
       3
       7
       0
       3
       2
       5
       6
       3
       4
       3
       2
       1
       5
       5
       5
       4
       3
       3
       4
       4
       4
       4
       2
       2
       2
       5
       1
       7
       6
       4
       4
       4
       3
       3
       4
       3
       4
       2
       5
       2
       2
       4
       4
       1
       7
       3
       3
       3
       0
       2
       3
       1
       3
       1
       6
       2
       2
       0
       7
       4
       4
       5
       2
       6
       2
       4
       6
       3
       2
       6
       2
       1
       5
       3
       4
       3
       4
       8
       5
       2
       8
       5
       4
       5
       3
       3
       3
       5
       7
       3
       5
       4
       3
       7
       7
       2
       1
       4
       4
       5
       1
       4
       1
       3
       3
       1
       4
       7
       4
       1
       4
       3
       5
       2
       1
       2
       2
       3
       5
       5
       3
       2
       1
       3
       3
       3
       3
       5
       1
       3
       5
       5
       9
       2
       4
       1
       6
       3
       2
       4
       1
       1
       2
       3
       2
       1
       6
       4
       5
       5
       1
       3
       3
       1
       3
       3
       1
       6
       5
       4
       5
       3
       2
       3
       2
       4
       2
       0
       4
       4
       9
       5
       4
       0
       1
       4
       9
       7
       6
       5
       5
       5
       4
       3
       5
       6
       0
       4
       1
       1
       1
       0
       2
       1
       4
       2
       2
       2
       6
       0
       4
       4
       1
       2
       3
       4
       2
       3
       4
       2
       4
       2
       2
       7
       7
       3
       3
       2
       7
       6
       1
       4
       3
       5
       2
       2
       2
       2
       9
       7
       2
       1
       3
       2
       2
       5
       6
       2
       5
       3
       7
       2
       3
       4
       1
       3
       5
       7
       4
       4
       2
       0
       2
       2
       2
       2
       2
       5
       3
       2
       2
       4
       3
       8
       7
       1
       3
       6
       2
       2
       2
       7
       1
       2
       4
       4
       3
       4
       3
       3
       1
       4
       2
       1
       1
       4
       5
       1
       5
       1
       1
       5
       2
       3
       2
       6
       2
       5
       3
       3
       5
       6
       0
       1
       2
       3
       3
       4
       4
       8
       2
       5
       3
       3
       8
       6
       2
       2
       2
       5
       2
       7
       4
       5
       6
       4
       2
       9
       2
       6
       5
       7
       5
       1
       4
       2
       2
       1
       2
       7
       4
       6
       4
       5
       4
       4
       0
       0
       0
       0
       0
       0
       0
       0
       0
       0
       0
       0
       0
       0
       0
       0
       0
       0
       0
       0
       0
       0
       0
       0
       0
       0
       0
       0
       0
       0
       0
       0
       0
       0
       0
       0
       0
       0
       0
       0
       0
       0
       0
       0
       0
       0
       0
       0
       0
       0
       0
       0
       0
       0
       0
       0
       0
       0
       0
       0
       0
       0
       0
       0
       0
       0
       0
       0
       0
       0
       0
       0
       0
       0
       0
       0
       0
       0
       0
       0
       0
       0
       0
       0
       0
       0
       0
       0
       0
       0
       0
       0
       0
       0
       0
       0
       0
       0
       0
       0
       0
       0
       0
       0
       0
       0
       0
       0
       0
       0
       0
       0
       0
       0
       0
       0
       0
       0
       0
       0
       0
       0
       0
       0
       0
       0
       0
       0
$ROI:
5
195 204
216 232
1067 1088
1904 1926
2372 2399
$PRESETS:
None
0
0
$ENER_FIT:
3.319389 0.594734
$MCA_CAL:
3
3.319389E+000 5.947341E-001 0.000000E+000 keV
$SHAPE_CAL:
3
2.857754E+000 -1.166080E-003 0.000000E+000
