$SPEC_ID:
No sample description was entered.
$SPEC_REM:
DET# 1
DETDESC# DESKTOP-AKUPN2F Easy-MCA-8k SN 09022236
AP# Maestro Version 7.01
$DATE_MEA:
02/06/2017 17:01:34
$MEAS_TIM:
58921 59056
$DATA:
0 8191
       0
       0
       0
       0
       0
       0
       0
       0
       0
       0
       0
       0
       0
       0
       0
       0
       0
       0
       0
       0
       0
       0
       0
       0
       0
       0
       0
       0
       0
       0
       0
       0
       0
       0
       0
       0
       0
       0
       0
       0
       0
       0
       0
       0
       0
       0
       0
       0
       0
       0
       0
       0
       0
       0
       0
       0
       0
       0
       1
       9
       8
      15
      20
      47
      58
      29
      16
      16
      16
      86
     119
     101
     106
      99
     108
      99
     116
     113
     119
     110
     120
     129
     108
     120
     110
     100
     116
     145
     128
     118
     119
     124
     136
     106
     144
     131
     121
     142
     147
     142
     146
     151
     161
     164
     173
     144
     138
     164
     196
     164
     148
     161
     154
     169
     186
     198
     333
     528
     456
     437
     702
     773
     493
     254
     157
     171
     147
     146
     146
     155
     176
     189
     163
     154
     182
     240
     377
     402
     331
     220
     208
     246
     179
     179
     189
     159
     175
     157
     153
     170
     151
     176
     164
     194
     184
     157
     183
     164
     171
     175
     156
     179
     171
     187
     177
     186
     168
     164
     155
     188
     157
     154
     148
     168
     176
     170
     188
     170
     184
     187
     167
     173
     138
     195
     181
     166
     178
     166
     180
     190
     193
     192
     162
     181
     184
     181
     186
     172
     166
     173
     181
     189
     148
     189
     190
     184
     157
     195
     177
     161
     169
     181
     167
     176
     160
     184
     188
     206
     172
     169
     173
     191
     205
     187
     178
     185
     180
     194
     171
     185
     161
     188
     162
     161
     150
     153
     157
     169
     138
     173
     169
     158
     151
     149
     148
     160
     163
     149
     169
     149
     146
     136
     178
     174
     184
     143
     151
     183
     146
     159
     149
     168
     146
     124
     143
     130
     157
     156
     152
     141
     151
     131
     162
     109
     173
     142
     140
     134
     128
     122
     151
     146
     134
     118
     125
     143
     146
     125
     145
     153
     120
     141
     126
     152
     120
     137
     136
     131
     109
     138
     133
     113
     128
     111
     130
     135
     119
     112
     120
     134
     137
     120
     132
     112
     137
     121
     136
     130
     130
     115
     124
     129
     119
     116
     128
     104
     133
     120
     108
     135
     121
     119
     126
     103
     129
     102
     104
     113
     112
      93
     111
      85
      77
      99
     102
     126
     113
     108
      94
     114
      93
     114
     108
     107
     106
     119
      91
      90
     107
      93
     102
      95
     104
     107
      99
     108
     108
      92
     106
      86
      87
      95
      90
      94
      93
     102
      92
     111
      73
     107
     116
     100
      98
      90
      90
      78
     112
     104
      79
      83
     107
      93
      99
      93
      82
      74
      83
      83
      83
     105
      66
      84
      86
      74
      63
      76
      77
      82
      91
      85
      84
      90
      94
      84
      96
      88
     100
      87
      75
      77
      78
      79
      95
      84
      82
      75
      86
      64
      75
      74
      78
      86
      87
      88
      69
      69
      76
      65
      81
      74
      71
      63
      72
      86
      82
      63
      70
      71
      53
      77
      53
      53
      68
      73
      67
      56
      70
      58
      67
      64
      61
      64
      63
      53
      66
      68
      66
      63
      57
      55
      67
      57
      56
      78
      69
      60
      46
      44
      46
      63
      64
      65
      72
      60
      58
      53
      57
      45
      61
      62
      55
      48
      55
      58
      56
      47
      44
      64
      56
      65
      54
      55
      46
      60
      58
      45
      57
      56
      42
      68
      55
      55
      46
      37
      51
      55
      42
      57
      53
      45
      54
      39
      40
      49
      45
      41
      66
      58
      49
      49
      54
      52
      44
      59
      47
      40
      60
      46
      42
      48
      42
      46
      49
      53
      40
      48
      53
      46
      43
      41
      35
      41
      57
      36
      36
      42
      38
      46
      48
      50
      37
      42
      46
      49
      47
      30
      37
      45
      43
      32
      53
      52
      57
      37
      47
      38
      37
      40
      33
      33
      45
      36
      43
      38
      42
      36
      38
      31
      23
      40
      32
      38
      40
      37
      38
      41
      32
      46
      45
      43
      38
      32
      24
      45
      34
      37
      39
      39
      39
      33
      30
      33
      22
      42
      30
      32
      35
      24
      40
      30
      36
      26
      39
      41
      38
      43
      30
      30
      31
      24
      31
      24
      32
      32
      35
      33
      24
      37
      37
      29
      44
      38
      38
      23
      38
      34
      35
      24
      22
      37
      23
      37
      25
      31
      24
      23
      31
      29
      30
      34
      38
      35
      27
      34
      36
      27
      30
      31
      29
      29
      21
      22
      35
      32
      17
      27
      24
      31
      27
      25
      28
      25
      35
      25
      26
      24
      27
      14
      37
      23
      24
      26
      23
      38
      35
      34
      24
      27
      25
      20
      21
      29
      22
      23
      22
      28
      31
      27
      25
      19
      27
      26
      29
      33
      29
      30
      28
      23
      31
      19
      22
      24
      15
      19
      20
      34
      33
      23
      29
      20
      31
      26
      19
      31
      24
      24
      30
      20
      21
      17
      22
      31
      20
      20
      23
      28
      32
      15
      18
      28
      25
      16
      20
      25
      26
      21
      21
      21
      22
      15
      16
      16
      21
      27
      16
      15
      24
      27
      25
      22
      19
      29
      18
      23
      20
      24
      12
      20
      19
      24
      23
      24
      21
      15
      29
      16
      20
      23
      24
      16
      20
      30
      23
      21
      17
      16
      19
      24
      12
      25
      24
      22
      19
      18
      23
      20
      20
      18
      28
      18
      27
      17
      17
      22
      11
      19
      21
      20
      12
      12
      18
      24
      23
      17
      17
      18
      21
      23
      26
      35
      51
      68
      88
      63
      43
      25
      31
      22
      25
      21
      18
      14
      28
      15
      17
      22
      25
      17
      21
      19
      14
      20
      19
      13
      12
      17
      20
      27
      15
      16
      22
      26
      15
      18
      18
      16
      14
      15
      16
      11
      15
      17
      20
      17
      16
      22
      18
      16
      17
      12
      18
      18
      13
      12
      17
      22
      23
      15
      18
      19
      16
      19
      13
      18
      19
      18
      16
      10
      15
      13
      11
       8
      12
      21
      14
      18
      15
      14
      20
      13
      11
      17
      11
      19
      15
      17
      15
      11
      16
      14
      19
      21
      14
      19
      12
      10
      18
      19
      18
      18
      19
      15
      17
       9
      17
      18
      13
      23
      14
      25
      11
      18
      15
      16
      15
      23
      17
       8
      14
      18
      26
      12
      17
      14
      18
      20
      17
      19
      12
      17
       9
      18
      18
      17
      12
      13
      17
      18
      10
      10
       7
      17
      14
      16
      16
      13
      12
      18
      10
      16
      14
      17
      12
      12
       9
      14
      17
      16
      19
      16
      12
      22
      12
      12
       9
       9
      13
      14
      10
       9
      16
      16
       9
      22
      11
      14
      15
      15
      15
      18
      10
      10
      14
      12
      10
      12
      12
      13
       9
      12
      10
      16
      21
      15
      11
      12
      14
       9
      13
      15
      18
       9
      21
       8
      13
      19
      11
      15
      14
      11
      13
      15
      14
       4
       7
      10
       8
       8
      13
      10
      13
      19
      14
      15
       8
      20
      13
      21
      11
      20
      11
      17
      10
      20
      12
       8
      18
      13
      16
      15
      16
      13
      12
      14
       9
      17
      11
      13
      12
      17
      15
      12
      15
      11
      11
      10
      16
       9
      17
      10
      16
      15
      10
      11
      15
      10
      11
      11
      16
      10
      11
      13
      10
      12
      12
      12
      11
       9
      11
      12
      12
      12
      12
       9
       9
      12
      10
      10
       9
       9
       9
       9
      12
      10
      14
      18
      22
       9
      20
       6
       7
      16
      19
      14
       9
      16
       9
      14
      16
       8
      11
       9
      11
      12
      10
      11
      15
      17
      19
       8
      19
       8
      10
      11
      13
       7
      15
       6
       6
      13
      11
       6
      14
      12
      16
      11
       6
       9
      13
      12
      11
      13
      16
      13
       5
       9
      10
       6
      13
      11
      14
      10
      14
       8
      10
      15
       7
      10
      11
      14
       7
      14
      10
      13
      15
      12
      12
      11
      17
      14
      13
       7
      10
      10
      14
       5
      11
       7
       8
      10
       9
      13
      14
       3
      12
       5
      15
       9
      13
      15
      13
      10
      14
      11
      15
      10
      10
      18
      11
      10
      11
       9
      11
       7
       4
      13
       8
      11
      12
       7
       9
       6
       6
      12
       8
      15
       8
       6
      12
       8
      15
      11
      11
       7
       5
      10
      12
       8
      10
      19
      13
      11
      17
       9
       6
      11
       7
      15
      12
      11
       8
       3
      11
      11
       5
       5
      10
      10
       9
       7
      10
       3
       5
      14
       6
       9
      11
      10
      10
      22
      10
       8
      10
       4
       6
      15
      17
      13
      13
      10
       7
       9
      14
       8
       8
       6
       6
      10
       8
      11
       7
       8
      10
      11
       9
      10
      11
      14
      16
      12
       7
       9
      10
       6
      10
      13
       8
       8
      10
       8
      19
      11
      14
       9
       9
       8
       9
      10
       9
       4
       7
       9
      14
      12
      14
      16
       7
       9
      10
       9
       7
       7
       4
       7
       7
      13
       7
       4
       7
       8
       9
       9
       8
      14
      12
       6
      17
       5
      13
      19
      12
      11
       3
      13
      13
      10
      10
       7
       8
       7
       7
      11
       8
       8
      14
       7
       5
       9
       7
      11
       7
       9
       9
       6
       4
       7
       6
      12
       6
      11
       6
       7
       9
      11
      10
       7
       9
       5
       6
      12
      14
      12
       4
       7
      12
       9
       5
       5
      14
       8
       4
      12
      13
       4
       9
       7
       9
       5
       7
       9
       9
      10
       5
       5
       5
       7
       8
       8
       7
      11
      10
       6
       6
      10
       8
      10
       4
       6
       7
      10
       8
       5
       9
      12
       6
      10
      11
       7
       4
       9
       7
       7
       7
       9
       9
       8
      11
       1
       5
       6
      11
       5
      11
      13
       8
       8
       7
       6
      12
       9
       4
       9
      10
       5
       8
       6
       9
       6
       5
      11
       7
       6
       8
       6
       9
      13
       7
       8
      11
       6
       6
       6
       7
      13
       8
       8
       4
       6
       2
       8
       7
       4
       7
       6
       9
      14
       5
      11
       9
       6
      10
       9
      10
       7
       2
       4
       8
       6
       9
       7
       8
      15
       6
      11
      10
      12
       3
       5
       3
      12
       9
      11
       7
       7
      11
       7
       8
       9
      11
       2
       6
      10
       3
       2
       6
       4
       8
       7
       3
       2
      14
       4
       2
      10
       5
       4
       9
       4
       7
       6
       2
       5
      10
       8
       7
       5
       4
       6
       5
       4
       9
       4
      10
       7
       3
       4
       3
       5
       6
       5
       5
       6
      10
       6
      10
      13
      11
       8
       9
      11
       6
       6
       5
       7
       6
       4
      12
       6
       6
       5
       6
      10
       4
       2
       4
       7
       5
       5
       7
       9
       4
       5
       3
       9
       8
       6
       7
       8
       6
       4
       2
       6
       5
       7
       7
       5
       4
       5
      12
       6
       4
       2
       8
       5
       7
       3
       9
       8
       5
       4
      10
       6
       3
       4
       6
       3
       8
       4
       8
       8
      12
       8
       4
      11
       8
       9
       4
       9
       2
       6
       6
       4
       3
       6
       5
       1
       8
       5
       6
       5
       5
       8
       4
       3
       2
       4
       8
       7
       9
       4
       5
       4
       4
       8
       9
       3
       4
       6
       3
       7
       8
       7
       1
       7
       5
       3
       6
       2
       6
       4
       3
       7
       2
       9
       4
       5
       7
      13
       4
       3
       5
       3
       0
       4
       0
       7
       5
       6
       7
       5
       3
       6
       8
       5
       8
       8
       5
      12
       6
       2
       8
       1
       5
       9
       6
       1
       8
       4
       4
       8
       3
       4
       6
       3
       5
       3
       2
      10
       5
       4
       6
       5
       3
       5
       5
       4
       4
      10
       3
       6
       5
       8
       3
       2
       4
       5
       2
       4
       5
       2
       4
       3
       4
       6
       1
       6
       3
       6
       7
       8
       3
       5
       6
       7
       9
       4
       5
       2
       6
       2
       4
       4
       3
       8
       2
       5
       3
       1
       5
       8
       7
       8
       5
       8
       5
       7
       4
       8
       1
       7
       5
       1
       4
       2
       4
       5
       8
       6
       1
       7
       4
       6
       5
       0
       5
       4
       2
       6
       4
       2
       5
       6
       5
       4
      12
       4
       7
       7
       2
       4
       6
       5
       3
       3
       4
       3
       2
       6
       4
       3
       5
       7
       2
       4
       4
       3
       4
       8
       6
       4
       5
       4
       6
       2
       8
       4
       1
       5
       5
       0
      11
       3
       5
       5
       4
       4
       1
       2
       6
       6
       2
       3
       2
       5
       6
       5
       6
       5
       7
       4
       7
       4
       7
       6
       5
       4
       5
       2
       6
       6
       4
       6
       6
       2
       4
       4
       7
       5
       3
       2
       6
       2
       8
       6
       4
       3
      13
       2
       7
       5
       7
       5
       2
       5
       3
       4
       1
       3
       4
       2
       4
       2
       5
       5
       4
       6
       9
       9
       3
      10
       3
       5
       4
       4
       6
       4
       8
       8
       4
       3
       4
       0
       5
       3
       5
       5
       8
       6
       6
       7
       9
       3
       5
       2
       1
       2
       6
       4
       4
       3
       3
       4
       4
       5
       7
       4
       4
       2
       6
       3
       4
       6
       3
       4
       1
       4
       2
       5
       4
       1
       1
       1
       1
       4
       1
       6
       4
       3
       3
       2
       0
       5
       5
       3
       5
       3
       3
       3
       4
       2
       2
       5
       5
       3
       6
       5
       4
       2
       6
       5
       2
       0
       1
       2
       1
       5
       1
       4
      10
       5
       1
       5
       5
       4
       1
       3
       3
       4
       3
       3
       1
       2
       4
       4
       1
       4
       3
       0
       0
       6
       5
       0
       2
       2
       3
       6
       1
       2
       3
       2
       4
       2
       6
       2
       3
       4
       6
       7
       1
       5
       0
       2
       2
       2
       1
       3
       1
       3
       1
       2
       3
       1
       2
       5
       2
       2
       2
       2
       0
       1
       5
       2
       2
       1
       2
       4
       2
       1
       1
       2
       5
       2
       3
       3
       3
       3
       3
       0
       3
       3
       4
       1
       4
       0
       3
       1
       1
       6
       2
       6
       6
       1
       2
       2
       3
       2
       1
       2
       2
       2
       1
       0
       3
       2
       1
       0
       1
       1
       0
       3
       1
       1
       1
       4
       2
       4
       2
       1
       1
       0
       3
       1
       5
       0
       1
       0
       0
       5
       1
       3
       3
       1
       3
       3
       3
       1
       4
       1
       3
       1
       0
       4
       3
       1
       2
       3
       3
       2
       5
       1
       0
       1
       0
       3
       2
       0
       1
       1
       2
       4
       1
       0
       2
       4
       1
       5
       2
       4
       2
       2
       1
       1
       0
       0
       2
       3
       3
       0
       1
       3
       0
       4
       3
       2
       2
       2
       2
       1
       3
       5
       2
       3
       3
       0
       3
       0
       0
       1
       2
       1
       1
       0
       1
       1
       2
       0
       2
       0
       3
       3
       1
       3
       4
       3
       1
       3
       2
       2
       1
       2
       1
       0
       2
       1
       1
       1
       3
       0
       5
       2
       0
       3
       0
       2
       1
       0
       0
       2
       2
       1
       4
       2
       1
       0
       1
       1
       2
       0
       2
       3
       2
       1
       1
       1
       0
       1
       2
       1
       3
       2
       1
       2
       2
       3
       1
       2
       0
       1
       0
       2
       1
       1
       1
       0
       3
       0
       2
       1
       2
       1
       1
       1
       3
       1
       2
       1
       2
       0
       0
       0
       1
       2
       2
       1
       1
       2
       1
       2
       2
       1
       1
       0
       0
       0
       1
       1
       2
       0
       0
       0
       1
       1
       4
       1
       1
       1
       2
       1
       1
       0
       0
       3
       3
       0
       5
       1
       1
       0
       3
       1
       0
       0
       1
       1
       1
       2
       4
       7
       1
       3
       3
       4
       1
       1
       2
       2
       3
       0
       1
       0
       3
       0
       1
       0
       2
       0
       1
       2
       4
       0
       1
       1
       0
       2
       1
       2
       2
       1
       4
       1
       0
       1
       0
       1
       2
       0
       3
       1
       2
       3
       1
       1
       3
       3
       0
       2
       0
       3
       3
       2
       1
       0
       0
       2
       2
       1
       0
       0
       4
       2
       1
       1
       0
       1
       1
       2
       2
       2
       2
       4
       1
       0
       1
       0
       1
       2
       2
       0
       0
       0
       1
       3
       0
       0
       4
       2
       2
       0
       3
       2
       0
       5
       2
       2
       0
       2
       1
       0
       1
       1
       0
       3
       1
       3
       4
       3
       3
       4
       2
       2
       0
       2
       2
       1
       4
       2
       1
       2
       0
       1
       0
       0
       1
       3
       1
       1
       1
       3
       2
       2
       1
       4
       1
       1
       2
       1
       1
       1
       1
       1
       2
       1
       2
       0
       1
       3
       0
       3
       1
       2
       0
       1
       1
       0
       2
       2
       1
       1
       1
       2
       1
       0
       0
       2
       1
       0
       2
       3
       2
       0
       0
       1
       5
       1
       2
       1
       1
       1
       0
       1
       2
       3
       3
       2
       1
       0
       2
       1
       2
       0
       1
       1
       1
       2
       1
       0
       5
       3
       0
       2
       1
       1
       1
       0
       0
       0
       3
       4
       2
       3
       3
       4
       4
       3
       4
       5
       3
       3
       4
       1
       1
       0
       2
       2
       2
       0
       1
       1
       2
       0
       0
       0
       0
       2
       0
       2
       3
       1
       2
       2
       1
       0
       1
       0
       0
       1
       1
       0
       3
       2
       1
       0
       2
       0
       1
       1
       2
       2
       0
       2
       1
       2
       2
       2
       0
       0
       0
       1
       0
       0
       0
       1
       0
       2
       2
       2
       4
       1
       0
       0
       0
       0
       1
       1
       0
       0
       0
       1
       1
       1
       1
       0
       0
       4
       1
       1
       0
       0
       0
       1
       3
       1
       1
       0
       1
       0
       1
       1
       1
       0
       1
       1
       2
       2
       1
       0
       0
       2
       2
       0
       1
       0
       0
       1
       1
       1
       0
       2
       4
       2
       1
       3
       2
       0
       1
       1
       0
       1
       1
       1
       0
       0
       1
       1
       1
       2
       0
       1
       1
       0
       0
       2
       1
       1
       1
       3
       2
       1
       1
       2
       1
       1
       2
       0
       2
       0
       2
       0
       1
       0
       0
       1
       0
       2
       1
       3
       4
       2
       2
       2
       1
       3
       0
       3
       3
       2
       0
       1
       4
       5
       0
       0
       0
       2
       1
       2
       1
       1
       1
       1
       3
       2
       0
       1
       0
       1
       0
       1
       2
       1
       2
       1
       1
       0
       3
       1
       2
       3
       0
       0
       0
       4
       1
       1
       0
       1
       1
       4
       2
       2
       3
       2
       0
       2
       2
       0
       0
       2
       3
       1
       1
       3
       2
       2
       5
       1
       0
       4
       0
       0
       1
       1
       2
       2
       0
       2
       2
       0
       1
       3
       0
       0
       2
       0
       3
       0
       1
       0
       2
       1
       2
       3
       2
       2
       1
       0
       2
       0
       1
       0
       2
       1
       0
       0
       1
       1
       1
       1
       2
       1
       0
       2
       1
       1
       0
       1
       0
       2
       0
       1
       2
       1
       1
       2
       2
       1
       1
       1
       2
       1
       0
       3
       3
       1
       2
       3
       0
       0
       4
       1
       0
       0
       1
       2
       0
       2
       3
       1
       0
       2
       1
       2
       2
       1
       0
       1
       1
       1
       2
       2
       1
       1
       3
       2
       0
       0
       2
       0
       2
       0
       0
       0
       4
       3
       1
       2
       0
       0
       0
       3
       2
       2
       1
       1
       0
       1
       3
       1
       1
       2
       3
       4
       1
       2
       1
       0
       0
       1
       1
       1
       0
       1
       1
       0
       1
       1
       2
       0
       0
       2
       0
       0
       1
       3
       3
       1
       1
       0
       0
       1
       0
       0
       0
       2
       1
       1
       2
       3
       0
       1
       0
       1
       0
       1
       0
       0
       0
       2
       0
       1
       2
       1
       0
       1
       0
       1
       1
       1
       1
       1
       3
       0
       0
       0
       2
       3
       0
       0
       1
       1
       4
       1
       1
       1
       2
       4
       0
       0
       2
       1
       0
       1
       3
       1
       3
       0
       1
       1
       1
       2
       1
       1
       0
       1
       1
       1
       0
       2
       2
       3
       2
       0
       0
       2
       1
       1
       0
       0
       0
       3
       0
       1
       2
       0
       0
       2
       0
       3
       2
       1
       1
       1
       1
       0
       0
       1
       2
       1
       0
       0
       0
       1
       3
       0
       0
       1
       1
       3
       3
       2
       0
       0
       2
       1
       0
       0
       1
       0
       0
       0
       1
       0
       0
       0
       1
       1
       0
       2
       1
       1
       1
       0
       0
       1
       1
       3
       2
       1
       1
       2
       2
       2
       0
       0
       0
       0
       2
       3
       3
       4
       1
       3
       2
       1
       0
       2
       0
       1
       2
       1
       0
       1
       0
       1
       2
       1
       2
       3
       0
       0
       1
       1
       0
       2
       0
       5
       0
       1
       0
       1
       0
       6
       2
       0
       1
       0
       0
       2
       0
       0
       1
       1
       0
       0
       2
       0
       1
       0
       0
       3
       4
       2
       0
       0
       1
       1
       1
       1
       0
       1
       1
       0
       0
       1
       1
       0
       0
       0
       1
       1
       2
       1
       0
       0
       1
       1
       0
       0
       1
       0
       1
       3
       0
       1
       2
       3
       1
       0
       0
       0
       0
       2
       2
       1
       0
       0
       0
       1
       1
       0
       1
       1
       1
       0
       3
       0
       0
       2
       1
       1
       2
       2
       0
       2
       1
       0
       0
       1
       1
       0
       1
       0
       0
       1
       3
       0
       0
       0
       1
       0
       0
       1
       0
       0
       1
       2
       2
       0
       0
       1
       0
       0
       1
       1
       1
       0
       1
       0
       1
       2
       1
       0
       1
       0
       0
       0
       1
       1
       1
       2
       0
       1
       2
       0
       1
       0
       2
       0
       0
       2
       3
       0
       0
       0
       1
       2
       0
       0
       2
       1
       0
       0
       1
       1
       0
       0
       1
       0
       0
       1
       2
       1
       0
       1
       1
       1
       1
       2
       0
       3
       0
       2
       2
       0
       0
       1
       0
       1
       1
       0
       1
       0
       0
       0
       1
       1
       0
       0
       0
       1
       1
       0
       0
       0
       1
       1
       0
       0
       0
       0
       1
       0
       1
       0
       0
       1
       0
       0
       0
       1
       1
       1
       1
       0
       0
       0
       1
       0
       0
       1
       0
       1
       1
       0
       0
       1
       1
       1
       4
       0
       0
       1
       0
       2
       2
       0
       0
       2
       0
       0
       2
       1
       1
       0
       2
       2
       0
       1
       1
       1
       1
       1
       0
       1
       0
       0
       0
       2
       0
       0
       0
       0
       1
       1
       3
       1
       6
       3
       1
       4
       1
       1
       0
       0
       1
       1
       0
       0
       2
       0
       1
       0
       3
       1
       2
       0
       1
       0
       0
       0
       1
       0
       2
       1
       0
       0
       0
       0
       0
       1
       0
       1
       2
       0
       1
       1
       1
       1
       1
       0
       0
       0
       1
       1
       2
       2
       1
       0
       1
       0
       3
       0
       1
       2
       0
       0
       0
       1
       0
       0
       0
       2
       0
       0
       1
       1
       1
       2
       1
       0
       1
       0
       1
       0
       1
       1
       1
       2
       1
       0
       0
       2
       0
       1
       1
       0
       0
       0
       2
       1
       1
       1
       1
       0
       0
       0
       0
       0
       0
       0
       1
       0
       0
       0
       1
       0
       0
       3
       1
       1
       1
       2
       0
       1
       1
       0
       2
       0
       2
       1
       1
       0
       0
       0
       0
       0
       0
       0
       0
       0
       2
       1
       1
       1
       0
       0
       1
       0
       1
       0
       0
       2
       0
       2
       1
       0
       1
       1
       2
       1
       1
       0
       2
       0
       1
       1
       0
       0
       0
       0
       1
       2
       0
       1
       2
       1
       0
       1
       0
       0
       1
       0
       3
       1
       2
       0
       0
       0
       0
       0
       2
       0
       1
       1
       0
       0
       0
       0
       0
       0
       0
       2
       0
       0
       1
       0
       0
       0
       1
       0
       0
       0
       1
       0
       2
       0
       0
       0
       1
       0
       1
       0
       0
       1
       0
       0
       1
       3
       0
       0
       0
       1
       0
       0
       0
       0
       0
       0
       2
       0
       0
       2
       0
       2
       1
       0
       0
       1
       1
       1
       1
       1
       1
       1
       1
       0
       0
       1
       0
       1
       0
       3
       0
       0
       1
       1
       2
       0
       2
       0
       0
       2
       1
       2
       2
       0
       0
       1
       0
       0
       1
       1
       0
       0
       0
       1
       2
       3
       1
       0
       0
       1
       2
       0
       1
       0
       0
       0
       1
       2
       0
       1
       1
       0
       0
       1
       2
       0
       1
       0
       0
       0
       0
       2
       0
       1
       0
       0
       0
       0
       1
       0
       1
       0
       1
       0
       0
       1
       0
       0
       1
       1
       1
       3
       0
       0
       1
       0
       1
       1
       2
       1
       1
       1
       0
       0
       0
       3
       1
       0
       0
       3
       1
       0
       0
       1
       0
       0
       2
       0
       0
       1
       0
       1
       3
       1
       1
       0
       1
       0
       2
       1
       2
       2
       0
       2
       3
       3
       1
       0
       0
       0
       0
       0
       1
       1
       1
       1
       2
       0
       0
       2
       2
       1
       2
       1
       1
       0
       0
       1
       1
       2
       2
       0
       0
       2
       0
       0
       0
       1
       1
       0
       0
       0
       0
       2
       2
       1
       0
       0
       1
       0
       1
       0
       0
       3
       1
       1
       1
       2
       1
       0
       1
       0
       2
       0
       0
       1
       0
       0
       0
       3
       0
       0
       1
       0
       2
       0
       0
       1
       1
       1
       1
       0
       0
       0
       1
       1
       0
       1
       0
       0
       2
       0
       0
       0
       0
       0
       0
       0
       1
       0
       1
       0
       0
       0
       0
       1
       0
       0
       1
       1
       1
       1
       0
       0
       0
       1
       0
       0
       1
       1
       0
       0
       0
       0
       2
       0
       1
       2
       0
       1
       1
       0
       0
       0
       1
       0
       1
       0
       0
       1
       1
       1
       1
       0
       0
       0
       1
       0
       0
       0
       0
       0
       0
       0
       0
       2
       1
       0
       1
       2
       2
       0
       1
       0
       1
       0
       0
       0
       0
       0
       0
       1
       1
       2
       0
       0
       1
       0
       0
       1
       0
       0
       0
       0
       2
       0
       0
       0
       1
       0
       1
       0
       0
       1
       0
       0
       0
       0
       0
       0
       0
       0
       1
       0
       0
       1
       0
       0
       0
       0
       1
       0
       1
       1
       0
       0
       0
       0
       2
       1
       0
       0
       0
       0
       0
       0
       2
       0
       1
       0
       0
       0
       0
       0
       1
       1
       1
       0
       0
       1
       0
       0
       0
       0
       1
       0
       1
       1
       0
       0
       0
       0
       0
       0
       1
       1
       0
       0
       3
       0
       0
       1
       1
       1
       0
       1
       0
       0
       0
       0
       0
       0
       0
       2
       0
       0
       1
       2
       1
       0
       0
       0
       0
       0
       0
       0
       0
       0
       1
       0
       0
       1
       0
       0
       0
       1
       1
       0
       1
       0
       0
       0
       1
       1
       0
       2
       0
       0
       0
       0
       0
       0
       0
       0
       0
       0
       1
       0
       1
       0
       1
       0
       0
       0
       1
       0
       0
       1
       0
       0
       0
       0
       1
       0
       1
       1
       0
       0
       0
       2
       0
       0
       0
       0
       0
       0
       0
       1
       0
       1
       0
       0
       0
       0
       0
       0
       0
       1
       0
       0
       0
       0
       0
       0
       0
       0
       1
       0
       1
       0
       0
       0
       0
       0
       1
       0
       0
       0
       0
       0
       0
       2
       0
       0
       1
       0
       1
       0
       0
       0
       1
       0
       2
       0
       0
       0
       0
       1
       0
       0
       0
       0
       1
       0
       0
       0
       0
       2
       0
       0
       0
       1
       0
       0
       1
       0
       1
       0
       0
       1
       1
       0
       0
       1
       0
       0
       2
       0
       0
       1
       0
       0
       0
       0
       0
       0
       0
       0
       1
       0
       0
       1
       0
       2
       0
       0
       0
       1
       1
       0
       0
       0
       0
       0
       1
       1
       0
       1
       0
       0
       0
       0
       1
       1
       0
       1
       2
       0
       0
       1
       0
       0
       0
       0
       0
       0
       1
       1
       0
       0
       0
       0
       0
       0
       0
       0
       0
       0
       0
       1
       1
       0
       0
       2
       0
       1
       0
       0
       0
       0
       0
       0
       0
       1
       1
       1
       1
       0
       0
       0
       0
       0
       0
       0
       0
       0
       0
       1
       3
       0
       0
       0
       0
       0
       0
       1
       0
       0
       1
       0
       0
       0
       1
       0
       1
       0
       1
       0
       0
       0
       2
       0
       1
       0
       1
       0
       1
       0
       2
       0
       0
       0
       0
       0
       0
       1
       0
       1
       0
       0
       0
       1
       0
       0
       0
       0
       0
       0
       0
       0
       0
       0
       0
       0
       0
       1
       0
       0
       0
       0
       0
       0
       0
       0
       0
       0
       0
       0
       0
       0
       2
       1
       0
       0
       0
       0
       0
       0
       0
       0
       2
       0
       0
       0
       1
       1
       0
       1
       0
       0
       0
       0
       0
       0
       0
       0
       0
       0
       0
       0
       0
       0
       1
       0
       0
       0
       1
       0
       0
       0
       0
       0
       0
       0
       0
       0
       0
       0
       1
       0
       0
       0
       0
       1
       1
       0
       0
       1
       0
       0
       0
       0
       0
       0
       0
       0
       0
       0
       0
       1
       0
       0
       0
       0
       0
       0
       0
       0
       0
       1
       1
       1
       1
       0
       0
       0
       0
       0
       1
       0
       0
       0
       1
       2
       0
       0
       1
       0
       0
       0
       0
       0
       0
       0
       0
       2
       1
       1
       1
       0
       0
       0
       0
       0
       0
       0
       1
       0
       0
       0
       1
       0
       0
       1
       1
       0
       0
       0
       1
       0
       0
       0
       0
       0
       0
       0
       0
       0
       0
       0
       0
       0
       0
       0
       0
       1
       0
       0
       0
       1
       0
       0
       0
       0
       0
       0
       0
       0
       0
       1
       0
       0
       0
       0
       0
       0
       0
       0
       1
       1
       2
       0
       0
       0
       1
       0
       0
       1
       0
       0
       0
       0
       0
       1
       0
       0
       0
       0
       0
       0
       0
       0
       0
       0
       1
       0
       0
       0
       0
       1
       0
       0
       0
       1
       0
       0
       0
       0
       0
       0
       1
       1
       0
       1
       0
       0
       0
       0
       1
       1
       0
       0
       0
       0
       0
       0
       0
       0
       0
       0
       0
       0
       0
       1
       0
       0
       0
       0
       0
       0
       0
       0
       0
       1
       0
       0
       1
       1
       0
       0
       2
       0
       0
       0
       0
       0
       0
       0
       1
       0
       0
       0
       0
       1
       2
       0
       0
       1
       0
       0
       0
       0
       0
       1
       0
       1
       0
       0
       0
       0
       0
       0
       0
       0
       0
       0
       0
       0
       1
       0
       2
       0
       0
       1
       0
       0
       2
       0
       0
       0
       0
       0
       0
       0
       0
       0
       0
       1
       0
       0
       0
       1
       0
       0
       0
       0
       1
       1
       0
       0
       0
       0
       0
       0
       2
       0
       1
       0
       0
       0
       1
       0
       0
       1
       2
       0
       0
       0
       0
       1
       0
       0
       0
       0
       0
       0
       1
       0
       0
       0
       0
       0
       0
       0
       0
       1
       1
       0
       0
       0
       0
       0
       0
       0
       0
       0
       1
       0
       0
       0
       0
       1
       0
       0
       1
       1
       0
       0
       0
       1
       0
       0
       0
       0
       0
       1
       0
       0
       0
       0
       1
       0
       0
       0
       0
       0
       0
       0
       0
       0
       0
       1
       0
       1
       0
       0
       0
       0
       1
       0
       0
       0
       0
       0
       1
       0
       0
       0
       0
       0
       0
       0
       0
       0
       0
       0
       1
       0
       0
       0
       2
       1
       1
       1
       0
       0
       0
       1
       0
       0
       0
       0
       0
       0
       0
       0
       0
       0
       0
       0
       0
       2
       0
       0
       0
       1
       0
       0
       0
       0
       0
       1
       0
       1
       0
       1
       0
       0
       1
       1
       0
       0
       1
       0
       0
       0
       2
       0
       1
       0
       0
       0
       1
       0
       0
       0
       0
       0
       1
       0
       0
       0
       0
       0
       0
       1
       0
       0
       0
       0
       0
       0
       1
       0
       0
       0
       2
       0
       0
       0
       1
       0
       1
       0
       0
       1
       0
       0
       0
       0
       0
       1
       0
       0
       1
       0
       0
       0
       1
       0
       0
       0
       0
       0
       1
       0
       0
       0
       0
       1
       0
       0
       0
       0
       0
       0
       0
       0
       0
       0
       0
       0
       0
       0
       0
       0
       1
       1
       0
       1
       0
       2
       0
       1
       0
       1
       0
       0
       0
       0
       0
       0
       0
       0
       0
       1
       0
       0
       0
       1
       0
       0
       0
       0
       0
       0
       0
       0
       0
       0
       0
       1
       0
       0
       0
       1
       1
       0
       0
       0
       0
       0
       1
       0
       0
       0
       0
       0
       0
       0
       1
       0
       0
       0
       0
       0
       0
       0
       0
       0
       0
       1
       0
       0
       0
       0
       0
       0
       0
       0
       0
       0
       0
       0
       1
       0
       0
       0
       1
       2
       0
       0
       0
       0
       0
       0
       0
       0
       0
       0
       1
       0
       0
       0
       0
       0
       1
       0
       0
       0
       1
       0
       1
       0
       0
       0
       0
       0
       0
       0
       1
       0
       0
       0
       1
       0
       0
       1
       0
       0
       0
       0
       0
       0
       1
       0
       0
       0
       1
       1
       0
       0
       0
       0
       1
       1
       0
       0
       0
       0
       0
       0
       0
       1
       0
       0
       1
       0
       0
       0
       0
       0
       0
       0
       0
       0
       0
       0
       1
       1
       0
       0
       0
       1
       1
       0
       0
       0
       1
       0
       1
       1
       0
       0
       0
       0
       0
       0
       0
       1
       0
       1
       0
       0
       0
       0
       0
       0
       0
       0
       0
       0
       0
       0
       0
       0
       0
       0
       0
       0
       0
       0
       0
       0
       0
       0
       0
       0
       0
       0
       0
       0
       0
       0
       0
       0
       0
       1
       0
       0
       1
       0
       1
       0
       0
       0
       0
       0
       0
       1
       0
       0
       0
       0
       0
       0
       1
       1
       0
       0
       0
       1
       0
       0
       0
       0
       2
       1
       0
       0
       0
       0
       0
       1
       0
       0
       0
       0
       0
       0
       0
       2
       0
       1
       0
       0
       2
       0
       0
       0
       0
       0
       0
       0
       0
       2
       0
       0
       0
       0
       0
       0
       0
       0
       1
       0
       0
       1
       0
       0
       0
       0
       0
       0
       0
       1
       1
       0
       0
       0
       0
       0
       0
       1
       0
       1
       1
       0
       1
       0
       0
       0
       0
       0
       0
       1
       1
       0
       0
       0
       0
       1
       0
       0
       0
       1
       0
       1
       0
       0
       0
       0
       0
       0
       0
       0
       1
       0
       0
       0
       0
       0
       0
       1
       0
       0
       0
       1
       0
       0
       0
       0
       0
       0
       1
       0
       0
       1
       0
       1
       0
       0
       1
       0
       0
       0
       0
       1
       0
       1
       0
       0
       0
       0
       1
       0
       1
       0
       0
       0
       1
       0
       0
       0
       0
       1
       0
       0
       0
       0
       1
       1
       0
       0
       0
       0
       2
       0
       0
       0
       0
       0
       0
       0
       0
       0
       0
       0
       0
       0
       0
       0
       0
       0
       0
       0
       0
       0
       0
       0
       0
       0
       1
       0
       0
       0
       0
       0
       0
       2
       0
       0
       0
       0
       0
       0
       0
       2
       0
       0
       0
       1
       0
       0
       0
       0
       0
       0
       0
       0
       0
       0
       0
       1
       1
       0
       1
       0
       0
       0
       0
       0
       0
       0
       0
       1
       0
       0
       0
       0
       0
       0
       0
       1
       0
       0
       1
       0
       0
       0
       0
       1
       0
       0
       0
       0
       0
       0
       0
       0
       0
       0
       0
       0
       0
       0
       0
       0
       0
       0
       0
       0
       0
       0
       0
       0
       0
       0
       1
       0
       0
       2
       0
       1
       1
       0
       0
       0
       0
       0
       1
       0
       0
       0
       0
       0
       1
       0
       0
       0
       0
       0
       0
       1
       0
       0
       0
       0
       0
       0
       0
       1
       0
       0
       1
       0
       0
       0
       0
       0
       1
       0
       0
       0
       0
       1
       1
       0
       0
       0
       1
       0
       0
       0
       1
       1
       1
       0
       0
       0
       0
       0
       0
       1
       0
       0
       1
       1
       0
       0
       0
       0
       0
       0
       0
       0
       0
       0
       0
       1
       1
       0
       0
       1
       0
       0
       0
       1
       0
       0
       0
       0
       0
       0
       0
       0
       0
       0
       0
       1
       0
       0
       0
       0
       0
       0
       1
       0
       0
       0
       1
       0
       0
       0
       0
       0
       2
       1
       0
       1
       0
       0
       0
       0
       0
       1
       0
       0
       0
       0
       1
       0
       0
       0
       0
       0
       0
       0
       0
       0
       0
       0
       1
       0
       1
       0
       0
       1
       0
       0
       0
       0
       0
       0
       0
       0
       0
       0
       0
       0
       0
       0
       0
       0
       1
       0
       0
       0
       2
       1
       0
       0
       0
       0
       1
       0
       1
       0
       2
       1
       0
       0
       0
       0
       0
       0
       1
       0
       2
       0
       0
       0
       0
       0
       2
       0
       0
       0
       0
       0
       1
       0
       0
       1
       0
       0
       0
       0
       2
       0
       0
       0
       0
       1
       0
       0
       1
       0
       0
       0
       0
       1
       0
       0
       0
       1
       0
       0
       0
       0
       0
       2
       1
       0
       0
       0
       0
       0
       0
       0
       1
       0
       0
       0
       0
       0
       0
       0
       0
       1
       0
       0
       0
       0
       1
       1
       1
       0
       0
       0
       2
       0
       0
       0
       0
       0
       0
       0
       0
       1
       0
       0
       0
       0
       0
       0
       0
       0
       0
       0
       0
       0
       0
       0
       0
       0
       0
       1
       0
       0
       0
       0
       0
       0
       0
       0
       0
       0
       0
       0
       1
       0
       0
       0
       0
       0
       0
       0
       0
       1
       0
       0
       0
       0
       0
       0
       0
       1
       0
       1
       1
       1
       0
       0
       0
       0
       0
       0
       0
       0
       0
       0
       0
       0
       0
       0
       0
       0
       0
       1
       0
       0
       2
       0
       0
       0
       0
       0
       0
       0
       1
       0
       0
       2
       0
       0
       0
       0
       1
       0
       0
       0
       0
       0
       0
       0
       0
       0
       0
       0
       0
       1
       1
       0
       0
       0
       0
       0
       0
       0
       0
       0
       0
       0
       0
       0
       0
       1
       0
       1
       0
       0
       0
       0
       0
       0
       0
       0
       0
       0
       0
       1
       0
       0
       1
       0
       0
       2
       0
       0
       0
       0
       0
       0
       1
       0
       0
       0
       0
       0
       0
       0
       0
       0
       0
       0
       0
       1
       0
       0
       0
       0
       0
       0
       0
       0
       0
       1
       2
       1
       1
       0
       1
       0
       0
       0
       1
       0
       0
       1
       1
       0
       0
       0
       0
       0
       0
       1
       1
       0
       0
       0
       0
       0
       0
       0
       0
       0
       0
       0
       1
       1
       0
       0
       1
       0
       0
       0
       0
       0
       0
       2
       0
       1
       0
       0
       0
       0
       0
       0
       0
       0
       1
       0
       0
       0
       0
       0
       0
       0
       0
       0
       0
       0
       0
       0
       0
       0
       0
       1
       0
       1
       0
       0
       1
       0
       0
       2
       0
       1
       0
       2
       0
       0
       0
       0
       0
       0
       1
       0
       0
       0
       0
       0
       0
       0
       1
       0
       0
       0
       0
       0
       0
       0
       0
       0
       0
       0
       0
       0
       0
       0
       1
       0
       0
       0
       0
       0
       1
       0
       0
       0
       0
       0
       0
       0
       0
       0
       0
       1
       0
       0
       0
       0
       0
       0
       0
       0
       0
       1
       0
       1
       1
       0
       0
       0
       0
       0
       0
       1
       1
       0
       0
       0
       0
       0
       0
       0
       0
       0
       1
       0
       0
       0
       0
       0
       1
       1
       0
       0
       0
       0
       0
       0
       0
       0
       0
       1
       0
       0
       0
       0
       0
       0
       0
       0
       1
       0
       0
       0
       0
       1
       0
       1
       0
       0
       0
       0
       1
       0
       0
       0
       0
       0
       0
       1
       0
       0
       0
       0
       1
       0
       1
       0
       0
       0
       0
       0
       0
       1
       1
       0
       0
       0
       0
       0
       0
       1
       0
       0
       0
       0
       2
       1
       0
       0
       1
       0
       0
       2
       0
       0
       0
       0
       0
       1
       0
       0
       0
       0
       0
       0
       0
       0
       0
       0
       0
       0
       2
       0
       0
       0
       0
       1
       0
       0
       1
       0
       0
       0
       2
       0
       1
       0
       0
       0
       0
       0
       0
       0
       0
       0
       0
       0
       0
       0
       1
       0
       0
       1
       0
       1
       0
       0
       0
       0
       0
       0
       0
       0
       0
       0
       0
       0
       1
       0
       0
       0
       0
       1
       0
       0
       0
       0
       0
       0
       0
       0
       0
       0
       0
       0
       0
       0
       0
       0
       0
       0
       0
       0
       0
       1
       0
       0
       0
       0
       0
       0
       0
       0
       0
       0
       1
       0
       1
       0
       0
       0
       0
       0
       1
       0
       0
       1
       0
       0
       0
       1
       0
       2
       0
       0
       2
       0
       1
       0
       0
       0
       0
       0
       1
       0
       0
       0
       0
       0
       0
       0
       0
       1
       0
       0
       0
       0
       0
       0
       1
       0
       0
       2
       0
       0
       0
       0
       0
       1
       0
       0
       1
       0
       0
       0
       0
       0
       0
       0
       0
       0
       0
       0
       0
       0
       3
       1
       0
       0
       0
       1
       0
       0
       0
       0
       0
       0
       0
       0
       0
       0
       0
       1
       0
       1
       1
       0
       0
       0
       0
       0
       1
       0
       1
       0
       0
       0
       0
       0
       0
       0
       0
       0
       0
       0
       1
       0
       0
       0
       0
       0
       0
       1
       0
       0
       0
       0
       0
       1
       0
       1
       1
       0
       0
       0
       0
       0
       0
       0
       0
       0
       0
       0
       0
       0
       0
       1
       0
       0
       0
       0
       0
       0
       1
       0
       0
       1
       0
       0
       0
       0
       0
       0
       0
       0
       0
       1
       0
       0
       1
       0
       1
       0
       0
       0
       1
       0
       0
       0
       0
       0
       0
       0
       0
       0
       0
       0
       0
       0
       2
       0
       0
       0
       0
       0
       0
       0
       0
       0
       0
       0
       0
       0
       1
       0
       0
       2
       0
       1
       0
       0
       0
       0
       0
       0
       0
       1
       0
       0
       0
       1
       0
       0
       0
       0
       0
       0
       0
       0
       0
       0
       0
       0
       0
       0
       1
       0
       0
       0
       0
       0
       0
       0
       0
       0
       0
       0
       0
       0
       0
       1
       0
       0
       0
       0
       0
       0
       0
       0
       0
       0
       1
       0
       0
       0
       0
       1
       0
       2
       0
       0
       0
       0
       0
       0
       0
       0
       0
       0
       0
       0
       0
       0
       0
       0
       0
       0
       1
       1
       0
       0
       0
       0
       0
       1
       0
       1
       0
       0
       0
       0
       0
       1
       0
       1
       0
       0
       0
       0
       0
       0
       1
       0
       1
       0
       0
       0
       0
       0
       0
       0
       0
       0
       0
       0
       0
       0
       1
       1
       0
       0
       0
       0
       0
       0
       0
       0
       0
       0
       0
       0
       0
       1
       1
       1
       0
       0
       0
       0
       0
       1
       0
       0
       1
       0
       0
       0
       0
       0
       0
       0
       0
       0
       0
       0
       0
       0
       0
       0
       0
       0
       0
       0
       0
       0
       1
       0
       0
       0
       1
       0
       0
       0
       0
       1
       0
       0
       0
       1
       0
       0
       0
       0
       0
       0
       0
       0
       1
       0
       0
       1
       0
       0
       1
       0
       0
       0
       1
       1
       0
       0
       0
       0
       0
       0
       0
       0
       0
       0
       1
       0
       1
       0
       0
       0
       0
       0
       0
       0
       0
       0
       0
       0
       0
       0
       0
       0
       0
       1
       0
       0
       0
       0
       0
       0
       0
       0
       1
       0
       0
       0
       1
       0
       1
       0
       0
       0
       0
       0
       1
       0
       0
       1
       0
       1
       0
       1
       0
       1
       0
       0
       1
       0
       0
       0
       0
       0
       0
       0
       0
       0
       0
       0
       0
       0
       0
       0
       0
       0
       0
       0
       1
       0
       0
       0
       0
       0
       0
       2
       0
       0
       1
       0
       1
       0
       0
       0
       0
       0
       0
       0
       0
       0
       0
       1
       0
       0
       1
       0
       0
       0
       0
       1
       2
       0
       0
       0
       1
       0
       1
       0
       0
       0
       1
       0
       0
       1
       0
       0
       0
       0
       0
       0
       0
       0
       0
       0
       0
       2
       1
       0
       0
       1
       0
       0
       0
       1
       0
       0
       0
       0
       0
       0
       0
       0
       0
       0
       0
       0
       0
       0
       1
       0
       0
       0
       0
       0
       0
       0
       0
       0
       1
       0
       0
       1
       0
       0
       0
       0
       0
       0
       0
       0
       1
       0
       0
       0
       1
       0
       0
       0
       0
       1
       0
       0
       0
       0
       1
       0
       1
       0
       0
       0
       0
       0
       0
       0
       0
       0
       0
       0
       0
       0
       0
       0
       0
       0
       0
       0
       0
       0
       1
       0
       0
       0
       0
       0
       0
       0
       0
       2
       0
       0
       0
       0
       0
       0
       0
       0
       0
       1
       0
       0
       0
       0
       0
       0
       0
       0
       0
       0
       0
       0
       1
       1
       3
       0
       0
       0
       0
       0
       0
       1
       0
       0
       0
       1
       0
       1
       0
       0
       0
       0
       0
       0
       0
       0
       0
       0
       0
       0
       1
       0
       0
       0
       0
       0
       1
       0
       1
       0
       0
       0
       0
       0
       0
       0
       0
       0
       0
       0
       0
       0
       0
       0
       0
       1
       0
       0
       0
       0
       0
       0
       0
       0
       0
       0
       0
       1
       0
       0
       0
       0
       0
       1
       1
       0
       0
       0
       0
       0
       0
       1
       0
       0
       0
       0
       0
       0
       0
       0
       0
       0
       0
       1
       0
       0
       0
       0
       0
       0
       0
       0
       0
       1
       0
       0
       0
       0
       0
       0
       1
       0
       0
       0
       0
       0
       0
       0
       0
       0
       1
       1
       0
       0
       0
       0
       0
       0
       0
       0
       0
       0
       0
       0
       0
       0
       0
       0
       0
       0
       1
       0
       0
       0
       0
       1
       0
       1
       0
       0
       0
       0
       0
       0
       0
       0
       1
       0
       0
       0
       0
       0
       0
       0
       1
       0
       0
       0
       1
       1
       0
       0
       1
       0
       0
       0
       1
       0
       0
       0
       0
       0
       1
       0
       0
       0
       0
       0
       0
       0
       0
       0
       0
       0
       1
       0
       0
       0
       0
       1
       0
       0
       0
       0
       0
       0
       0
       0
       0
       0
       1
       4
       0
       0
       0
       1
       0
       0
       0
       1
       0
       0
       0
       0
       0
       0
       0
       0
       0
       0
       0
       0
       0
       0
       0
       0
       0
       0
       0
       0
       0
       0
       0
       0
       0
       0
       0
       0
       0
       1
       1
       0
       1
       0
       0
       0
       0
       0
       0
       0
       0
       0
       0
       1
       0
       0
       0
       1
       0
       0
       0
       0
       0
       0
       0
       1
       0
       0
       0
       1
       0
       1
       1
       0
       0
       1
       0
       0
       0
       0
       0
       1
       0
       0
       0
       0
       0
       0
       0
       1
       1
       0
       0
       0
       0
       0
       2
       0
       0
       0
       2
       0
       0
       0
       1
       0
       1
       1
       1
       0
       0
       0
       0
       0
       1
       0
       0
       0
       0
       0
       0
       0
       0
       0
       0
       0
       0
       1
       0
       0
       0
       0
       0
       0
       0
       0
       0
       0
       0
       0
       0
       0
       0
       0
       0
       0
       0
       0
       0
       0
       0
       0
       0
       1
       0
       0
       0
       0
       0
       0
       0
       0
       0
       0
       0
       0
       0
       1
       0
       0
       0
       0
       1
       0
       0
       0
       0
       0
       0
       0
       0
       1
       0
       0
       0
       1
       0
       0
       0
       0
       0
       0
       0
       1
       0
       0
       0
       0
       0
       0
       0
       1
       0
       1
       0
       0
       0
       0
       0
       0
       0
       0
       0
       0
       0
       2
       0
       0
       1
       0
       0
       0
       0
       0
       0
       0
       0
       0
       0
       1
       0
       0
       0
       0
       0
       1
       0
       0
       0
       0
       1
       0
       0
       0
       0
       0
       1
       0
       0
       0
       0
       1
       1
       0
       0
       0
       0
       0
       0
       1
       0
       0
       0
       0
       0
       0
       0
       0
       0
       0
       1
       0
       1
       0
       0
       0
       0
       0
       0
       0
       0
       0
       0
       0
       0
       0
       1
       0
       0
       0
       0
       0
       1
       0
       0
       1
       0
       0
       0
       0
       0
       0
       1
       0
       0
       0
       0
       0
       0
       0
       0
       0
       0
       0
       0
       1
       0
       0
       1
       0
       0
       0
       0
       0
       1
       0
       0
       0
       0
       0
       0
       0
       0
       0
       0
       0
       1
       0
       1
       0
       0
       0
       0
       0
       0
       0
       0
       0
       0
       0
       0
       0
       0
       0
       1
       0
       0
       0
       0
       1
       0
       0
       0
       0
       0
       0
       0
       0
       0
       0
       0
       0
       0
       0
       0
       0
       0
       0
       0
       0
       0
       0
       0
       0
       0
       0
       1
       0
       0
       1
       0
       0
       0
       0
       1
       0
       0
       0
       0
       0
       1
       0
       0
       0
       0
       2
       0
       0
       0
       0
       0
       0
       0
       0
       0
       0
       1
       0
       2
       0
       0
       0
       1
       0
       0
       0
       0
       1
       0
       1
       0
       0
       1
       0
       0
       0
       0
       0
       0
       0
       0
       0
       0
       0
       0
       1
       0
       0
       0
       0
       0
       0
       0
       0
       0
       0
       0
       0
       0
       0
       0
       0
       0
       0
       0
       1
       0
       0
       0
       0
       0
       0
       0
       0
       0
       0
       0
       0
       0
       0
       0
       1
       0
       0
       0
       0
       0
       0
       0
       0
       0
       0
       1
       1
       0
       0
       0
       1
       0
       0
       0
       0
       0
       0
       0
       0
       0
       0
       0
       0
       0
       0
       0
       1
       0
       1
       2
       0
       0
       0
       0
       0
       0
       0
       0
       0
       0
       0
       0
       0
       1
       0
       0
       0
       0
       0
       0
       1
       0
       0
       0
       0
       0
       0
       0
       0
       0
       0
       0
       0
       0
       0
       0
       0
       0
       0
       0
       0
       0
       0
       1
       0
       0
       0
       0
       0
       0
       1
       0
       1
       1
       0
       0
       0
       0
       0
       0
       0
       0
       0
       0
       0
       1
       0
       0
       0
       0
       0
       0
       0
       0
       0
       0
       0
       0
       0
       0
       0
       0
       0
       0
       0
       0
       0
       0
       0
       0
       0
       0
       0
       0
       0
       0
       0
       0
       0
       0
       0
       0
       0
       0
       1
       0
       0
       0
       0
       1
       1
       0
       0
       0
       0
       0
       0
       0
       0
       0
       0
       1
       0
       0
       0
       0
       0
       0
       0
       1
       0
       0
       0
       1
       0
       1
       0
       0
       0
       0
       1
       0
       0
       0
       1
       0
       0
       0
       1
       1
       0
       0
       0
       0
       0
       1
       0
       0
       1
       0
       0
       0
       0
       1
       0
       0
       0
       0
       0
       0
       1
       0
       0
       0
       0
       1
       0
       0
       0
       0
       0
       0
       0
       0
       0
       0
       1
       0
       0
       1
       0
       0
       0
       0
       1
       0
       0
       0
       0
       0
       0
       0
       0
       1
       0
       0
       0
       0
       0
       0
       0
       0
       1
       0
       0
       0
       0
       0
       0
       0
       0
       0
       0
       1
       0
       0
       0
       0
       0
       0
       0
       1
       1
       0
       0
       0
       0
       0
       0
       0
       0
       0
       0
       0
       0
       0
       0
       0
       0
       1
       0
       0
       0
       1
       0
       0
       0
       0
       0
       1
       0
       0
       0
       0
       0
       0
       1
       0
       0
       0
       0
       1
       0
       0
       1
       0
       0
       0
       0
       0
       0
       1
       0
       0
       0
       0
       0
       0
       0
       1
       0
       0
       0
       1
       1
       0
       0
       0
       0
       0
       0
       0
       0
       0
       0
       0
       0
       0
       0
       0
       0
       0
       1
       0
       0
       0
       0
       1
       0
       0
       0
       0
       0
       0
       0
       0
       0
       1
       2
       0
       0
       0
       1
       0
       0
       0
       0
       0
       0
       0
       0
       0
       0
       0
       0
       0
       0
       0
       1
       0
       0
       0
       1
       0
       0
       0
       0
       0
       0
       0
       0
       0
       0
       0
       1
       0
       0
       0
       0
       0
       0
       1
       0
       0
       0
       0
       0
       0
       1
       1
       0
       0
       0
       0
       0
       0
       0
       0
       0
       0
       0
       0
       0
       0
       0
       0
       0
       0
       0
       0
       0
       0
       0
       1
       0
       1
       0
       0
       0
       0
       0
       0
       1
       0
       0
       0
       0
       0
       0
       0
       0
       0
       0
       1
       0
       0
       0
       0
       0
       0
       0
       0
       0
       0
       0
       0
       0
       0
       0
       0
       1
       0
       1
       0
       0
       0
       0
       0
       0
       0
       0
       0
       0
       0
       0
       0
       0
       0
       0
       0
       0
       0
       0
       0
       0
       0
       0
       0
       0
       0
       0
       0
       0
       0
       0
       0
       0
       0
       0
       0
       0
       0
       0
       0
       0
       0
       0
       0
       0
       0
       0
       0
       0
       0
       0
       0
       0
       0
       0
       0
       0
       0
       0
       0
       0
       0
       0
       0
       0
       0
       0
       0
       0
       0
       0
       0
       0
       0
       0
       0
       0
       0
       0
       0
       0
       0
       0
       0
       0
       0
       0
       0
       0
       0
       0
       0
       0
       0
       0
       0
       0
       0
       0
       0
       0
       0
       0
       0
       0
       0
       0
       0
       0
       0
       0
       0
       0
       0
       0
       0
       0
       0
       0
       0
       0
       0
       0
       0
       0
       0
       0
       0
       0
       0
       0
$ROI:
1
820 853
$PRESETS:
None
0
0
$ENER_FIT:
3.319389 0.594734
$MCA_CAL:
3
3.319389E+000 5.947341E-001 0.000000E+000 keV
$SHAPE_CAL:
3
2.857754E+000 -1.166080E-003 0.000000E+000
