$SPEC_ID:
No sample description was entered.
$SPEC_REM:
DET# 1
DETDESC# DESKTOP-AKUPN2F Easy-MCA-8k SN 09022236
AP# Maestro Version 7.01
$DATE_MEA:
02/07/2017 14:05:43
$MEAS_TIM:
169 236
$DATA:
0 8191
       0
       0
       0
       0
       0
       0
       0
       0
       0
       0
       0
       0
       0
       0
       0
       0
       0
       0
       0
       0
       0
       0
       0
       0
       0
       0
       0
       0
       0
       0
       0
       0
       0
       0
       0
       0
       0
       0
       0
       0
       0
       0
       0
       0
       0
       0
       0
       0
       0
       0
       0
       0
       0
       0
       0
       0
       0
       0
       7
      16
      61
      55
     380
     675
     201
      30
      36
      56
     109
     545
     647
     635
     607
     610
     576
     580
     646
     621
     590
     576
     580
     598
     618
     633
     628
     573
     597
     588
     622
     561
     665
     602
     642
     653
     624
     641
     611
     656
     655
     650
     617
     670
     652
     658
     657
     646
     645
     668
     651
     713
     650
     687
     695
     703
     703
     828
    1061
    1235
    1280
    1323
    1661
    1705
    1321
     903
     730
     669
     633
     665
     617
     654
     655
     641
     648
     647
     750
     915
    1118
    1191
    1064
     843
     751
     799
     820
     662
     664
     612
     646
     620
     641
     609
     625
     662
     611
     609
     598
     602
     606
     598
     622
     663
     598
     619
     641
     637
     625
     586
     630
     635
     602
     610
     667
     619
     615
     633
     645
     604
     615
     605
     675
     602
     645
     601
     627
     599
     633
     634
     591
     603
     611
     642
     602
     619
     591
     590
     644
     625
     645
     666
     679
     653
     643
     644
     651
     643
     667
     583
     612
     626
     619
     635
     604
     598
     649
     661
     630
     621
     611
     591
     624
     606
     664
     667
     624
     645
     646
     661
     591
     622
     626
     638
     655
     643
     603
     602
     614
     658
     628
     616
     621
     695
     644
     644
     633
     699
     647
     638
     658
     571
     618
     647
     655
     667
     620
     651
     658
     632
     688
     654
     646
     652
     680
     651
     655
     638
     666
     643
     645
     699
     674
     666
     611
     613
     597
     645
     668
     648
     674
     675
     645
     655
     647
     627
     681
     612
     635
     664
     690
     682
     673
     630
     693
     655
     627
     670
     702
     658
     619
     606
     690
     626
     674
     635
     627
     659
     683
     689
     726
     673
     667
     647
     662
     664
     714
     692
     685
     639
     657
     688
     699
     656
     702
     693
     627
     688
     664
     661
     670
     671
     673
     682
     626
     669
     732
     652
     693
     688
     662
     655
     691
     677
     705
     731
     723
     714
     673
     706
     695
     735
     759
     786
     777
     752
     749
     744
     685
     788
     712
     764
     728
     743
     733
     743
     711
     720
     692
     714
     746
     765
     670
     669
     681
     702
     679
     692
     689
     710
     702
     686
     670
     672
     666
     689
     686
     741
     704
     659
     666
     696
     688
     696
     681
     678
     623
     619
     711
     632
     621
     643
     629
     665
     672
     670
     623
     702
     633
     624
     635
     644
     680
     633
     656
     643
     645
     665
     656
     645
     619
     631
     619
     661
     704
     645
     651
     614
     611
     689
     641
     648
     626
     617
     670
     654
     665
     662
     626
     594
     612
     648
     640
     637
     688
     626
     653
     645
     650
     609
     642
     621
     632
     611
     617
     645
     621
     622
     672
     626
     600
     656
     604
     615
     645
     630
     636
     602
     631
     647
     657
     635
     630
     654
     583
     645
     571
     640
     642
     594
     621
     613
     648
     676
     605
     605
     587
     640
     605
     639
     621
     610
     604
     662
     599
     574
     614
     603
     644
     628
     607
     647
     598
     638
     698
     630
     657
     642
     654
     656
     667
     626
     636
     594
     606
     590
     699
     573
     634
     615
     645
     658
     636
     606
     637
     594
     597
     614
     607
     635
     625
     605
     605
     620
     641
     568
     615
     624
     634
     596
     625
     572
     644
     622
     610
     584
     632
     640
     662
     653
     644
     620
     606
     644
     602
     574
     589
     673
     647
     590
     631
     641
     626
     662
     635
     642
     574
     596
     612
     634
     618
     618
     579
     617
     634
     606
     614
     631
     619
     606
     626
     650
     618
     616
     623
     603
     594
     660
     602
     590
     664
     656
     645
     627
     606
     595
     638
     662
     578
     566
     586
     607
     647
     620
     620
     601
     646
     601
     634
     605
     591
     615
     630
     631
     644
     639
     617
     597
     564
     581
     649
     643
     615
     591
     636
     585
     629
     547
     577
     629
     590
     638
     634
     630
     611
     623
     586
     620
     605
     627
     674
     615
     623
     644
     570
     652
     592
     620
     619
     616
     613
     573
     624
     620
     643
     613
     622
     623
     617
     607
     648
     669
     598
     629
     600
     643
     618
     635
     603
     632
     601
     596
     631
     638
     658
     606
     637
     618
     580
     589
     604
     606
     607
     606
     634
     606
     626
     600
     618
     636
     637
     603
     594
     578
     637
     625
     571
     636
     587
     615
     636
     583
     607
     611
     628
     663
     656
     584
     625
     604
     642
     576
     666
     628
     657
     569
     581
     615
     612
     625
     595
     636
     673
     624
     651
     610
     621
     615
     637
     639
     596
     598
     608
     610
     616
     592
     586
     629
     598
     576
     611
     604
     640
     610
     629
     615
     622
     610
     627
     594
     647
     587
     623
     655
     636
     635
     631
     590
     601
     616
     596
     641
     560
     634
     635
     635
     641
     575
     621
     608
     636
     590
     569
     623
     612
     621
     670
     660
     613
     604
     608
     625
     616
     565
     640
     580
     600
     579
     643
     625
     566
     603
     582
     607
     587
     614
     598
     656
     650
     648
     622
     602
     618
     651
     597
     592
     653
     572
     616
     627
     605
     609
     647
     623
     607
     629
     628
     591
     627
     617
     651
     650
     599
     660
     600
     655
     617
     624
     606
     617
     649
     688
     651
     694
     794
     825
     752
     791
     702
     684
     670
     636
     613
     619
     597
     631
     612
     591
     552
     586
     604
     693
     623
     612
     612
     611
     618
     603
     649
     614
     604
     590
     628
     645
     660
     643
     618
     648
     573
     615
     616
     643
     629
     668
     627
     591
     611
     626
     631
     633
     602
     620
     604
     676
     573
     610
     534
     597
     628
     624
     655
     615
     629
     671
     648
     627
     621
     639
     638
     584
     675
     642
     670
     600
     596
     569
     627
     634
     634
     651
     621
     611
     624
     618
     640
     587
     635
     603
     643
     649
     630
     619
     681
     648
     619
     648
     670
     611
     646
     619
     635
     641
     660
     579
     647
     632
     605
     663
     626
     671
     625
     588
     587
     639
     610
     621
     614
     651
     606
     610
     572
     610
     633
     623
     643
     619
     632
     638
     607
     650
     675
     630
     639
     594
     626
     598
     651
     630
     644
     608
     673
     652
     639
     654
     629
     627
     631
     616
     613
     643
     649
     599
     603
     635
     613
     624
     677
     589
     619
     676
     638
     642
     651
     592
     664
     616
     622
     636
     669
     649
     603
     631
     621
     667
     611
     608
     630
     651
     620
     649
     608
     635
     590
     654
     618
     640
     616
     621
     631
     614
     605
     657
     614
     609
     580
     605
     643
     621
     659
     683
     638
     655
     632
     637
     617
     656
     651
     629
     626
     640
     628
     630
     600
     637
     678
     608
     609
     630
     696
     652
     641
     673
     602
     639
     628
     617
     649
     655
     647
     631
     577
     591
     668
     655
     623
     657
     617
     620
     632
     631
     607
     671
     669
     652
     635
     640
     611
     669
     669
     649
     639
     662
     638
     625
     663
     677
     672
     652
     634
     699
     625
     651
     624
     620
     655
     650
     636
     619
     674
     581
     643
     690
     661
     614
     662
     654
     579
     628
     628
     628
     621
     639
     619
     633
     651
     649
     644
     679
     687
     636
     632
     670
     616
     635
     635
     640
     658
     577
     641
     633
     635
     645
     667
     632
     670
     643
     663
     667
     638
     647
     663
     650
     620
     663
     606
     650
     680
     689
     631
     662
     680
     682
     625
     630
     641
     668
     631
     636
     666
     661
     634
     658
     630
     642
     689
     656
     673
     645
     624
     684
     623
     719
     647
     625
     619
     653
     670
     641
     644
     602
     662
     687
     703
     633
     640
     652
     634
     686
     650
     622
     673
     632
     622
     645
     682
     657
     670
     614
     658
     681
     649
     649
     631
     609
     642
     726
     663
     666
     631
     654
     674
     662
     640
     657
     615
     648
     666
     677
     707
     683
     672
     657
     653
     650
     639
     638
     664
     625
     688
     678
     593
     679
     612
     610
     657
     637
     660
     671
     622
     674
     631
     650
     657
     664
     661
     684
     676
     661
     647
     682
     628
     686
     660
     603
     648
     688
     681
     643
     671
     682
     677
     660
     696
     692
     651
     665
     676
     693
     630
     665
     638
     672
     673
     658
     622
     651
     649
     729
     665
     653
     642
     655
     677
     674
     680
     680
     669
     656
     703
     656
     676
     683
     682
     717
     710
     659
     664
     652
     733
     688
     673
     645
     679
     664
     676
     696
     636
     672
     658
     679
     682
     683
     719
     644
     702
     690
     665
     664
     733
     688
     687
     662
     664
     671
     725
     686
     683
     707
     692
     655
     684
     673
     694
     664
     688
     630
     689
     688
     744
     781
     733
     726
     709
     731
     711
     716
     699
     724
     714
     670
     673
     748
     707
     719
     723
     691
     707
     700
     754
     691
     726
     659
     706
     749
     699
     693
     757
     690
     682
     700
     700
     756
     677
     696
     734
     710
     734
     687
     708
     701
     755
     735
     740
     738
     728
     747
     716
     705
     683
     725
     713
     760
     710
     711
     734
     734
     743
     760
     713
     718
     734
     787
     692
     759
     740
     743
     726
     736
     774
     731
     766
     712
     715
     757
     801
     765
     737
     717
     786
     760
     828
     742
     764
     729
     773
     728
     836
     784
     735
     709
     780
     782
     771
     788
     814
     783
     815
     746
     719
     781
     810
     726
     777
     720
     848
     785
     822
     835
     783
     807
     776
     760
     763
     764
     749
     778
     848
     795
     797
     754
     823
     764
     815
     744
     831
     826
     810
     772
     806
     820
     748
     788
     763
     821
     783
     771
     839
     789
     840
     809
     820
     881
     832
     841
     824
     839
     864
     815
     807
     786
     851
     856
     865
     861
     860
     808
     845
     862
     810
     868
     850
     860
     875
     899
     881
     846
     878
     847
     857
     817
     875
     873
     851
     855
     906
     889
     864
     834
     864
     905
     886
     891
     856
     889
     888
     863
     870
     853
     840
     889
     884
     879
     967
     917
     913
     907
     906
     913
     899
     916
     920
     901
     897
     901
     894
     874
     827
     942
     886
     856
     919
     920
     912
     991
     919
     914
     887
     906
     902
     885
     917
     880
     900
     913
     889
     896
     826
     876
     840
     882
     875
     831
     831
     807
     792
     801
     777
     813
     749
     755
     851
     764
     777
     732
     744
     719
     712
     722
     736
     713
     703
     701
     763
     720
     694
     690
     761
     725
     732
     672
     717
     650
     697
     716
     690
     705
     695
     666
     674
     682
     706
     704
     706
     672
     660
     664
     720
     670
     693
     678
     713
     666
     688
     689
     706
     683
     682
     685
     680
     670
     702
     664
     713
     682
     702
     694
     637
     647
     694
     675
     715
     653
     655
     683
     688
     704
     706
     596
     698
     603
     658
     708
     587
     617
     671
     662
     599
     679
     659
     669
     640
     674
     669
     646
     640
     630
     661
     626
     640
     639
     642
     629
     644
     610
     645
     663
     618
     598
     706
     692
     583
     605
     629
     643
     640
     633
     624
     613
     681
     619
     609
     643
     663
     647
     615
     632
     634
     596
     598
     653
     630
     646
     620
     628
     648
     633
     613
     595
     544
     591
     619
     619
     636
     686
     596
     649
     611
     582
     602
     594
     622
     596
     617
     613
     616
     627
     617
     547
     625
     578
     630
     577
     606
     576
     616
     622
     615
     620
     575
     591
     581
     557
     611
     606
     590
     589
     588
     596
     585
     607
     622
     603
     611
     631
     612
     555
     618
     598
     634
     603
     622
     572
     645
     605
     646
     620
     631
     622
     601
     635
     608
     614
     611
     622
     620
     628
     638
     620
     582
     636
     602
     654
     661
     634
     587
     624
     655
     638
     639
     661
     653
     623
     676
     581
     651
     625
     649
     667
     626
     651
     650
     646
     657
     674
     621
     619
     585
     627
     661
     694
     659
     603
     694
     627
     601
     602
     585
     555
     597
     607
     585
     563
     550
     558
     554
     542
     525
     500
     504
     493
     462
     480
     477
     474
     468
     499
     465
     497
     432
     408
     443
     448
     476
     427
     462
     427
     397
     460
     423
     429
     438
     374
     434
     437
     401
     428
     393
     436
     425
     398
     389
     425
     393
     406
     389
     405
     424
     413
     400
     340
     402
     368
     398
     369
     409
     408
     402
     376
     399
     395
     408
     407
     392
     386
     393
     380
     386
     361
     379
     356
     397
     370
     367
     346
     341
     345
     357
     348
     375
     386
     372
     345
     351
     356
     346
     349
     375
     423
     596
    1073
    2137
    4477
    9331
   16668
   22749
   23404
   17573
    9346
    3761
    1200
     563
     385
     361
     352
     341
     307
     330
     301
     293
     309
     283
     288
     282
     306
     303
     278
     269
     283
     285
     282
     268
     283
     315
     275
     293
     266
     259
     261
     293
     255
     237
     261
     252
     255
     251
     249
     213
     253
     231
     247
     217
     236
     235
     241
     227
     235
     218
     236
     230
     207
     235
     217
     214
     203
     201
     199
     211
     227
     235
     217
     204
     203
     191
     206
     206
     192
     207
     199
     200
     179
     174
     181
     197
     198
     166
     187
     188
     179
     171
     177
     179
     172
     166
     174
     206
     144
     192
     180
     190
     151
     138
     174
     189
     176
     154
     145
     155
     177
     165
     167
     170
     176
     165
     148
     179
     151
     145
     136
     154
     155
     147
     158
     160
     159
     141
     159
     162
     170
     162
     138
     132
     151
     148
     158
     140
     162
     142
     143
     152
     153
     147
     146
     150
     148
     150
     132
     151
     140
     134
     125
     138
     132
     134
     137
     121
     122
     133
     147
     137
     129
     151
     131
     150
     117
     141
     127
     135
     145
     123
     137
     126
     121
     142
     122
     109
     128
     140
     120
     143
     130
     122
     144
     134
     137
     143
     124
     115
     139
     118
     120
     156
     113
     118
     122
     126
     113
     126
     124
     143
     148
     114
     118
     130
     128
     131
     119
     136
     151
     161
     119
     135
     136
     105
     133
     129
     139
     131
     123
     116
     131
     128
     134
     133
     127
     129
     119
     139
     114
     118
     128
     107
     126
     109
     139
     124
     124
     127
     134
     128
     110
     123
     110
     115
     107
     153
     126
     123
     145
     115
     147
     131
     132
     136
     138
     144
     174
     242
     373
     778
    1609
    3448
    6779
   12272
   18582
   21953
   19168
   12261
    5804
    1929
     553
     210
     160
     165
     132
     127
     127
     132
     143
     136
     128
     118
     108
     107
     107
     121
     114
     122
     113
     113
     116
     138
     118
     101
     103
     104
     100
     111
      81
     114
     109
     109
     109
      86
     116
     107
      94
      89
      95
      92
      91
      90
      96
     107
      95
      90
     111
      79
      96
      90
     102
      96
      90
     120
      99
      86
      76
      90
      91
     101
      82
      95
      91
      79
      81
     109
     105
      92
      95
      95
      91
      78
      82
      70
      87
      87
      92
     102
      77
      97
      80
      81
      81
      96
     100
      71
      84
      91
      74
      89
      70
      91
      76
     103
      91
     105
      92
      96
      75
      96
      77
      86
     103
      90
      88
     103
      89
      89
      86
      70
      81
      69
      83
      74
      91
      88
      92
      83
     101
      84
      86
      79
      74
      82
      84
      85
      96
      86
      80
      65
      70
      83
      87
      81
      80
      98
      91
      82
      95
      79
      66
      75
      75
      72
      74
      88
      89
      80
      97
      70
      70
      76
      74
      79
      92
      88
      83
      77
      85
      73
      87
      77
      77
      94
      86
      98
      75
      85
      79
      76
      81
      79
      70
      68
      64
      92
      85
      67
      99
      65
      73
      83
      89
      67
      70
      88
      76
      78
      72
      87
      68
      66
      77
      68
      72
      83
      64
      72
      68
      75
      81
      80
     103
     101
      98
     104
      85
      87
      65
      73
      74
      84
      74
      67
      67
      78
      66
      79
      75
      65
      83
      64
      69
      81
      50
      78
      78
      79
      81
      56
      72
      79
      72
      83
      74
      65
      73
      85
      80
      69
      67
      78
      74
      64
      65
      83
      59
      73
      68
      82
      72
      62
      79
      62
      73
      64
      84
      57
      79
      64
      68
      78
      58
      80
      76
      67
      58
      70
      61
      77
      62
      80
      62
      79
      83
      61
      70
      71
      77
      61
      61
      70
      66
      60
      63
      79
      60
      79
      83
      74
      67
      62
      71
      56
      68
      67
      70
      65
      73
      65
      67
      69
      65
      82
      77
      66
      66
      83
      73
      69
      68
      67
      70
      66
      73
      68
      73
      61
      63
      61
      70
      59
      62
      54
      59
      62
      62
      77
      49
      61
      62
      73
      58
      64
      65
      53
      72
      75
      62
      65
      81
      68
      71
      60
      63
      59
      60
      65
      56
      63
      69
      70
      66
      58
      85
      62
      62
      61
      59
      65
      69
      49
      52
      52
      61
      58
      63
      59
      64
      72
      77
      60
      65
      77
      57
      56
      63
      45
      66
      49
      74
      61
      61
      63
      69
      64
      74
      50
      74
      76
      53
      49
      64
      55
      53
      63
      65
      46
      56
      77
      68
      83
      56
      51
      53
      61
      46
      56
      68
      63
      61
      58
      73
      58
      51
      48
      54
      53
      60
      69
      66
      69
      65
      48
      57
      56
      55
      58
      57
      60
      48
      52
      43
      47
      59
      62
      63
      56
      54
      59
      58
      56
      55
      65
      54
      46
      45
      57
      55
      76
      55
      48
      51
      60
      55
      63
      64
      62
      65
      65
      52
      69
      68
      55
      59
      68
      60
      58
      45
      48
      50
      62
      59
      56
      59
      58
      66
      56
      55
      42
      64
      55
      56
      60
      68
      51
      47
      46
      47
      49
      54
      57
      53
      60
      65
      53
      62
      65
      59
      53
      47
      58
      54
      42
      45
      55
      53
      63
      49
      46
      57
      61
      63
      63
      69
      65
      65
      50
      63
      41
      60
      55
      55
      62
      60
      62
      58
      61
      35
      43
      63
      49
      54
      56
      53
      49
      53
      49
      52
      54
      48
      57
      56
      41
      60
      60
      59
      54
      50
      52
      49
      57
      57
      52
      53
      54
      60
      64
      53
      55
      60
      51
      59
      54
      58
      46
      56
      42
      57
      57
      67
      46
      48
      41
      48
      65
      44
      54
      47
      48
      44
      48
      48
      52
      64
      41
      55
      58
      60
      69
      42
      37
      59
      40
      50
      57
      55
      41
      42
      59
      58
      47
      37
      51
      40
      50
      67
      55
      50
      50
      50
      37
      46
      63
      45
      55
      44
      44
      43
      45
      49
      54
      42
      46
      46
      49
      49
      47
      41
      53
      32
      38
      50
      66
      65
      47
      57
      61
      50
      52
      44
      37
      36
      51
      54
      47
      45
      59
      44
      47
      55
      41
      68
      42
      56
      57
      46
      64
      42
      55
      48
      48
      43
      54
      43
      58
      37
      48
      43
      52
      37
      49
      54
      53
      40
      37
      42
      47
      53
      51
      44
      44
      55
      49
      47
      44
      48
      45
      62
      62
      33
      47
      52
      55
      53
      46
      38
      49
      48
      57
      50
      41
      41
      43
      48
      50
      43
      35
      47
      35
      41
      41
      33
      39
      43
      47
      49
      31
      56
      47
      54
      36
      47
      47
      44
      47
      46
      43
      52
      43
      43
      43
      48
      48
      45
      51
      37
      45
      43
      51
      34
      40
      41
      40
      40
      43
      46
      43
      36
      41
      47
      42
      42
      41
      35
      46
      48
      47
      39
      51
      27
      44
      47
      44
      42
      36
      26
      45
      38
      47
      35
      47
      55
      45
      33
      48
      40
      38
      42
      43
      42
      29
      50
      41
      43
      38
      33
      40
      30
      39
      33
      39
      55
      56
      46
      52
      36
      40
      44
      36
      38
      40
      46
      44
      36
      48
      31
      40
      41
      50
      42
      33
      37
      37
      48
      38
      51
      29
      46
      47
      42
      41
      37
      32
      39
      32
      39
      31
      42
      33
      36
      27
      41
      50
      32
      22
      38
      31
      45
      39
      36
      36
      28
      47
      45
      30
      26
      42
      35
      44
      48
      37
      25
      30
      38
      46
      37
      40
      33
      36
      41
      36
      41
      37
      44
      26
      41
      39
      40
      36
      35
      37
      32
      37
      43
      32
      35
      27
      30
      46
      41
      33
      35
      28
      42
      36
      37
      43
      30
      47
      41
      26
      36
      51
      30
      38
      34
      36
      28
      33
      33
      28
      40
      32
      34
      44
      40
      29
      46
      39
      42
      32
      38
      25
      27
      38
      36
      46
      28
      36
      39
      34
      27
      23
      39
      38
      38
      30
      37
      42
      35
      48
      25
      27
      45
      36
      40
      24
      30
      40
      36
      26
      37
      33
      29
      37
      42
      38
      31
      33
      28
      31
      30
      25
      39
      23
      39
      42
      31
      40
      37
      44
      28
      38
      38
      37
      40
      43
      30
      36
      37
      32
      35
      32
      24
      31
      30
      30
      33
      38
      34
      39
      41
      26
      27
      41
      29
      36
      34
      42
      35
      30
      25
      37
      36
      24
      38
      38
      23
      36
      31
      40
      32
      32
      30
      31
      24
      38
      33
      32
      36
      39
      40
      34
      29
      35
      29
      36
      26
      26
      30
      32
      35
      27
      26
      37
      33
      29
      30
      27
      33
      34
      33
      27
      37
      36
      29
      38
      35
      33
      23
      28
      26
      30
      47
      29
      30
      31
      27
      37
      26
      33
      22
      30
      30
      22
      35
      37
      22
      33
      37
      43
      35
      36
      38
      26
      35
      29
      27
      35
      49
      32
      31
      32
      23
      25
      41
      31
      28
      26
      35
      30
      28
      19
      30
      21
      27
      29
      25
      27
      15
      39
      25
      29
      24
      31
      32
      19
      28
      18
      22
      26
      28
      26
      26
      35
      27
      24
      33
      23
      28
      25
      33
      28
      29
      35
      28
      20
      32
      30
      27
      21
      28
      25
      27
      30
      32
      30
      33
      34
      24
      26
      26
      27
      32
      28
      22
      43
      26
      28
      24
      25
      30
      28
      30
      33
      27
      21
      27
      21
      31
      23
      30
      29
      23
      20
      25
      36
      27
      26
      28
      16
      21
      23
      30
      27
      34
      28
      26
      29
      20
      26
      30
      22
      18
      30
      21
      18
      27
      17
      31
      42
      30
      38
      31
      27
      34
      22
      24
      26
      33
      24
      30
      19
      28
      27
      30
      21
      23
      31
      23
      23
      24
      24
      34
      27
      29
      28
      37
      17
      32
      20
      19
      24
      22
      24
      22
      21
      23
      22
      31
      19
      20
      26
      23
      18
      19
      19
      13
      26
      22
      23
      22
      16
      19
      25
      29
      21
      29
      16
      21
      23
      27
      20
      19
      23
      26
      23
      29
      26
      19
      17
      22
      27
      26
      12
      26
      18
      30
      19
      23
      24
      16
      19
      18
      24
      32
      19
      23
      22
      22
      30
      19
      24
      22
      28
      19
      24
      29
      24
      16
      17
      29
      19
      33
      18
      22
      25
      17
      22
      24
      19
      17
      17
      20
      19
      25
      26
      16
      15
      15
      18
      21
      25
      17
      25
      19
      21
      15
      23
      28
      24
      28
      24
      20
      29
      22
      20
      16
      18
      13
      24
      18
      17
      28
      23
      23
      20
      18
      13
      19
      21
      15
      25
      29
      21
      14
      24
      22
      30
      18
      21
      21
      19
      20
      14
      14
      20
      17
      17
      25
      14
      25
      20
      22
       8
      26
      15
      27
      21
      22
      17
      21
      18
      18
      18
      16
      15
      23
      12
      22
      17
      26
      14
      23
      25
      23
      19
      12
      14
      27
      19
      24
      18
      17
      16
      22
      20
      19
      23
      28
      18
      22
      16
      17
      18
      21
      23
      20
      23
      28
      15
      12
      12
      29
      23
      23
      13
      28
      26
      25
      17
      19
      17
      27
      13
      22
       8
      22
      24
      17
      24
      22
      22
      14
      24
      19
      23
      19
      19
      23
      21
      17
      15
      20
      23
      13
      19
      24
      14
      16
      17
      22
      23
      16
      20
      17
      13
      14
      23
      31
      17
      18
      16
      13
      23
      21
      19
      17
       9
      22
      13
      19
      29
      29
      16
      13
      19
      20
      11
      12
      15
      20
      22
      14
      14
      10
      18
      16
      18
      12
       9
      22
      20
      19
      19
      14
      13
      21
       9
      18
      14
       9
      11
      20
      19
      16
      22
      22
      11
       6
      17
      22
      13
      22
      15
      17
      14
      16
      20
      10
      22
      16
      18
      15
      13
      24
      10
      24
      16
      10
      19
      17
      25
      14
      16
      19
      18
      15
      18
      15
      13
      14
      13
      12
      15
      14
      18
      18
      10
       8
      18
      16
      13
      14
      11
      13
      12
      18
      14
      11
      17
      21
      17
      15
      20
      26
      17
      17
      21
      18
      18
      20
      16
      15
      17
      10
      14
      12
      12
      13
      13
      11
      17
      12
      18
      16
      17
      13
      12
       9
      19
      20
      15
      12
      16
      10
       9
      20
      16
      12
      10
      17
      13
      10
      13
      20
      18
       9
      10
      14
      15
       8
      11
      11
      11
       7
      12
      17
      14
      11
      13
      16
      11
       7
      10
      16
      20
      14
      12
      14
      16
      13
      11
      13
       8
      13
      11
       7
      14
      11
      19
      14
      15
      16
      15
      19
      19
      13
      15
      13
      10
      22
      15
      11
      15
      17
      11
      13
       8
      18
      15
      11
       6
       6
       8
       6
       8
      11
      11
       5
       6
       9
      14
      10
      12
       8
       6
       9
       6
       7
       9
      10
       8
      10
      14
      11
      13
       4
       6
       5
       7
       9
      10
      15
       8
      13
      12
       5
      11
       7
      13
      16
       6
      11
       8
       6
       6
       7
       7
       6
      15
       6
       6
       8
       7
      12
       7
      14
      13
      14
       5
      11
       8
       7
       9
       6
      10
       6
       5
       9
      10
       9
       6
       6
       6
       6
       7
       8
       7
       6
       7
      11
      10
      17
      11
       6
       7
      13
      11
       6
       8
       6
      12
      10
       7
      11
       5
       6
       7
       7
      11
      10
       6
      12
      11
      15
       5
       7
       5
       2
       9
       8
      15
      12
       7
       3
       7
       6
       7
      14
      10
       5
       6
       7
       5
       7
       2
      11
       8
      10
       8
       9
      12
       7
       9
       6
      11
      10
       2
       5
      14
       7
       6
       4
      11
       5
       7
       9
       2
       8
       7
      13
       8
       1
       4
       6
       7
      10
       8
      10
       9
       7
       7
       8
       7
       5
       4
       2
       8
       9
       4
       8
       7
      13
      11
       7
       8
       5
       8
      12
       6
       8
       6
      10
       8
       6
       5
       5
       8
       3
       2
       8
       5
       5
       6
       6
       3
       8
       3
      11
       6
       7
       9
       9
       6
      11
       9
       5
       5
      14
       8
      10
       5
       8
       5
       6
      11
      11
       9
      11
       6
       9
       9
      11
       7
       4
      11
       7
      11
       4
      11
       7
       9
      10
       9
      15
       8
       6
      13
      10
      12
       3
       9
       8
      10
       5
      10
      20
      15
      15
      27
      33
      39
      46
      59
      50
      45
      33
      22
       9
       8
       9
       4
       1
       4
       4
       2
       6
       6
       5
       4
       2
       0
       5
       5
       4
       2
       7
       4
       7
       6
       5
       6
       6
       6
       2
       2
       4
       6
       5
       7
       5
       3
       4
       8
       5
       4
       2
       3
       6
       3
       1
       5
       4
       4
       7
       1
       2
       4
       2
       2
       3
       3
       4
       2
       2
       5
       2
       6
       6
       1
       7
       2
       3
       1
       2
       1
       4
       2
       1
       1
       7
       5
       8
       6
       3
       6
       4
       2
       8
       2
       4
       3
       2
       4
       1
       5
       4
       1
       0
       1
       4
       3
       2
       3
       7
       5
       3
       4
       7
       7
       4
       3
       3
       1
       3
       4
       1
       2
       3
       1
       4
       0
       1
       3
       1
       3
       1
       8
       4
       3
       3
       1
       3
       5
       4
       1
       0
       6
       5
       5
       3
       2
       3
       2
       5
       3
       6
       9
       2
       2
       2
       3
       5
       9
       3
       5
       1
       2
       2
       2
       0
       3
       5
       7
       3
       2
       2
       2
       6
       3
       3
       1
       2
       3
       2
       2
       6
       3
       4
       3
       5
       2
       9
      10
       3
       3
       2
       2
       3
       3
       2
       4
       3
       5
       4
       2
       5
       3
       5
       3
       6
       3
       3
       1
       4
       7
       0
       2
       4
       5
       4
       3
       0
       3
       3
       1
       2
       1
       2
       4
       5
       2
       1
       5
       6
       6
       2
      10
       9
       6
       5
       3
       2
       4
       3
       0
       2
       7
       4
       5
       5
       5
       2
       4
       2
       4
       5
       1
       1
       5
       3
       2
       2
       4
       5
       3
       6
       7
       4
      12
       6
       6
      11
       7
       6
       4
       3
       2
       1
       2
       3
       1
       3
       1
       4
       5
       3
       1
       3
       2
       1
       5
       4
       3
       5
       1
       0
       1
       1
       3
       0
       1
       2
       0
       3
       5
       1
       1
       0
       3
       1
       4
       1
       2
       3
       2
       1
       1
       1
       0
       3
       1
       3
       3
       3
       1
       2
       5
       4
       2
       0
       2
       2
       1
       0
       1
       1
       3
       2
       2
       2
       3
       2
       3
       4
       0
       6
       0
       1
       1
       0
       1
       2
       1
       1
       3
       2
       1
       0
       0
       3
       1
       1
       1
       1
       2
       2
       3
       1
       0
       2
       1
       0
       1
       0
       1
       1
       0
       2
       4
       3
       2
       0
       0
       0
       3
       2
       3
       2
       0
       2
       3
       0
       1
       4
       1
       1
       3
       0
       2
       4
       1
       3
       2
       1
       2
       1
       2
       1
       2
       1
       2
       0
       0
       2
       3
       1
       0
       1
       0
       2
       0
       1
       0
       1
       1
       2
       2
       4
       2
       3
       3
       1
       3
       1
       1
       1
       1
       4
       1
       0
       2
       2
       3
       3
       1
       1
       1
       1
       0
       0
       2
       0
       5
       0
       2
       0
       1
       0
       1
       1
       1
       1
       3
       1
       4
       1
       0
       0
       1
       0
       1
       1
       3
       3
       1
       0
       1
       1
       1
       2
       1
       1
       0
       1
       0
       2
       0
       2
       2
       0
       1
       0
       2
       1
       1
       2
       0
       3
       0
       1
       2
       0
       0
       0
       2
       0
       3
       0
       2
       0
       1
       0
       1
       1
       1
       2
       3
       2
       2
       2
       2
       1
       2
       2
       0
       4
       0
       3
       1
       2
       1
       1
       0
       0
       0
       0
       0
       0
       1
       2
       1
       0
       0
       0
       0
       3
       0
       1
       1
       2
       0
       1
       0
       0
       2
       1
       0
       1
       1
       1
       1
       1
       1
       1
       0
       1
       2
       0
       2
       1
       0
       0
       1
       0
       1
       0
       1
       1
       1
       1
       3
       0
       0
       2
       0
       1
       1
       0
       1
       1
       1
       1
       1
       1
       3
       1
       0
       5
       2
       2
       0
       0
       2
       1
       2
       2
       2
       0
       0
       1
       0
       0
       0
       1
       0
       0
       2
       3
       0
       0
       1
       1
       0
       1
       2
       0
       0
       2
       2
       1
       2
       0
       1
       1
       0
       1
       4
       3
       0
       1
       3
       0
       2
       2
       1
       1
       1
       0
       1
       2
       3
       1
       1
       1
       0
       0
       2
       0
       1
       1
       1
       0
       0
       1
       1
       1
       2
       0
       1
       3
       1
       1
       1
       2
       0
       1
       0
       0
       1
       0
       4
       1
       1
       1
       1
       1
       1
       2
       0
       2
       3
       5
       2
       0
       1
       3
       1
       2
       0
       1
       0
       0
       0
       1
       0
       0
       1
       1
       1
       3
       0
       1
       0
       1
       3
       2
       0
       1
       0
       0
       1
       1
       1
       1
       3
       0
       1
       0
       0
       2
       1
       3
       2
       3
       3
       0
       0
       1
       1
       1
       0
       0
       1
       0
       0
       0
       1
       2
       1
       0
       1
       1
       0
       0
       0
       0
       2
       0
       1
       1
       1
       0
       0
       1
       2
       0
       0
       2
       1
       0
       1
       2
       3
       0
       0
       0
       1
       2
       0
       0
       3
       1
       0
       0
       1
       1
       3
       0
       0
       1
       0
       1
       1
       1
       1
       2
       1
       1
       0
       0
       1
       0
       0
       0
       1
       0
       0
       1
       0
       1
       1
       0
       0
       1
       0
       0
       1
       0
       0
       0
       0
       0
       1
       0
       1
       3
       1
       0
       3
       0
       0
       0
       0
       0
       1
       0
       0
       0
       0
       1
       2
       0
       0
       1
       2
       4
       1
       1
       0
       0
       0
       0
       0
       0
       0
       1
       0
       1
       2
       0
       1
       2
       3
       3
       0
       0
       0
       0
       3
       3
       0
       0
       0
       1
       0
       0
       0
       1
       1
       0
       1
       0
       0
       1
       1
       1
       1
       0
       0
       1
       0
       2
       0
       2
       2
       2
       3
       0
       1
       0
       0
       0
       1
       1
       1
       0
       0
       0
       1
       2
       0
       0
       0
       1
       0
       1
       4
       2
       0
       1
       1
       4
       0
       0
       1
       1
       1
       1
       0
       0
       0
       1
       2
       2
       0
       1
       0
       0
       0
       0
       0
       0
       0
       0
       0
       0
       1
       0
       2
       0
       3
       2
       1
       1
       0
       1
       0
       1
       0
       0
       0
       1
       1
       0
       0
       1
       1
       0
       1
       1
       1
       3
       1
       1
       1
       1
       0
       0
       0
       0
       0
       1
       0
       1
       4
       0
       0
       1
       0
       1
       3
       1
       1
       2
       0
       0
       0
       1
       1
       0
       0
       0
       2
       0
       0
       2
       0
       1
       1
       1
       0
       2
       0
       1
       0
       0
       0
       2
       0
       0
       1
       1
       0
       0
       0
       2
       0
       1
       0
       2
       1
       1
       0
       0
       0
       0
       0
       0
       0
       0
       1
       0
       0
       1
       0
       0
       0
       1
       0
       1
       0
       0
       2
       1
       2
       1
       0
       2
       0
       0
       2
       0
       0
       0
       1
       1
       0
       1
       0
       1
       0
       0
       0
       1
       0
       0
       0
       0
       0
       0
       0
       1
       1
       0
       1
       0
       1
       0
       0
       0
       2
       0
       0
       0
       2
       0
       0
       3
       0
       1
       0
       1
       0
       1
       0
       0
       1
       0
       1
       0
       1
       1
       0
       0
       0
       0
       0
       0
       0
       0
       3
       1
       0
       0
       1
       1
       1
       0
       0
       1
       1
       1
       0
       0
       0
       1
       1
       0
       0
       1
       0
       0
       0
       2
       0
       0
       0
       1
       1
       0
       0
       2
       1
       0
       0
       0
       0
       1
       0
       2
       0
       0
       1
       1
       0
       0
       1
       0
       0
       1
       0
       0
       2
       0
       0
       1
       0
       0
       0
       0
       0
       2
       0
       0
       0
       0
       0
       0
       0
       1
       0
       1
       0
       0
       0
       0
       0
       2
       1
       2
       0
       0
       0
       1
       0
       0
       0
       0
       0
       0
       0
       0
       0
       1
       0
       0
       0
       0
       0
       1
       0
       0
       0
       0
       0
       1
       0
       1
       0
       1
       0
       2
       3
       0
       0
       2
       0
       0
       1
       0
       1
       0
       0
       0
       1
       1
       0
       1
       0
       0
       0
       0
       1
       0
       0
       1
       0
       1
       0
       0
       1
       0
       0
       0
       1
       0
       2
       0
       0
       0
       0
       1
       0
       0
       0
       0
       0
       0
       0
       0
       2
       1
       0
       1
       0
       0
       1
       0
       0
       0
       0
       0
       0
       0
       0
       0
       1
       0
       1
       1
       0
       0
       0
       0
       0
       0
       1
       0
       0
       0
       0
       0
       1
       0
       0
       0
       0
       2
       0
       0
       0
       0
       0
       0
       1
       0
       0
       0
       0
       0
       0
       2
       1
       1
       1
       0
       0
       1
       0
       1
       0
       0
       0
       0
       0
       1
       0
       0
       0
       0
       0
       0
       1
       1
       0
       0
       0
       0
       0
       0
       0
       1
       0
       1
       2
       0
       0
       1
       0
       0
       0
       1
       0
       0
       1
       0
       0
       1
       1
       0
       0
       0
       0
       0
       0
       0
       0
       0
       0
       0
       1
       0
       1
       0
       1
       0
       0
       0
       0
       0
       0
       0
       0
       1
       0
       0
       0
       0
       0
       0
       0
       0
       0
       0
       0
       1
       0
       1
       0
       0
       0
       1
       0
       1
       0
       0
       0
       1
       0
       0
       2
       0
       0
       1
       0
       0
       0
       0
       0
       0
       0
       1
       0
       0
       0
       1
       0
       0
       0
       0
       0
       0
       0
       0
       0
       0
       0
       0
       0
       0
       0
       0
       1
       0
       0
       0
       0
       0
       0
       0
       0
       0
       0
       0
       1
       0
       0
       0
       0
       0
       0
       0
       0
       2
       0
       0
       1
       0
       0
       1
       0
       0
       2
       0
       0
       0
       0
       0
       0
       1
       0
       1
       0
       0
       0
       0
       1
       1
       0
       0
       0
       0
       0
       0
       0
       0
       2
       0
       0
       2
       0
       0
       0
       0
       0
       1
       0
       0
       0
       0
       0
       1
       0
       0
       0
       0
       0
       0
       0
       0
       0
       0
       0
       0
       0
       0
       0
       2
       0
       0
       0
       1
       0
       0
       0
       1
       0
       0
       1
       0
       0
       0
       1
       0
       0
       0
       0
       0
       0
       0
       0
       0
       0
       0
       1
       0
       0
       0
       0
       0
       0
       0
       0
       0
       0
       1
       0
       0
       0
       0
       1
       0
       0
       0
       1
       0
       0
       0
       0
       0
       1
       0
       0
       0
       0
       0
       1
       0
       0
       0
       0
       0
       0
       0
       0
       0
       0
       0
       0
       0
       0
       0
       0
       0
       0
       0
       0
       0
       0
       0
       0
       0
       0
       2
       0
       0
       0
       1
       1
       0
       0
       0
       1
       0
       0
       0
       0
       0
       0
       0
       0
       0
       0
       0
       0
       0
       0
       0
       0
       0
       0
       0
       0
       0
       0
       0
       0
       0
       0
       0
       0
       0
       0
       0
       0
       1
       0
       1
       0
       0
       0
       0
       0
       0
       0
       0
       0
       0
       0
       1
       0
       1
       0
       0
       1
       0
       1
       0
       0
       0
       1
       0
       0
       0
       0
       0
       0
       0
       0
       0
       0
       0
       1
       0
       1
       0
       0
       0
       0
       0
       0
       0
       0
       0
       0
       1
       0
       0
       0
       1
       0
       0
       0
       0
       0
       0
       0
       0
       0
       0
       0
       0
       0
       0
       0
       0
       0
       0
       0
       0
       0
       0
       0
       0
       1
       0
       0
       0
       0
       1
       0
       0
       0
       0
       0
       0
       0
       0
       0
       0
       0
       0
       1
       0
       1
       0
       0
       0
       0
       0
       0
       0
       0
       0
       0
       0
       1
       0
       0
       0
       0
       0
       0
       0
       1
       0
       0
       0
       0
       0
       0
       0
       0
       1
       0
       0
       0
       0
       0
       0
       0
       0
       0
       0
       0
       0
       0
       0
       0
       0
       0
       0
       0
       0
       0
       0
       2
       0
       0
       0
       0
       0
       0
       0
       0
       0
       0
       0
       0
       0
       0
       0
       0
       0
       0
       0
       0
       0
       0
       0
       0
       0
       0
       0
       0
       0
       0
       0
       0
       1
       0
       0
       0
       0
       0
       0
       0
       0
       0
       0
       0
       0
       0
       0
       0
       0
       0
       0
       0
       0
       0
       0
       0
       0
       0
       0
       0
       0
       0
       0
       0
       0
       0
       0
       0
       0
       0
       0
       0
       0
       0
       0
       0
       0
       0
       0
       0
       0
       0
       0
       0
       0
       0
       0
       0
       0
       0
       0
       0
       0
       0
       0
       0
       0
       0
       0
       3
       0
       0
       0
       0
       0
       0
       0
       0
       0
       1
       0
       0
       0
       0
       1
       0
       0
       1
       0
       0
       1
       1
       0
       0
       0
       0
       0
       1
       0
       1
       0
       0
       0
       0
       1
       1
       0
       0
       0
       1
       0
       0
       0
       0
       0
       0
       0
       0
       0
       0
       0
       0
       0
       0
       0
       0
       0
       0
       0
       0
       0
       0
       0
       0
       0
       0
       0
       0
       0
       0
       0
       0
       0
       0
       0
       0
       0
       0
       0
       0
       0
       0
       0
       0
       0
       0
       0
       0
       1
       0
       0
       0
       0
       0
       0
       0
       0
       0
       0
       0
       0
       0
       0
       0
       0
       0
       0
       0
       1
       0
       1
       0
       0
       0
       0
       0
       0
       0
       0
       0
       0
       0
       0
       0
       0
       0
       0
       0
       0
       0
       0
       0
       0
       0
       0
       0
       0
       0
       0
       0
       0
       0
       0
       0
       0
       0
       0
       0
       0
       0
       1
       0
       0
       0
       0
       0
       0
       0
       0
       0
       0
       0
       0
       1
       0
       0
       0
       0
       0
       0
       0
       0
       0
       0
       1
       0
       0
       0
       0
       0
       0
       0
       0
       0
       0
       0
       0
       0
       0
       0
       0
       0
       0
       0
       1
       0
       0
       0
       0
       0
       0
       0
       0
       0
       0
       0
       0
       0
       0
       0
       0
       0
       0
       0
       0
       0
       1
       0
       0
       0
       0
       0
       0
       0
       0
       0
       0
       0
       1
       0
       0
       0
       0
       0
       0
       0
       0
       0
       0
       0
       0
       0
       0
       0
       0
       0
       0
       0
       0
       0
       0
       0
       0
       0
       0
       0
       0
       0
       0
       0
       0
       0
       0
       0
       0
       0
       0
       0
       0
       0
       0
       0
       0
       0
       0
       0
       1
       0
       0
       1
       0
       0
       0
       0
       0
       0
       0
       0
       0
       0
       0
       0
       1
       0
       0
       0
       0
       0
       0
       0
       0
       0
       0
       0
       0
       0
       0
       0
       0
       0
       0
       0
       0
       0
       0
       0
       0
       0
       0
       0
       0
       0
       0
       0
       0
       0
       0
       0
       0
       0
       0
       0
       0
       0
       0
       0
       0
       0
       0
       0
       0
       0
       0
       0
       0
       0
       0
       0
       0
       0
       1
       0
       0
       0
       0
       0
       0
       0
       0
       0
       0
       0
       0
       0
       0
       0
       0
       0
       0
       0
       0
       0
       0
       1
       0
       0
       0
       0
       0
       0
       0
       0
       0
       0
       0
       0
       1
       0
       0
       0
       0
       0
       0
       0
       0
       0
       0
       0
       0
       0
       0
       0
       0
       0
       0
       0
       0
       0
       0
       0
       0
       0
       0
       0
       0
       0
       0
       0
       0
       0
       0
       0
       0
       0
       0
       0
       0
       0
       0
       0
       0
       0
       0
       0
       0
       0
       0
       0
       0
       0
       0
       0
       0
       0
       0
       0
       0
       0
       0
       0
       0
       0
       0
       0
       0
       0
       0
       0
       0
       0
       0
       0
       0
       0
       0
       0
       0
       0
       0
       0
       0
       0
       0
       0
       0
       0
       0
       0
       0
       0
       0
       0
       0
       0
       0
       0
       0
       0
       0
       0
       0
       0
       0
       0
       0
       0
       0
       0
       0
       0
       0
       0
       0
       0
       0
       0
       0
       0
       0
       0
       0
       1
       0
       0
       0
       0
       0
       0
       0
       0
       0
       0
       0
       0
       0
       0
       0
       0
       0
       0
       0
       0
       0
       0
       0
       0
       0
       0
       0
       0
       0
       0
       0
       0
       0
       0
       0
       0
       0
       0
       0
       0
       0
       0
       0
       0
       0
       0
       0
       0
       0
       0
       0
       0
       0
       0
       0
       0
       0
       0
       0
       0
       0
       0
       0
       0
       0
       0
       0
       0
       0
       0
       0
       0
       0
       0
       0
       0
       0
       0
       0
       0
       0
       0
       0
       0
       0
       0
       0
       0
       0
       0
       0
       0
       0
       0
       0
       0
       0
       0
       0
       0
       0
       0
       0
       0
       0
       0
       0
       0
       0
       0
       0
       0
       0
       0
       0
       0
       0
       0
       0
       0
       0
       0
       0
       0
       0
       0
       0
       0
       0
       0
       1
       0
       0
       0
       0
       0
       0
       0
       0
       0
       0
       0
       0
       0
       0
       0
       0
       0
       0
       0
       0
       0
       0
       0
       0
       2
       0
       0
       0
       0
       0
       0
       0
       0
       0
       0
       0
       0
       0
       0
       0
       0
       0
       0
       0
       0
       0
       0
       0
       0
       0
       0
       0
       0
       0
       0
       0
       0
       0
       0
       0
       0
       0
       0
       0
       0
       0
       0
       0
       0
       0
       0
       0
       0
       0
       0
       0
       0
       0
       0
       0
       0
       0
       0
       0
       0
       0
       0
       0
       0
       0
       0
       0
       0
       0
       0
       0
       0
       0
       0
       0
       0
       1
       0
       0
       0
       0
       0
       0
       0
       0
       0
       0
       0
       0
       0
       0
       0
       0
       0
       0
       0
       0
       0
       0
       0
       0
       0
       0
       0
       0
       0
       0
       0
       0
       0
       0
       0
       0
       0
       0
       0
       0
       0
       0
       0
       0
       0
       1
       0
       0
       0
       0
       0
       0
       0
       0
       0
       0
       0
       0
       0
       0
       0
       0
       0
       1
       0
       0
       0
       0
       0
       0
       0
       0
       0
       0
       0
       0
       0
       0
       0
       0
       0
       0
       0
       0
       0
       0
       0
       0
       0
       0
       0
       0
       0
       0
       0
       0
       0
       0
       0
       0
       0
       0
       0
       0
       0
       0
       0
       0
       0
       0
       0
       0
       0
       0
       1
       0
       0
       0
       0
       0
       0
       0
       0
       0
       0
       0
       0
       0
       0
       0
       0
       0
       0
       0
       0
       0
       0
       0
       0
       0
       0
       0
       0
       0
       0
       0
       0
       0
       0
       0
       0
       0
       0
       0
       0
       0
       0
       0
       0
       0
       0
       0
       0
       0
       0
       0
       0
       0
       0
       0
       0
       0
       0
       0
       0
       0
       0
       0
       0
       0
       0
       0
       0
       0
       0
       0
       0
       0
       0
       0
       1
       0
       0
       0
       0
       0
       0
       0
       0
       0
       0
       0
       0
       0
       0
       0
       0
       0
       0
       0
       0
       0
       0
       0
       0
       0
       0
       0
       0
       0
       0
       0
       0
       0
       0
       0
       0
       0
       0
       0
       0
       0
       0
       0
       0
       0
       0
       0
       0
       0
       0
       0
       0
       0
       0
       0
       0
       0
       0
       0
       0
       0
       0
       0
       0
       0
       0
       0
       0
       0
       0
       0
       0
       0
       0
       0
       0
       0
       0
       0
       0
       0
       0
       0
       0
       0
       0
       0
       0
       0
       0
       0
       0
       0
       0
       0
       0
       0
       0
       0
       0
       0
       0
       0
       0
       0
       0
       0
       0
       0
       0
       0
       0
       0
       0
       0
       0
       0
       0
       0
       0
       0
       0
       0
       0
       0
       0
       0
       0
       0
       0
       0
       0
       0
       0
       0
       0
       0
       0
       0
       0
       0
       0
       0
       0
       0
       0
       0
       0
       0
       0
       0
       0
       0
       0
       0
       0
       0
       0
       0
       0
       0
       0
       0
       0
       0
       0
       0
       0
       0
       0
       0
       0
       0
       0
       0
       0
       0
       0
       0
       0
       0
       0
       0
       0
       0
       0
       0
       0
       0
       0
       0
       0
       0
       0
       0
       0
       0
       0
       0
       0
       0
       0
       0
       0
       0
       0
       0
       0
       0
       0
       0
       0
       0
       0
       0
       0
       0
       0
       0
       0
       0
       0
       0
       0
       0
       0
       0
       0
       0
       0
       0
       0
       0
       0
       0
       0
       0
       0
       0
       0
       0
       0
       0
       0
       0
       0
       0
       0
       0
       0
       0
       0
       0
       0
       0
       0
       0
       0
       0
       0
       0
       0
       0
       0
       0
       0
       0
       0
       0
       0
       0
       0
       0
       0
       0
       0
       0
       0
       0
       0
       0
       0
       0
       0
       0
       0
       0
       0
       0
       0
       0
       0
       0
       0
       0
       0
       0
       0
       0
       0
       0
       0
       0
       0
       0
       0
       0
       0
       0
       0
       0
       0
       0
       0
       0
       0
       0
       0
       0
       0
       0
       0
       0
       0
       0
       0
       0
       0
       0
       0
       0
       0
       0
       0
       0
       0
       0
       0
       0
       0
       0
       0
       0
       0
       0
       0
       0
       0
       0
       0
       0
       0
       0
       0
       0
       0
       0
       0
       0
       0
       0
       0
       0
       0
       0
       0
       0
       0
       0
       0
       0
       0
       0
       0
       0
       0
       0
       0
       0
       0
       0
       0
       0
       0
       0
       0
       0
       0
       0
       0
       0
       0
       0
       0
       0
       0
       0
       0
       0
       0
       0
       0
       0
       0
       0
       0
       0
       0
       0
       0
       0
       0
       0
       0
       0
       0
       0
       0
       0
       0
       0
       0
       0
       0
       0
       0
       0
       0
       0
       0
       0
       0
       0
       0
       0
       0
       0
       0
       0
       0
       0
       1
       0
       0
       0
       0
       0
       0
       0
       0
       0
       0
       0
       0
       0
       0
       0
       0
       0
       0
       0
       0
       0
       0
       0
       0
       0
       0
       0
       0
       0
       0
       0
       1
       0
       0
       0
       0
       0
       0
       0
       0
       0
       0
       0
       0
       0
       0
       0
       0
       0
       0
       0
       1
       0
       0
       0
       0
       0
       0
       0
       0
       0
       0
       0
       0
       0
       0
       0
       0
       0
       0
       0
       0
       0
       0
       0
       0
       0
       0
       0
       0
       0
       0
       0
       0
       0
       0
       0
       0
       0
       0
       0
       0
       0
       0
       0
       0
       0
       0
       0
       0
       0
       0
       0
       0
       0
       1
       0
       0
       0
       0
       0
       0
       0
       0
       0
       0
       0
       0
       0
       0
       0
       0
       0
       0
       0
       0
       0
       0
       0
       0
       0
       0
       0
       0
       0
       0
       0
       0
       0
       0
       0
       0
       0
       0
       0
       0
       0
       0
       0
       0
       0
       0
       0
       0
       0
       0
       0
       0
       0
       0
       0
       0
       0
       0
       0
       0
       0
       0
       0
       0
       0
       0
       0
       0
       0
       0
       0
       0
       0
       0
       0
       0
       0
       0
       0
       0
       0
       0
       0
       0
       0
       0
       0
       0
       0
       0
       0
       0
       0
       0
       0
       0
       0
       0
       0
       0
       0
       0
       0
       0
       0
       0
       0
       0
       0
       0
       0
       0
       0
       0
       0
       0
       0
       0
       0
       0
       0
       0
       0
       0
       0
       0
       0
       0
       0
       0
       0
       0
       0
       0
       0
       0
       0
       0
       0
       0
       0
       0
       0
       0
       0
       0
       0
       0
       0
       0
       0
       0
       0
       0
       0
       0
       0
       0
       0
       0
       0
       0
       0
       0
       0
       0
       0
       0
       0
       0
       0
       0
       0
       0
       0
       0
       0
       0
       0
       0
       0
       0
       0
       0
       0
       0
       0
       0
       0
       0
       0
       0
       0
       0
       0
       0
       0
       0
       0
       0
       0
       0
       0
       0
       0
       0
       0
       0
       0
       0
       0
       0
       0
       0
       0
       0
       0
       0
       0
       0
       0
       0
       0
       0
       0
       0
       0
       0
       0
       0
       0
       0
       0
       0
       0
       0
       0
       0
       0
       0
       0
       0
       0
       0
       0
       0
       0
       0
       0
       0
       0
       0
       0
       0
       0
       0
       0
       0
       0
       0
       0
       0
       0
       0
       0
       0
       0
       0
       0
       0
       0
       0
       0
       0
       0
       0
       0
       0
       0
       0
       0
       0
       0
       0
       1
       0
       0
       0
       0
       0
       0
       0
       0
       0
       0
       0
       0
       0
       0
       0
       0
       0
       0
       0
       0
       0
       0
       0
       0
       0
       0
       0
       0
       0
       0
       0
       0
       0
       0
       0
       0
       0
       0
       0
       0
       0
       0
       0
       0
       0
       0
       0
       0
       0
       0
       0
       0
       0
       0
       0
       0
       0
       0
       0
       0
       0
       0
       0
       0
       0
       0
       0
       0
       0
       0
       0
       0
       0
       0
       0
       0
       0
       0
       0
       0
       0
       0
       0
       0
       0
       0
       0
       0
       0
       0
       0
       0
       0
       0
       0
       0
       0
       0
       0
       0
       0
       0
       0
       0
       0
       0
       0
       0
       0
       0
       0
       0
       0
       0
       0
       0
       0
       0
       0
       0
       0
       0
       0
       0
       0
       0
       0
       0
       0
       0
       0
       0
       0
       0
       0
       0
       0
       0
       0
       0
       0
       0
       0
       0
       0
       0
       0
       0
       0
       0
       0
       0
       0
       0
       0
       0
       0
       0
       0
       0
       0
       0
       0
       0
       0
       0
       0
       0
       0
       0
       0
       0
       0
       0
       0
       0
       0
       0
       0
       0
       0
       0
       0
       0
       0
       0
       0
       0
       0
       0
       0
       0
       0
       0
       0
       0
       0
       0
       0
       0
       0
       0
       0
       0
       0
       0
       0
       0
       0
       0
       0
       0
       0
       0
       0
       0
       0
       0
       0
       0
       0
       0
       0
       0
       0
       0
       0
       0
       0
       0
       0
       0
       0
       0
       0
       0
       0
       0
       0
       0
       0
       0
       0
       0
       0
       0
       0
       0
       0
       0
       0
       0
       0
       0
       0
       0
       0
       0
       0
       0
       0
       0
       0
       0
       0
       0
       0
       0
       0
       0
       0
       0
       0
       0
       0
       0
       0
       0
       0
       0
       0
       0
       0
       0
       0
       0
       0
       0
       0
       0
       0
       0
       0
       0
       0
       0
       0
       0
       0
       0
       0
       0
       0
       0
       0
       0
       0
       0
       0
       0
       0
       0
       0
       0
       0
       0
       0
       0
       0
       0
       0
       0
       0
       0
       0
       0
       0
       0
       0
       0
       0
       0
       0
       0
       0
       0
       0
       0
       0
       0
       0
       0
       0
       0
       0
       0
       0
       0
       0
       0
       0
       0
       0
       0
       0
       0
       0
       0
       0
       0
       0
       0
       0
       0
       0
       0
       0
       0
       0
       0
       0
       0
       0
       0
       0
       0
       0
       0
       0
       0
       0
       0
       0
       0
       0
       0
       0
       0
       0
       0
       0
       0
       0
       0
       0
       0
       0
       0
       0
       0
       0
       0
       0
       0
       0
       0
       0
       0
       0
       0
       0
       0
       0
       0
       0
       0
       0
       0
       0
       0
       0
       0
       0
       0
       0
       0
       0
       0
$ROI:
0
$PRESETS:
None
0
0
$ENER_FIT:
3.319389 0.594734
$MCA_CAL:
3
3.319389E+000 5.947341E-001 0.000000E+000 keV
$SHAPE_CAL:
3
2.857754E+000 -1.166080E-003 0.000000E+000
