$SPEC_ID:
No sample description was entered.
$SPEC_REM:
DET# 1
DETDESC# DESKTOP-AKUPN2F Easy-MCA-8k SN 09022236
AP# Maestro Version 7.01
$DATE_MEA:
02/07/2017 09:30:32
$MEAS_TIM:
4534 4816
$DATA:
0 8191
       0
       0
       0
       0
       0
       0
       0
       0
       0
       0
       0
       0
       0
       0
       0
       0
       0
       0
       0
       0
       0
       0
       0
       0
       0
       0
       0
       0
       0
       0
       0
       0
       0
       0
       0
       0
       0
       0
       0
       0
       0
       0
       0
       0
       0
       0
       0
       0
       0
       0
       0
       0
       0
       0
       0
       0
       0
       0
       3
       7
      19
      14
      34
      71
      23
       6
      10
      18
      42
     154
     208
     189
     180
     183
     203
     203
     190
     188
     199
     174
     183
     233
     208
     222
     196
     226
     193
     185
     201
     197
     204
     194
     197
     181
     206
     197
     181
     195
     226
     213
     212
     229
     187
     233
     183
     211
     210
     202
     205
     222
     182
     204
     212
     204
     223
     209
     235
     268
     274
     250
     295
     316
     316
     246
     199
     233
     179
     211
     201
     230
     206
     216
     195
     200
     212
     206
     234
     259
     228
     209
     221
     218
     207
     218
     211
     206
     230
     196
     204
     210
     211
     173
     181
     196
     217
     201
     208
     217
     192
     226
     226
     234
     197
     214
     210
     200
     203
     216
     214
     230
     197
     214
     186
     218
     217
     191
     203
     207
     186
     200
     201
     205
     209
     213
     200
     194
     208
     186
     215
     222
     205
     229
     230
     212
     215
     202
     196
     196
     185
     213
     208
     248
     202
     227
     203
     204
     220
     224
     210
     214
     225
     216
     204
     217
     199
     199
     207
     208
     189
     209
     227
     205
     214
     211
     202
     214
     224
     202
     186
     195
     212
     224
     182
     204
     224
     199
     203
     225
     200
     209
     204
     220
     190
     261
     218
     196
     240
     222
     198
     193
     183
     235
     204
     200
     207
     211
     205
     214
     229
     206
     195
     211
     233
     242
     228
     195
     222
     220
     232
     230
     211
     236
     215
     236
     242
     238
     246
     271
     285
     294
     305
     283
     296
     262
     254
     277
     271
     279
     212
     243
     255
     243
     250
     241
     233
     250
     249
     232
     235
     224
     215
     224
     200
     218
     227
     224
     264
     191
     229
     247
     242
     230
     229
     213
     213
     189
     198
     223
     221
     197
     194
     221
     219
     210
     228
     203
     204
     230
     192
     216
     217
     209
     188
     196
     176
     231
     193
     212
     207
     223
     203
     209
     205
     217
     241
     187
     214
     248
     230
     260
     212
     230
     198
     218
     236
     232
     230
     242
     197
     248
     218
     216
     216
     198
     228
     230
     215
     196
     204
     189
     204
     199
     207
     205
     190
     207
     195
     202
     193
     189
     201
     186
     183
     220
     209
     215
     203
     187
     202
     167
     176
     193
     186
     198
     179
     193
     193
     180
     185
     212
     202
     184
     215
     180
     197
     197
     185
     168
     188
     209
     206
     209
     200
     209
     177
     191
     173
     183
     186
     197
     172
     189
     163
     187
     191
     195
     177
     190
     187
     160
     164
     183
     203
     168
     196
     186
     175
     179
     188
     197
     190
     214
     189
     188
     183
     192
     180
     206
     173
     203
     175
     175
     193
     181
     186
     194
     188
     175
     161
     163
     174
     202
     174
     179
     172
     175
     188
     168
     175
     175
     191
     157
     177
     172
     162
     162
     173
     175
     177
     142
     169
     165
     177
     167
     185
     199
     184
     155
     189
     156
     169
     178
     177
     192
     188
     177
     179
     171
     199
     177
     161
     183
     157
     174
     198
     166
     194
     192
     213
     161
     183
     170
     192
     186
     160
     161
     181
     183
     213
     185
     175
     188
     190
     165
     203
     198
     190
     206
     181
     160
     189
     191
     198
     195
     183
     193
     185
     174
     197
     187
     201
     174
     204
     197
     175
     214
     207
     171
     193
     177
     167
     180
     171
     170
     163
     179
     178
     143
     129
     149
     144
     138
     134
     141
     118
     117
     144
     124
     117
     143
     107
     109
     118
     115
      98
      89
     101
     113
     106
     128
     123
      94
     100
     111
     117
      96
      94
      95
     104
     100
      99
     110
      91
     102
     104
     108
     100
     105
      94
     111
      96
      92
      83
      99
      95
      77
      87
      85
      91
      87
      87
      90
      97
      87
      78
      74
      84
      84
      82
      70
      80
      79
      82
      76
      79
      79
      89
      77
      65
      69
      89
      77
      60
      73
      80
      98
      78
      81
      73
      75
      76
      99
      85
      62
      74
      59
      71
      73
      68
      77
      55
      83
      64
      69
      76
      62
      54
      73
      63
      68
      64
      64
      72
      56
      56
      77
      60
      65
      60
      64
      65
      56
      58
      58
      55
      65
      63
      63
      55
      61
      55
      48
      52
      57
      37
      74
      66
      76
      54
      70
      47
      53
      52
      59
      55
      64
      62
      45
      68
      50
      67
      52
      46
      48
      57
      67
      54
      31
      46
      65
      57
      69
      55
      57
      59
      61
      62
      59
      40
      66
      57
      56
      67
      48
      65
      67
      69
      52
      48
      46
      68
      60
      52
      37
      55
      52
      52
      59
      56
      54
      66
      49
      62
      55
      59
      50
      61
      47
      49
      51
      46
      51
      57
      50
      53
      53
      60
      57
      49
      50
      72
      55
      53
      58
      42
      50
      47
      40
      59
      56
      53
      50
      52
      47
      54
      54
      66
      49
      48
      53
      55
      50
      41
      52
      59
      41
      44
      40
      37
      53
      47
      46
      44
      62
      52
      44
      55
      49
      42
      50
      45
      38
      48
      55
      40
      39
      64
      43
      40
      39
      49
      36
      56
      58
      53
      55
      50
      56
      50
      48
      44
      55
      64
      60
      81
     132
     252
     659
    1354
    2576
    4131
    5225
    5152
    4194
    2578
    1378
     592
     255
     121
      71
      67
      62
      65
      44
      48
      65
      68
      36
      60
      54
      53
      53
      42
      46
      49
      43
      60
      50
      45
      53
      55
      44
      43
      48
      58
      58
      54
      39
      39
      45
      37
      45
      51
      45
      49
      50
      56
      38
      34
      43
      40
      40
      48
      50
      45
      30
      49
      52
      51
      50
      41
      66
      42
      46
      43
      48
      49
      51
      49
      50
      56
      56
      39
      45
      53
      58
      47
      60
      55
      43
      56
      51
      50
      43
      42
      55
      39
      43
      35
      45
      41
      51
      46
      41
      32
      37
      47
      45
      42
      52
      49
      56
      50
      55
      44
      43
      44
      50
      44
      47
      41
      38
      46
      36
      42
      49
      58
      46
      53
      38
      45
      46
      62
      46
      53
      44
      37
      42
      39
      42
      39
      43
      39
      54
      47
      36
      40
      61
      38
      36
      46
      53
      42
      36
      57
      51
      36
      45
      42
      50
      38
      44
      43
      37
      41
      54
      50
      42
      50
      52
      49
      44
      44
      42
      36
      41
      42
      52
      53
      43
      30
      42
      31
      48
      53
      51
      29
      41
      40
      50
      37
      49
      43
      43
      63
      41
      34
      49
      41
      45
      34
      49
      37
      48
      48
      54
      51
      40
      47
      42
      41
      40
      42
      45
      31
      38
      34
      36
      29
      45
      37
      57
      39
      36
      53
      42
      47
      46
      48
      46
      55
      43
      42
      43
      49
      43
      54
      29
      36
      35
      51
      32
      51
      45
      40
      54
      46
      37
      39
      58
      44
      41
      52
      42
      40
      46
      42
      41
      49
      38
      35
      54
      49
      47
      43
      43
      36
      45
      32
      44
      57
      42
      41
      40
      47
      39
      45
      37
      52
      38
      46
      43
      44
      38
      42
      47
      46
      38
      49
      43
      40
      54
      36
      36
      47
      49
      36
      45
      37
      49
      42
      56
      34
      53
      51
      48
      51
      49
      43
      53
      41
      40
      48
      39
      49
      44
      37
      46
      51
      42
      48
      48
      39
      49
      37
      49
      38
      45
      48
      41
      52
      53
      41
      42
      40
      45
      44
      49
      39
      47
      36
      40
      37
      48
      48
      39
      45
      47
      50
      33
      42
      42
      44
      46
      40
      51
      53
      46
      44
      48
      43
      57
      51
      52
      56
      45
      41
      51
      51
      43
      58
      52
      49
      45
      55
      55
      43
      42
      52
      41
      38
      47
      36
      37
      56
      55
      45
      49
      43
      55
      46
      46
      56
      38
      47
      38
      48
      43
      32
      42
      33
      41
      53
      45
      41
      35
      43
      45
      52
      38
      41
      46
      45
      34
      37
      38
      44
      52
      35
      54
      45
      47
      36
      49
      48
      56
      47
      46
      27
      49
      39
      39
      31
      34
      43
      52
      32
      47
      46
      36
      41
      43
      47
      52
      43
      33
      38
      46
      39
      41
      53
      47
      40
      41
      47
      40
      40
      49
      39
      34
      38
      35
      39
      53
      39
      40
      47
      44
      49
      32
      38
      45
      43
      37
      46
      48
      45
      38
      48
      38
      40
      41
      33
      43
      43
      50
      44
      54
      47
      46
      34
      39
      52
      51
      41
      41
      38
      47
      45
      41
      48
      40
      31
      43
      41
      50
      38
      51
      39
      47
      49
      38
      44
      43
      47
      44
      45
      39
      41
      37
      49
      56
      40
      43
      62
      48
      39
      37
      37
      40
      51
      59
      26
      44
      37
      43
      47
      44
      29
      50
      46
      30
      44
      48
      40
      29
      47
      39
      43
      56
      50
      58
      37
      40
      45
      37
      31
      51
      43
      38
      37
      50
      38
      50
      51
      38
      41
      36
      45
      50
      42
      45
      41
      42
      45
      44
      46
      49
      36
      48
      42
      41
      41
      45
      45
      42
      30
      45
      33
      42
      32
      49
      47
      37
      42
      46
      45
      41
      50
      41
      39
      48
      46
      50
      39
      41
      50
      44
      46
      54
      32
      43
      59
      45
      47
      40
      38
      55
      31
      42
      34
      42
      63
      41
      56
      58
      40
      39
      38
      43
      48
      48
      51
      42
      41
      49
      46
      52
      43
      39
      41
      36
      46
      54
      43
      41
      39
      37
      53
      45
      46
      43
      43
      35
      44
      58
      43
      48
      48
      50
      46
      44
      41
      32
      39
      49
      38
      48
      44
      49
      65
      39
      36
      45
      47
      44
      45
      45
      39
      48
      46
      48
      47
      51
      53
      47
      43
      38
      50
      48
      45
      46
      52
      51
      48
      45
      42
      45
      57
      44
      53
      47
      48
      37
      38
      63
      52
      59
      47
      40
      44
      43
      36
      60
      45
      44
      43
      51
      35
      46
      59
      53
      37
      47
      48
      38
      56
      49
      49
      49
      48
      49
      54
      49
      45
      46
      52
      45
      48
      50
      55
      49
      45
      47
      41
      36
      51
      55
      45
      57
      43
      60
      49
      42
      53
      68
      59
      53
      53
      53
      50
      47
      48
      40
      62
      45
      51
      44
      61
      49
      46
      53
      46
      51
      46
      54
      50
      48
      41
      45
      54
      58
      51
      50
      48
      54
      40
      44
      46
      57
      52
      40
      69
      51
      44
      59
      50
      44
      42
      51
      48
      50
      47
      45
      53
      56
      53
      56
      70
      56
      57
      46
      48
      59
      61
      46
      45
      60
      44
      41
      51
      56
      58
      51
      48
      38
      50
      47
      54
      52
      50
      48
      62
      52
      51
      51
      44
      47
      52
      51
      51
      52
      62
      53
      62
      45
      56
      57
      48
      49
      54
      47
      61
      36
      54
      58
      63
      53
      60
      52
      51
      69
      52
      68
      37
      43
      46
      66
      53
      58
      42
      54
      60
      50
      75
      60
      59
      58
      50
      53
      69
      54
      53
      58
      63
      59
      55
      59
      61
      51
      66
      60
      54
      57
      53
      62
      64
      54
      59
      54
      51
      62
      62
      68
      73
      43
      61
      52
      51
      62
      52
      53
      50
      45
      41
      41
      40
      37
      41
      33
      38
      43
      60
      47
      51
      50
      36
      28
      35
      35
      39
      38
      36
      40
      37
      41
      42
      41
      39
      42
      38
      39
      34
      47
      36
      51
      49
      44
      44
      45
      29
      44
      45
      34
      35
      38
      37
      34
      30
      38
      33
      41
      38
      38
      41
      34
      41
      39
      42
      27
      31
      37
      36
      38
      29
      35
      39
      27
      40
      28
      38
      32
      29
      31
      35
      39
      43
      35
      36
      43
      26
      35
      33
      34
      43
      30
      30
      32
      32
      25
      36
      27
      37
      28
      28
      32
      47
      31
      24
      21
      30
      38
      16
      32
      18
      26
      19
      29
      28
      22
      29
      33
      33
      28
      34
      20
      34
      29
      32
      31
      27
      28
      31
      29
      35
      31
      15
      24
      28
      20
      25
      25
      20
      23
      22
      24
      22
      23
      22
      19
      25
      27
      21
      23
      32
      25
      18
      21
      16
      22
      20
      19
      25
      16
      22
      26
      16
      24
      19
      25
      13
      15
      16
      31
      25
      17
      24
      17
      18
      18
      19
      23
      22
      20
      22
      18
      20
      15
      23
      19
      15
      24
      26
      22
      20
      12
      13
      23
      21
      16
      20
      23
      20
      15
      16
      21
      19
      16
      21
      15
      19
      28
      13
      19
      13
      15
      14
      15
      20
      24
      16
      14
      24
      15
      11
      20
      16
      21
      11
      13
      15
      11
      18
      11
      12
      16
      11
      23
      17
      13
      17
      16
      20
      16
      15
      11
      17
      19
      12
      19
      11
      13
      18
      16
      22
      12
      17
      16
       8
       9
      10
      13
      18
      12
      11
      17
      17
      16
      14
      12
      15
      16
      12
      13
      19
      15
      15
      12
      14
      13
       8
      19
      12
      13
      12
       9
      14
      14
      14
      11
       8
      18
       7
      16
      12
      19
      10
      14
      12
      12
      14
      14
      17
      15
      14
      16
       8
      13
      10
      15
       9
      15
      10
      14
      15
      14
      18
      11
      17
      20
      11
      13
      14
       7
      14
      10
      19
      14
      10
       9
      14
      17
       7
      12
      11
       9
      12
      14
      10
       9
      16
       9
      16
      20
       9
      12
       7
      22
      33
      45
     109
     228
     465
     811
    1316
    1716
    1640
    1054
     540
     152
      52
      18
      13
      18
      25
      24
      19
      12
      14
       6
      17
      19
      17
      13
      16
      10
      16
      17
      10
      14
      14
      11
      18
      17
      15
      11
      10
      15
      12
      14
      16
      10
      11
      14
      24
      10
      20
      21
      15
      13
      16
      18
      12
      17
       9
      14
      14
      11
      17
      18
      14
      10
      10
      12
      16
      10
      12
      17
      10
      10
      20
      18
      17
      15
      19
      12
      15
      18
      12
      10
      14
      10
      15
      18
       9
      13
      15
      11
       9
      17
      11
      14
      10
      12
      10
      14
      11
       9
      11
      13
       8
      20
       8
      13
      16
      17
      11
      13
      14
      13
      17
      15
      12
      18
       8
      11
      12
      10
      13
      13
       5
      13
      19
      12
       8
      14
      15
      12
       5
      13
       7
      12
      16
      13
      15
       7
       7
      12
      11
      12
       9
      14
      16
      13
      10
      14
      13
      12
       6
      15
      11
      12
      12
      15
      11
       6
       9
       8
      17
       9
      13
      14
      10
      12
      10
      11
      11
      15
      18
       9
      22
       5
      15
       8
      12
      15
      18
       8
      14
      16
      13
      17
      10
      11
      11
       4
      11
      10
      14
      13
      10
       7
       9
      14
      12
      12
       4
      10
       6
      10
      13
      14
       4
      10
       7
       9
       7
      15
      13
       9
       6
      11
      13
       9
       8
       8
       6
      15
      10
      11
      12
       5
      10
      10
      10
       9
       8
      11
      11
      10
       9
       5
       9
      11
       5
       6
      10
       7
      17
      15
      17
      12
       8
      12
       7
       9
      12
       4
      11
       6
       8
       5
      12
       8
      10
       9
      18
       7
      10
       8
      12
      12
      15
       7
      10
      15
       8
       9
      12
      12
       6
       6
      14
       7
       7
      12
      18
      10
      11
       9
       9
       9
      14
       7
      11
      13
      13
      15
      11
      17
       9
      18
       8
      15
      10
      12
       5
      11
      10
       8
      10
      14
       9
      10
       9
      13
       6
      11
       5
       9
       7
       7
       5
      11
       8
      12
      11
       9
      13
      11
       6
       5
       6
      12
      10
       8
       2
      11
      11
       9
       3
       7
       4
      11
       4
       6
       9
      10
       3
       9
       4
       7
       8
       6
       7
       6
       8
       5
       9
      11
      11
       7
       4
       5
       2
      13
       7
       4
       9
       4
       7
       3
       5
      10
      10
      10
       4
       9
       6
       8
       4
       5
      11
       8
       6
       4
       7
       6
       5
       8
       5
       8
      11
       4
      10
      11
       5
      10
       9
       6
       6
       7
       3
       7
       8
       1
       5
       4
       2
       9
       6
       7
       7
      11
      11
       8
       8
       9
       4
      10
       7
       8
      10
       9
      10
       4
       7
       8
       9
       5
       4
      11
       6
       7
       9
       7
      10
       7
       3
       8
       5
       3
       6
      13
       1
       4
       9
       4
       6
       6
       7
      10
       3
       2
      10
      10
       6
       4
       3
       6
       3
       5
       9
       6
       4
       2
       6
       6
       3
       6
       4
       4
       6
       4
       9
      11
       3
       7
       1
       6
       2
       4
       5
       2
       2
       4
       3
       8
       2
       5
       7
       5
       2
       5
       3
       2
       5
       1
       6
      10
       3
       1
       7
       8
       4
       2
       5
       3
       7
       5
       7
       4
       3
       6
       5
       3
       6
       5
       3
       0
       4
       2
       4
       5
       5
       3
       9
       2
       4
       5
       6
       5
       7
       6
       5
       6
       4
       2
       5
       1
       3
       6
       0
       2
       2
       2
       7
       3
       5
       4
       2
       4
       0
       4
       6
       2
       6
       2
       3
       5
       5
       3
       4
       4
       4
       7
       3
       4
       2
       4
       3
       2
       2
       3
       6
       0
       0
       3
       6
       4
       7
       4
       4
       3
       3
       4
       4
       0
       1
       3
       0
       4
       2
       3
       3
       0
       3
       1
       3
       4
       2
       5
       3
       2
       1
       2
       2
       2
       0
       0
       1
       2
       1
       2
       2
       0
       0
       3
       1
       4
       0
       0
       0
       1
       2
       4
       1
       2
       2
       3
       1
       1
       1
       3
       0
       2
       0
       4
       0
       5
       0
       2
       4
       0
       4
       1
       2
       0
       2
       4
       0
       3
       1
       2
       1
       3
       0
       4
       2
       1
       1
       1
       1
       2
       0
       2
       1
       0
       1
       2
       1
       2
       2
       0
       2
       0
       3
       3
       0
       0
       2
       1
       1
       1
       1
       1
       1
       1
       1
       2
       2
       1
       3
       0
       1
       3
       0
       4
       2
       0
       1
       0
       0
       0
       0
       1
       3
       0
       1
       1
       2
       1
       1
       1
       1
       0
       3
       1
       4
       1
       2
       1
       1
       0
       2
       1
       0
       0
       1
       1
       2
       2
       1
       0
       1
       3
       1
       1
       2
       1
       4
       2
       0
       2
       1
       1
       0
       1
       0
       0
       2
       0
       1
       0
       2
       3
       1
       0
       0
       1
       1
       2
       2
       0
       0
       1
       0
       5
       0
       0
       1
       2
       1
       0
       1
       1
       2
       1
       1
       0
       0
       2
       1
       1
       0
       0
       0
       0
       2
       0
       1
       1
       2
       0
       1
       0
       0
       0
       0
       2
       0
       0
       0
       0
       0
       1
       2
       0
       1
       1
       1
       0
       3
       0
       1
       1
       2
       1
       1
       1
       1
       1
       1
       2
       2
       0
       0
       0
       1
       2
       0
       2
       3
       1
       0
       0
       2
       1
       1
       0
       3
       3
       1
       7
       6
       3
      12
       4
       5
      13
       8
       5
       5
       4
       1
       1
       0
       0
       0
       0
       1
       0
       0
       0
       2
       0
       1
       0
       2
       0
       1
       0
       2
       1
       1
       3
       1
       1
       3
       0
       0
       1
       0
       2
       0
       1
       3
       1
       2
       0
       2
       0
       2
       2
       2
       2
       2
       0
       2
       0
       1
       2
       0
       1
       0
       1
       2
       2
       0
       0
       2
       0
       0
       0
       3
       0
       2
       1
       0
       1
       0
       0
       1
       1
       1
       0
       2
       2
       0
       3
       0
       2
       1
       0
       2
       2
       0
       0
       1
       1
       3
       1
       1
       1
       2
       1
       0
       2
       1
       1
       0
       1
       1
       0
       0
       1
       0
       3
       1
       4
       1
       1
       1
       0
       0
       1
       0
       0
       0
       0
       0
       1
       0
       0
       0
       1
       0
       0
       0
       1
       0
       0
       0
       1
       0
       2
       1
       0
       0
       0
       0
       1
       0
       0
       2
       0
       0
       1
       1
       1
       1
       0
       2
       1
       0
       0
       0
       0
       0
       0
       0
       0
       1
       2
       0
       0
       0
       2
       1
       0
       0
       1
       0
       0
       0
       0
       2
       0
       0
       2
       0
       0
       0
       1
       0
       0
       0
       0
       0
       1
       0
       0
       0
       0
       0
       0
       0
       0
       3
       1
       2
       0
       2
       0
       1
       0
       1
       0
       1
       0
       0
       0
       0
       1
       0
       0
       0
       0
       1
       0
       0
       0
       0
       0
       0
       0
       1
       0
       0
       0
       0
       2
       0
       0
       0
       1
       2
       1
       0
       0
       0
       1
       2
       0
       0
       0
       0
       0
       0
       2
       0
       0
       0
       0
       0
       1
       2
       1
       0
       1
       2
       1
       0
       1
       0
       0
       1
       1
       2
       0
       2
       1
       0
       2
       1
       0
       2
       0
       1
       1
       2
       0
       0
       0
       1
       0
       0
       3
       2
       1
       2
       0
       0
       0
       0
       0
       0
       1
       2
       0
       1
       1
       1
       1
       0
       0
       0
       1
       1
       0
       0
       0
       0
       1
       0
       1
       0
       1
       1
       2
       0
       0
       2
       1
       0
       0
       0
       0
       1
       0
       1
       0
       0
       2
       2
       0
       0
       0
       0
       0
       0
       0
       1
       0
       0
       0
       2
       0
       0
       0
       0
       0
       0
       0
       0
       1
       1
       2
       0
       0
       1
       1
       0
       2
       0
       3
       0
       0
       0
       0
       0
       1
       0
       0
       0
       0
       1
       1
       0
       0
       0
       0
       0
       0
       1
       0
       1
       0
       0
       0
       0
       0
       0
       1
       1
       0
       1
       0
       1
       1
       0
       1
       2
       0
       0
       0
       0
       1
       1
       3
       1
       0
       0
       0
       0
       0
       0
       0
       2
       2
       0
       0
       0
       0
       0
       0
       1
       0
       0
       1
       1
       1
       1
       1
       1
       1
       0
       2
       0
       1
       1
       0
       1
       0
       0
       0
       0
       1
       0
       0
       1
       0
       0
       0
       2
       0
       1
       0
       0
       0
       1
       0
       1
       0
       0
       1
       2
       0
       0
       1
       1
       0
       0
       0
       0
       1
       0
       1
       0
       3
       0
       0
       0
       0
       0
       0
       0
       0
       1
       0
       0
       1
       0
       0
       0
       1
       0
       0
       1
       0
       0
       0
       0
       1
       0
       0
       0
       1
       1
       0
       0
       0
       0
       0
       1
       0
       1
       1
       0
       0
       0
       2
       2
       1
       0
       2
       3
       0
       0
       0
       0
       0
       1
       0
       1
       1
       1
       0
       2
       1
       0
       0
       1
       1
       0
       0
       0
       0
       0
       1
       0
       0
       0
       0
       1
       0
       0
       0
       0
       1
       0
       0
       0
       0
       0
       0
       1
       0
       1
       0
       0
       0
       0
       0
       0
       0
       0
       0
       0
       0
       0
       0
       0
       0
       0
       1
       0
       0
       0
       0
       0
       0
       0
       0
       0
       1
       1
       0
       0
       0
       0
       0
       0
       0
       0
       0
       1
       1
       0
       0
       0
       0
       1
       1
       0
       3
       0
       1
       0
       0
       0
       0
       0
       0
       1
       0
       1
       0
       0
       0
       0
       0
       0
       0
       0
       1
       0
       0
       0
       1
       1
       0
       0
       0
       0
       1
       0
       1
       0
       0
       2
       0
       0
       0
       0
       1
       0
       0
       0
       2
       1
       0
       0
       0
       0
       0
       0
       0
       0
       0
       1
       1
       1
       0
       0
       0
       1
       0
       0
       0
       0
       2
       1
       0
       1
       1
       0
       1
       0
       0
       0
       0
       0
       0
       0
       0
       0
       1
       1
       1
       0
       0
       0
       1
       0
       0
       0
       2
       2
       0
       0
       1
       0
       0
       1
       1
       1
       0
       1
       1
       0
       0
       0
       0
       0
       1
       0
       0
       0
       0
       0
       0
       0
       0
       1
       0
       0
       0
       0
       0
       0
       0
       1
       0
       0
       0
       1
       0
       1
       0
       2
       0
       1
       0
       0
       0
       0
       0
       1
       0
       0
       0
       0
       0
       0
       0
       0
       2
       0
       1
       1
       0
       0
       0
       0
       0
       0
       0
       1
       0
       0
       1
       0
       0
       0
       0
       0
       2
       0
       0
       1
       0
       1
       0
       0
       0
       0
       0
       1
       0
       0
       0
       0
       0
       0
       0
       0
       1
       0
       0
       0
       0
       0
       1
       0
       1
       0
       1
       0
       0
       0
       0
       0
       0
       0
       0
       0
       0
       0
       0
       0
       2
       0
       0
       1
       1
       2
       0
       0
       0
       1
       0
       0
       0
       0
       1
       1
       0
       0
       0
       1
       0
       0
       0
       0
       0
       0
       0
       0
       1
       0
       1
       0
       0
       0
       0
       1
       0
       1
       0
       1
       0
       0
       1
       0
       0
       0
       1
       0
       0
       0
       0
       0
       0
       0
       1
       1
       0
       0
       0
       0
       2
       0
       0
       0
       0
       0
       0
       0
       0
       0
       0
       1
       0
       0
       0
       0
       1
       0
       0
       0
       0
       0
       0
       0
       0
       1
       0
       0
       0
       0
       1
       1
       0
       0
       0
       1
       0
       0
       0
       0
       0
       0
       0
       1
       0
       0
       0
       1
       0
       0
       0
       0
       0
       0
       0
       0
       0
       0
       0
       1
       0
       0
       0
       0
       1
       0
       0
       0
       0
       1
       0
       0
       0
       0
       0
       0
       1
       0
       0
       0
       0
       0
       0
       0
       0
       0
       0
       1
       0
       0
       0
       2
       0
       0
       0
       0
       0
       0
       0
       1
       0
       0
       0
       0
       0
       0
       1
       0
       0
       0
       1
       0
       0
       0
       0
       0
       0
       0
       0
       0
       1
       0
       0
       0
       0
       0
       1
       0
       0
       0
       0
       0
       0
       0
       0
       0
       1
       0
       0
       0
       0
       0
       0
       0
       0
       0
       1
       0
       0
       0
       0
       0
       1
       0
       0
       0
       0
       0
       0
       0
       0
       0
       0
       0
       0
       0
       0
       0
       0
       0
       0
       0
       0
       0
       0
       1
       0
       0
       1
       0
       0
       1
       0
       0
       0
       0
       0
       0
       0
       0
       0
       0
       0
       0
       0
       0
       0
       0
       0
       1
       0
       0
       1
       0
       0
       0
       0
       0
       0
       0
       0
       1
       0
       0
       0
       0
       0
       0
       0
       0
       0
       2
       1
       0
       0
       0
       0
       0
       0
       0
       0
       0
       0
       0
       0
       0
       0
       0
       0
       0
       0
       0
       0
       0
       0
       0
       0
       0
       0
       0
       0
       0
       1
       0
       0
       0
       1
       0
       0
       0
       0
       0
       0
       0
       0
       0
       0
       0
       0
       0
       0
       0
       0
       0
       1
       0
       1
       0
       0
       0
       0
       0
       0
       0
       0
       0
       0
       0
       0
       0
       0
       0
       0
       0
       0
       0
       0
       0
       1
       0
       0
       0
       0
       0
       0
       0
       0
       0
       0
       1
       0
       0
       0
       0
       1
       0
       0
       0
       0
       0
       0
       0
       0
       0
       0
       1
       0
       0
       0
       0
       0
       0
       0
       0
       0
       0
       0
       0
       0
       0
       0
       1
       0
       0
       0
       0
       0
       0
       1
       1
       1
       0
       0
       0
       0
       0
       0
       0
       1
       0
       0
       0
       0
       0
       1
       0
       0
       0
       0
       0
       0
       0
       0
       0
       0
       1
       0
       0
       0
       0
       0
       0
       0
       0
       0
       0
       0
       0
       0
       0
       1
       0
       0
       0
       0
       0
       0
       0
       1
       0
       0
       0
       0
       0
       0
       0
       0
       0
       0
       0
       0
       0
       1
       1
       0
       0
       0
       1
       1
       0
       0
       0
       0
       0
       0
       0
       0
       0
       0
       0
       1
       0
       0
       0
       0
       0
       0
       0
       0
       0
       0
       0
       0
       0
       0
       0
       0
       0
       0
       0
       0
       0
       0
       0
       0
       0
       0
       0
       0
       0
       0
       0
       0
       0
       0
       0
       0
       0
       0
       0
       0
       0
       1
       0
       0
       0
       1
       0
       0
       0
       0
       0
       0
       1
       0
       0
       1
       0
       0
       0
       0
       0
       0
       0
       0
       0
       0
       0
       0
       0
       0
       0
       0
       0
       0
       0
       0
       0
       0
       0
       0
       0
       1
       0
       0
       0
       0
       0
       0
       0
       0
       0
       0
       0
       0
       0
       0
       0
       0
       0
       0
       0
       1
       0
       1
       0
       0
       2
       0
       0
       0
       0
       0
       0
       0
       0
       0
       0
       0
       0
       0
       0
       0
       0
       0
       0
       0
       0
       0
       0
       0
       0
       0
       0
       0
       0
       0
       0
       0
       0
       0
       0
       0
       0
       0
       0
       0
       0
       0
       0
       0
       0
       0
       0
       0
       0
       0
       0
       0
       0
       0
       0
       0
       0
       0
       0
       0
       0
       0
       0
       0
       0
       0
       0
       0
       0
       0
       0
       0
       0
       0
       0
       0
       0
       0
       0
       0
       0
       0
       0
       0
       0
       0
       0
       0
       0
       0
       0
       0
       0
       0
       0
       0
       0
       0
       0
       0
       0
       0
       0
       0
       2
       1
       0
       0
       0
       0
       0
       0
       2
       0
       0
       0
       0
       0
       0
       0
       0
       0
       0
       0
       0
       1
       1
       0
       0
       0
       0
       0
       0
       0
       0
       0
       0
       0
       0
       0
       0
       0
       0
       0
       0
       0
       0
       0
       0
       0
       0
       0
       0
       0
       0
       0
       0
       0
       0
       0
       0
       0
       0
       0
       0
       0
       1
       0
       0
       0
       0
       0
       0
       0
       0
       0
       0
       0
       0
       0
       0
       0
       0
       0
       0
       0
       0
       0
       1
       0
       0
       0
       0
       0
       0
       0
       0
       0
       0
       1
       0
       0
       0
       0
       0
       0
       0
       0
       1
       0
       0
       0
       0
       1
       0
       0
       0
       0
       0
       0
       0
       0
       1
       0
       0
       0
       0
       0
       0
       0
       0
       0
       0
       0
       0
       0
       0
       1
       0
       0
       0
       0
       0
       0
       1
       1
       0
       0
       0
       0
       0
       0
       0
       0
       0
       0
       0
       0
       0
       0
       0
       0
       0
       0
       0
       0
       0
       0
       0
       0
       0
       0
       0
       0
       0
       0
       0
       0
       0
       0
       0
       0
       0
       0
       0
       0
       0
       0
       0
       0
       0
       0
       0
       0
       0
       0
       0
       0
       0
       0
       0
       0
       0
       0
       0
       0
       0
       0
       0
       0
       0
       0
       0
       0
       0
       0
       0
       0
       0
       0
       0
       0
       0
       0
       1
       0
       0
       0
       0
       0
       0
       0
       0
       0
       0
       0
       0
       0
       0
       0
       0
       0
       0
       0
       0
       0
       0
       0
       0
       0
       0
       0
       0
       0
       0
       0
       0
       0
       0
       0
       0
       0
       0
       0
       0
       0
       0
       0
       0
       0
       0
       0
       0
       0
       0
       0
       0
       0
       0
       0
       0
       0
       0
       0
       0
       0
       0
       1
       0
       0
       0
       0
       0
       0
       0
       0
       0
       0
       0
       0
       0
       0
       0
       0
       0
       0
       0
       0
       0
       0
       0
       0
       0
       0
       0
       0
       0
       0
       0
       0
       0
       0
       0
       0
       0
       0
       0
       0
       0
       0
       0
       0
       0
       0
       0
       0
       0
       0
       0
       0
       0
       0
       0
       0
       0
       0
       0
       0
       0
       0
       0
       0
       0
       0
       0
       0
       0
       0
       0
       0
       0
       0
       0
       0
       0
       0
       0
       0
       0
       0
       0
       0
       0
       0
       0
       0
       0
       1
       0
       0
       0
       0
       0
       0
       0
       0
       0
       0
       0
       0
       0
       0
       0
       0
       0
       0
       0
       0
       0
       0
       0
       0
       0
       0
       0
       0
       0
       0
       0
       1
       0
       0
       0
       1
       0
       0
       0
       0
       0
       0
       0
       0
       0
       0
       1
       0
       0
       0
       0
       0
       0
       0
       0
       0
       0
       0
       0
       0
       0
       0
       0
       0
       0
       0
       0
       0
       0
       0
       0
       0
       0
       0
       0
       0
       0
       0
       0
       0
       0
       0
       0
       0
       0
       0
       0
       0
       0
       0
       0
       0
       0
       0
       0
       0
       0
       0
       0
       0
       0
       0
       0
       0
       0
       0
       0
       0
       0
       0
       0
       0
       0
       0
       0
       0
       0
       0
       0
       0
       0
       0
       0
       0
       0
       0
       0
       0
       1
       0
       0
       0
       0
       0
       0
       0
       0
       0
       1
       0
       0
       0
       0
       0
       0
       0
       0
       0
       0
       0
       0
       0
       0
       0
       0
       0
       0
       0
       0
       0
       0
       0
       0
       0
       0
       0
       0
       0
       0
       0
       0
       0
       0
       0
       0
       0
       0
       0
       0
       0
       0
       0
       0
       0
       0
       0
       0
       0
       0
       0
       0
       0
       0
       0
       0
       0
       0
       0
       0
       0
       0
       0
       0
       0
       0
       0
       0
       0
       0
       0
       0
       0
       0
       0
       0
       0
       0
       0
       0
       0
       0
       0
       0
       0
       0
       0
       0
       0
       0
       0
       0
       0
       0
       1
       0
       0
       0
       0
       0
       0
       0
       0
       1
       0
       0
       0
       0
       0
       0
       0
       0
       0
       0
       0
       0
       0
       0
       0
       0
       0
       0
       0
       0
       0
       0
       0
       0
       0
       0
       0
       0
       0
       0
       0
       1
       0
       0
       0
       0
       0
       0
       0
       0
       0
       0
       0
       0
       0
       0
       0
       0
       0
       0
       0
       0
       0
       0
       0
       0
       0
       0
       0
       0
       0
       0
       0
       0
       0
       0
       0
       0
       0
       0
       0
       0
       0
       0
       0
       0
       0
       0
       0
       0
       0
       0
       0
       0
       0
       0
       0
       0
       0
       1
       0
       0
       0
       0
       1
       0
       0
       0
       0
       0
       0
       0
       0
       0
       0
       0
       0
       0
       0
       0
       0
       0
       0
       0
       0
       0
       0
       0
       0
       0
       0
       0
       0
       0
       0
       0
       0
       0
       0
       0
       0
       0
       0
       0
       0
       0
       0
       0
       0
       0
       0
       0
       0
       0
       0
       0
       0
       0
       0
       0
       0
       0
       0
       0
       1
       0
       0
       0
       0
       0
       0
       0
       0
       0
       0
       0
       0
       0
       0
       0
       0
       0
       0
       0
       0
       0
       0
       0
       0
       0
       1
       0
       0
       0
       0
       0
       0
       0
       0
       0
       0
       0
       0
       0
       0
       0
       0
       0
       0
       0
       0
       0
       0
       0
       0
       0
       0
       0
       0
       0
       0
       0
       0
       0
       0
       0
       0
       0
       0
       0
       0
       0
       0
       0
       0
       0
       0
       0
       0
       0
       0
       0
       0
       0
       0
       0
       0
       0
       0
       0
       0
       0
       0
       0
       0
       0
       0
       0
       0
       0
       0
       0
       0
       0
       0
       0
       0
       0
       0
       0
       0
       0
       0
       0
       0
       0
       0
       0
       0
       0
       0
       0
       0
       0
       0
       0
       0
       0
       0
       0
       0
       0
       0
       0
       0
       0
       0
       0
       0
       0
       0
       0
       0
       0
       0
       0
       0
       0
       0
       0
       0
       0
       0
       0
       0
       0
       0
       0
       0
       0
       0
       0
       0
       0
       0
       0
       0
       1
       0
       0
       0
       0
       0
       0
       0
       0
       0
       0
       0
       0
       0
       0
       0
       0
       0
       0
       0
       0
       0
       0
       0
       0
       0
       0
       0
       0
       0
       0
       0
       0
       0
       0
       0
       0
       0
       0
       0
       0
       0
       0
       0
       0
       0
       0
       0
       0
       0
       0
       0
       0
       0
       0
       0
       0
       0
       0
       0
       0
       0
       0
       0
       0
       0
       0
       0
       0
       0
       0
       0
       1
       0
       0
       0
       0
       0
       0
       0
       0
       0
       0
       0
       0
       0
       0
       0
       0
       0
       0
       0
       0
       0
       0
       0
       0
       0
       0
       0
       0
       0
       0
       0
       0
       0
       0
       0
       1
       0
       0
       0
       0
       0
       0
       0
       0
       0
       0
       0
       0
       0
       0
       0
       0
       0
       0
       0
       0
       0
       0
       0
       0
       0
       0
       0
       0
       0
       0
       0
       0
       0
       0
       0
       0
       0
       0
       0
       0
       0
       0
       0
       0
       1
       0
       0
       0
       0
       0
       0
       0
       0
       0
       0
       1
       0
       0
       0
       0
       0
       0
       0
       0
       0
       0
       0
       0
       0
       0
       0
       0
       0
       0
       0
       0
       0
       0
       0
       0
       0
       0
       0
       0
       0
       0
       0
       0
       0
       0
       0
       0
       0
       0
       0
       0
       0
       0
       0
       0
       0
       0
       0
       0
       0
       0
       0
       0
       0
       0
       0
       0
       0
       0
       0
       0
       0
       0
       0
       0
       0
       0
       0
       0
       0
       0
       0
       0
       0
       0
       0
       0
       0
       0
       0
       0
       0
       0
       0
       0
       0
       0
       0
       1
       0
       0
       0
       0
       0
       0
       0
       0
       0
       0
       0
       0
       0
       0
       0
       0
       0
       0
       0
       0
       0
       0
       0
       0
       0
       0
       0
       0
       0
       0
       0
       0
       0
       0
       0
       0
       0
       0
       0
       0
       0
       0
       0
       0
       0
       0
       0
       0
       0
       0
       0
       0
       0
       0
       0
       0
       0
       0
       0
       0
       0
       0
       0
       0
       0
       0
       0
       0
       0
       0
       0
       0
       0
       0
       0
       0
       0
       0
       0
       0
       0
       0
       0
       0
       0
       0
       0
       0
       0
       0
       0
       0
       0
       0
       0
       0
       0
       0
       0
       0
       0
       0
       0
       0
       0
       0
       0
       0
       0
       0
       0
       0
       0
       0
       0
       0
       0
       0
       0
       0
       0
       0
       0
       0
       0
       0
       0
       0
       0
       0
       0
       0
       0
       0
       0
       0
       1
       0
       0
       0
       0
       0
       0
       0
       0
       0
       0
       0
       0
       0
       0
       0
       0
       0
       0
       0
       0
       0
       0
       0
       0
       0
       0
       0
       0
       0
       0
       0
       0
       0
       0
       0
       0
       1
       0
       0
       0
       0
       0
       0
       0
       0
       0
       0
       0
       0
       0
       0
       1
       0
       0
       0
       0
       0
       0
       0
       0
       0
       0
       0
       0
       0
       0
       0
       0
       0
       0
       0
       0
       0
       0
       0
       0
       0
       0
       0
       0
       0
       0
       0
       0
       0
       0
       0
       0
       0
       0
       0
       0
       0
       0
       0
       0
       0
       0
       0
       0
       0
       0
       0
       0
       0
       0
       0
       0
       0
       0
       0
       0
       0
       0
       0
       1
       0
       0
       0
       0
       0
       0
       0
       0
       0
       0
       0
       0
       0
       0
       0
       0
       0
       0
       0
       0
       0
       0
       0
       0
       0
       0
       0
       0
       0
       0
       0
       0
       0
       0
       0
       0
       0
       0
       0
       0
       0
       0
       0
       0
       0
       0
       0
       0
       0
       0
       0
       0
       0
       0
       0
       0
       0
       0
       0
       0
       0
       0
       0
       0
       0
       0
       0
       0
       0
       0
       0
       0
       0
       0
       0
       0
       0
       0
       0
       0
       0
       0
       0
       0
       0
       0
       0
       0
       0
       0
       1
       0
       0
       0
       0
       0
       0
       0
       0
       0
       0
       0
       1
       0
       0
       0
       1
       0
       0
       0
       0
       0
       0
       0
       0
       1
       0
       0
       0
       0
       0
       0
       0
       0
       0
       0
       0
       0
       0
       0
       0
       0
       0
       0
       0
       0
       0
       0
       0
       0
       0
       0
       0
       0
       0
       0
       0
       0
       0
       0
       0
       0
       0
       0
       0
       0
       0
       0
       0
       0
       0
       0
       0
       0
       0
       0
       0
       1
       0
       0
       0
       0
       0
       0
       0
       0
       0
       0
       0
       0
       0
       0
       0
       0
       0
       0
       0
       0
       0
       0
       0
       0
       0
       0
       0
       0
       0
       0
       0
       0
       0
       0
       0
       0
       0
       0
       0
       0
       0
       0
       0
       0
       0
       0
       0
       0
       0
       0
       0
       0
       0
       0
       0
       0
       0
       0
       0
       0
       0
       0
       0
       0
       0
       0
       0
       0
       0
       0
       0
       0
       0
       0
       0
       0
       0
       0
       0
       0
       0
       0
       0
       0
       0
       0
       0
       0
       0
       0
       0
       0
       0
       0
       0
       0
       0
       0
       0
       0
       0
       0
       0
       0
       0
       0
       0
       0
       0
       0
       0
       0
       0
       0
       0
       0
       0
       0
       0
       0
       0
       0
       0
       0
       0
       0
       0
       0
       0
       0
       0
       0
       0
       0
       0
       0
       0
       0
       0
       0
       0
       0
       0
       0
       0
       0
       0
       0
       0
       0
       0
       0
       0
       0
       0
       0
       0
       0
       0
       0
       0
       0
       0
       0
       0
       0
       0
       0
       1
       0
       0
       0
       0
       0
       0
       0
       0
       0
       0
       0
       0
       0
       0
       0
       0
       0
       0
       0
       0
       0
       0
       0
       0
       0
       0
       0
       0
       0
       0
       0
       0
       0
       0
       0
       0
       0
       0
       0
       0
       1
       0
       0
       0
       1
       0
       0
       0
       0
       0
       0
       0
       0
       0
       0
       0
       0
       0
       0
       0
       0
       0
       0
       0
       0
       0
       0
       0
       0
       0
       0
       0
       0
       0
       0
       0
       0
       0
       0
       0
       0
       0
       0
       0
       0
       0
       0
       0
       0
       0
       0
       0
       0
       0
       1
       0
       0
       0
       0
       0
       0
       0
       0
       0
       0
       0
       0
       0
       0
       0
       0
       0
       0
       0
       0
       0
       0
       0
       0
       0
       0
       0
       0
       0
       0
       0
       0
       0
       0
       0
       0
       0
       0
       0
       0
       0
       0
       0
       0
       0
       0
       0
       0
       0
       0
       0
       0
       0
       0
       0
       0
       0
       0
       0
       0
       0
       0
       0
       0
       0
       0
       0
       0
       0
       0
       0
       0
       0
       0
       0
       0
       0
       0
       0
       0
       0
       0
       0
       0
       0
       0
       0
       0
       0
       0
       0
       0
       0
       0
       0
       0
       0
       0
       0
       0
       0
       0
       0
       0
       0
       0
       0
       0
       0
       0
       0
       0
       0
       0
       0
       0
       0
       0
       0
       0
       0
       0
       0
       0
       0
       0
       0
       0
       0
       0
       0
       0
       0
       0
       0
       0
       0
       0
       0
       0
       0
       0
       0
       0
       0
       0
       0
       0
       0
       0
       0
       0
       0
       0
       0
       0
       0
       0
       0
       0
       0
       0
       0
       0
       0
       0
       0
       0
       0
       0
       0
       0
       0
       0
       0
       0
       0
       0
       0
       0
       0
       0
       0
       0
       0
       0
       0
       0
       0
       0
       0
       0
       0
       0
       0
       0
       0
       0
       0
       0
       0
       0
       0
       0
       0
       0
       0
       0
       0
       0
       0
       0
       0
       0
       0
       0
       0
       0
       0
       0
       0
       0
       0
       0
       0
       0
       0
       0
       0
       0
       0
       0
       0
       0
       0
       0
       0
       0
       0
       0
       0
       0
       0
       0
       0
       0
       0
       0
       0
       0
       0
       0
       0
       0
       0
       0
       0
       0
       0
       0
       0
       0
       0
       0
       0
       0
       0
       0
       1
       0
       0
       0
       0
       0
       0
       0
       0
       0
       0
       0
       0
       0
       0
       0
       0
       0
       0
       0
       0
       0
       0
       0
       0
       0
       0
       0
       0
       0
       0
       0
       0
       0
       0
       0
       0
       0
       0
       0
       0
       0
       0
       0
       0
       0
       0
       0
       0
       0
       0
       0
       0
       0
       0
       0
       0
       0
       0
       0
       0
       0
       0
       0
       0
       0
       0
       0
       0
       0
       0
       0
       0
       0
       0
       0
       0
       0
       0
       0
       0
       0
       0
       0
       0
       0
       0
       0
       0
       0
       0
       0
       0
       0
       0
       0
       0
       0
       0
       0
       0
       0
       0
       0
       0
       0
       0
       0
       0
       0
       0
       0
       0
       0
       0
       0
       0
       0
       0
       0
       0
       0
       0
       0
       0
       0
       0
       0
       0
       0
       0
       0
       0
       0
       1
       0
       0
       0
       0
       0
       0
       0
       0
       0
       0
       0
       0
       0
       0
       0
       0
       0
       0
       0
       0
       0
       0
       0
       0
       0
       0
       0
       0
       0
       0
       0
       0
       0
       0
       0
       0
       0
       0
       0
       0
       0
       0
       0
       0
       0
       0
       0
       0
       0
       0
       0
       0
       0
       1
       0
       0
       0
       0
       0
       0
       0
       0
       0
       0
       0
       0
       0
       0
       0
       0
       0
       0
       0
       0
       0
       0
       0
       0
       0
       0
       0
       0
       0
       0
       0
       0
       0
       0
       0
       0
       0
       0
       0
       0
       0
       0
       0
       0
       0
       0
       0
       1
       0
       0
       0
       0
       0
       0
       0
       0
       0
       0
       0
       0
       0
       0
       0
       0
       0
       0
       0
       0
       0
       0
       0
       0
       0
       0
       0
       0
       0
       0
       0
       0
       0
       0
       0
       0
       0
       0
       0
       0
       0
       0
       0
       0
       0
       0
       0
       0
       0
       0
       0
       0
       0
       0
       0
       0
       1
       0
       0
       0
       0
       0
       0
       0
       0
       0
       0
       0
       0
       0
       0
       0
       0
       0
       0
       0
       0
       0
       0
       0
       0
       0
       0
       0
       0
       0
       0
       0
       0
       1
       0
       0
       0
       0
       0
       0
       0
       0
       0
       0
       0
       0
       0
       0
       0
       0
       0
       0
       0
       0
       0
       0
       0
       0
       0
       0
       0
       0
       0
       0
       0
       0
       0
       0
       0
       0
       0
       0
       0
       0
       0
       0
       0
       0
       0
       0
       0
       0
       0
       0
       0
       0
       0
       0
       0
       0
       0
       0
       0
       0
       0
       0
       0
       0
       0
       0
       0
       0
       0
       0
       0
       0
       0
       0
       0
       0
       0
       0
       0
       0
       0
       0
       0
       0
       0
       0
       0
       0
       0
       0
       0
       0
       0
       0
       0
       0
       0
       0
       0
       0
       0
       0
       0
       0
       0
       0
       0
       0
       0
       0
       0
       0
       0
       0
       0
       0
       0
       0
       0
       0
       0
       0
       0
       0
       0
       0
       0
       0
       0
       0
       0
       0
       0
       0
       0
       0
       0
       0
       0
       0
       0
       0
       0
       0
       0
       0
       0
       0
       0
       0
       0
       0
       0
       0
       0
       0
       1
       0
       0
       0
       0
       0
       0
       0
       0
       0
       0
       0
       0
       0
       0
       0
       0
       0
       0
       0
       0
       0
       0
       0
       0
       0
       0
       0
       0
       0
       0
       0
       0
       0
       0
       0
       0
       0
       0
       0
       0
       0
       0
       0
       0
       0
       0
       0
       0
       0
       0
       0
       0
       0
       0
       0
       0
       0
       0
       0
       0
       0
       0
       0
       0
       0
       0
       0
       0
       0
       0
       0
       0
       0
       0
       0
       0
       0
       0
       0
       0
       0
       0
       0
       0
       0
       0
       0
       0
       0
       0
       0
       0
       0
       0
       0
       0
       0
       0
       0
       0
       0
       0
       0
       0
       0
       0
       0
       0
       0
       0
       0
       0
       0
       0
       0
       0
       0
       0
       0
       0
       0
       0
       0
       0
       0
       0
       0
       0
       0
       0
       0
       0
       0
       0
       0
       0
       0
       0
       0
       0
       0
       0
       0
       0
       0
       0
       0
       0
       0
       0
       0
       0
       0
       0
       0
       0
       0
       0
       0
       0
       0
       1
       0
       0
       0
       0
       0
       0
       0
       0
       0
       0
       0
       0
       0
       0
       0
       0
       0
       0
       0
       0
       0
       0
       0
       0
       0
       0
       0
       0
       0
       0
       0
       0
       0
       0
       0
       0
       0
       0
       0
       0
       0
       0
       0
       0
       0
       0
       0
       0
       0
       0
       0
       0
       0
       0
       0
       0
       0
       0
       0
       0
       0
       0
       0
       0
       0
       0
       0
       0
       0
       0
       0
       0
       0
       0
       0
       0
       0
       0
       0
       0
       0
       0
       0
       0
       0
       0
       1
       0
       0
       0
       0
       0
       0
       0
       0
       0
       0
       0
       0
       0
       0
       0
       0
       0
       0
       0
       0
       0
       0
       0
       0
       0
       0
       0
       0
       0
       0
       0
       0
       0
       0
       0
       0
       0
       1
       0
       0
       0
       1
       0
       0
       0
       0
       0
       0
       0
       0
       0
       0
       0
       0
       0
       0
       1
       0
       0
       0
       0
       0
       0
       0
       0
       0
       0
       0
       0
       0
       0
       0
       0
       0
       0
       0
       0
       0
       0
       0
       0
       0
       0
       0
       0
       0
       0
       0
       0
       0
       0
       0
       0
       0
       0
       0
       0
       0
       0
       0
       0
       0
       0
       0
       0
       0
       0
       0
       0
       0
       0
       0
       0
       0
       0
       0
       0
       0
       1
       0
       0
       0
       0
       0
       0
       0
       0
       0
       0
       0
       0
       0
       0
       0
       0
       0
       0
       0
       0
       0
       0
       0
       0
       0
       0
       0
       0
       0
       0
       0
       0
       0
       0
       0
       0
       0
       0
       0
       0
       0
       0
       0
       0
       0
       0
       0
       0
       0
       0
       0
       0
       0
       0
       0
       0
       0
       0
       0
       0
       0
       0
       0
       0
       0
       0
       0
       0
       0
       0
       0
       0
       0
       0
       0
       0
       0
       0
       0
       0
       0
       0
       0
       0
       0
       0
       0
       0
       0
       0
       0
       0
       0
       0
       0
       0
       0
       0
       0
       0
       0
       0
       0
       0
       0
       0
       0
       0
       0
       0
       1
       0
       0
       0
       0
       0
       0
       0
       0
       0
       0
       0
       0
       0
       1
       0
       0
       0
       0
       0
       0
       0
       0
       0
       0
       0
       0
       0
       0
       0
       0
       0
       0
       0
       0
       0
       0
       0
       0
       0
       0
       1
       0
       0
       0
       0
       0
       0
       0
       0
       0
       0
       0
       0
       0
       0
       0
       0
       0
       0
       0
       0
       0
       0
       0
       0
       0
       0
       0
       0
       0
       0
       0
       0
       0
       0
       0
       0
       0
       0
       0
       0
       0
       0
       0
       0
       0
       0
       0
       0
       0
       0
       0
       0
       0
       0
       0
       0
       0
       0
       0
       0
       0
       0
       0
       0
       0
       0
       0
       0
       0
       0
       0
       0
       0
       0
       0
       0
       0
       0
       0
       0
       0
       0
       0
       0
       0
       0
       0
       0
       0
       0
       0
       0
       0
       0
       0
       0
       0
       0
       0
       0
       0
       0
       0
       0
       0
       0
       0
       0
       0
       0
       0
       0
       0
       0
       0
       0
       0
       0
       0
       0
       0
       0
       0
       0
       0
       0
       0
       0
       0
       0
       0
       0
       0
       0
       0
       0
       0
       0
       0
       0
       0
       0
       0
       0
       0
       0
       0
       0
       0
       0
       0
       0
       0
       0
       0
       0
       0
       0
       0
       0
       0
       0
       0
       0
       0
       0
       0
       0
       0
       0
       0
       0
       0
       0
       0
       0
       0
       0
       0
       0
       0
       0
       0
       0
       0
       0
       0
       0
       0
       0
       0
       0
       0
       0
       0
       0
       0
       0
       0
       0
       0
       0
       0
       0
       0
       0
       0
       0
       0
       0
       0
       0
       0
       0
       0
       0
       0
       0
       0
       0
       0
       0
       0
       0
       0
       0
       0
       0
       0
       0
       0
       0
       0
       0
       0
       0
       0
       0
       0
       0
       0
       0
       0
       0
       0
       0
       0
       0
       0
       0
       0
       0
       0
       0
       0
       0
       0
       0
       0
       0
       0
       0
       0
       0
       0
       0
       0
       0
       0
       1
       0
       0
       0
       0
       0
       0
       0
       0
       0
       0
       0
       0
       0
       0
       0
       0
       0
       0
       0
       0
       0
       0
       0
       1
       0
       0
       0
       0
       0
       0
       0
       0
       0
       0
       0
       0
       0
       0
       0
       0
       0
       0
       0
       0
       0
       0
       0
       0
       0
       0
       0
       0
       0
       0
       0
       0
       0
       0
       0
       0
       0
       0
       0
       0
       0
       0
       0
       0
       0
       0
       0
       0
       0
       0
       0
       0
       0
       0
       0
       0
       0
       0
       0
       0
       0
       0
       0
       0
       0
       0
       0
       0
       0
       0
       0
       0
       0
       0
       0
       0
       0
       0
       0
       0
       0
       0
       0
       0
       0
       0
       0
       0
       0
       0
       0
       0
       0
       0
       0
       0
       0
       0
       0
       0
       0
       0
       0
       0
       0
       0
       0
       0
       0
       0
       0
       0
       0
       0
       0
       0
       0
       0
       0
       0
       0
       0
       0
       0
       0
       0
       0
       0
       0
       0
       0
       0
       0
       0
       0
       0
       0
       0
       0
       0
       0
       0
       0
       1
       0
       0
       0
       0
       0
       0
       0
       0
       0
       0
       0
       0
       0
       0
       0
       0
       0
       0
       0
       0
       0
       0
       0
       0
       0
       0
       0
       0
       0
       0
       0
       0
       0
       0
       0
       0
       0
       0
       0
       0
       0
       0
       0
       0
       0
       0
       0
       0
       0
       0
       0
       0
       0
       0
       0
       0
       0
       0
       0
       0
       0
       0
       0
       0
       0
       0
       0
       0
       0
       0
       0
       0
       0
       0
       0
       0
       0
       0
       0
       0
       0
       0
       0
       0
       0
       0
       0
       0
       0
       0
       0
       0
       0
       0
       0
       0
       0
       0
       0
       0
       0
       0
       0
       0
       0
       0
       0
       0
       0
       0
       0
       0
       0
       0
       0
       0
       0
       0
       0
       0
       0
       0
       0
       0
       0
       0
       0
       0
       0
       0
       0
       0
       0
       0
       0
       0
       0
       0
       0
       0
       0
       0
       0
       0
       0
       0
       0
       0
       0
       0
       0
       0
       0
       0
       0
       0
       0
       0
       0
       0
       0
       0
       0
       0
       0
       0
       0
       0
$ROI:
1
820 853
$PRESETS:
None
0
0
$ENER_FIT:
3.319389 0.594734
$MCA_CAL:
3
3.319389E+000 5.947341E-001 0.000000E+000 keV
$SHAPE_CAL:
3
2.857754E+000 -1.166080E-003 0.000000E+000
