$SPEC_ID:
No sample description was entered.
$SPEC_REM:
DET# 1
DETDESC# DESKTOP-AKUPN2F Easy-MCA-8k SN 09022236
AP# Maestro Version 7.01
$DATE_MEA:
02/07/2017 11:00:05
$MEAS_TIM:
7389 10275
$DATA:
0 8191
       0
       0
       0
       0
       0
       0
       0
       0
       0
       0
       0
       0
       0
       0
       0
       0
       0
       0
       0
       0
       0
       0
       0
       0
       0
       0
       0
       0
       0
       0
       0
       0
       0
       0
       0
       0
       0
       0
       0
       0
       0
       0
       0
       0
       0
       0
       0
       0
       0
       0
       0
       0
       0
       0
       0
       0
       0
       1
       6
      24
      40
      50
     228
     413
      98
      14
      26
      35
      96
     416
     505
     463
     457
     447
     472
     449
     400
     515
     453
     454
     466
     480
     489
     463
     472
     489
     482
     516
     479
     482
     490
     506
     522
     533
     512
     579
     564
     541
     553
     519
     554
     518
     578
     576
     525
     541
     636
     581
     600
     569
     558
     605
     578
     626
     670
     789
    1153
    1497
    1594
    1625
    1994
    2205
    1691
    1058
     653
     610
     561
     589
     572
     581
     529
     592
     556
     643
     619
     842
    1193
    1211
    1091
     851
     800
     762
     777
     638
     584
     580
     563
     549
     548
     599
     545
     594
     585
     571
     585
     543
     544
     521
     557
     579
     600
     565
     574
     609
     549
     576
     534
     568
     613
     562
     607
     579
     563
     598
     551
     591
     604
     553
     604
     600
     625
     584
     551
     539
     593
     569
     572
     548
     536
     544
     584
     557
     610
     586
     566
     541
     584
     585
     567
     547
     606
     555
     591
     517
     558
     592
     561
     604
     574
     585
     561
     566
     555
     619
     652
     564
     560
     661
     608
     601
     598
     610
     575
     560
     600
     577
     587
     575
     589
     575
     560
     610
     597
     637
     616
     558
     593
     572
     635
     617
     614
     629
     628
     581
     647
     675
     682
     628
     606
     590
     640
     635
     641
     644
     651
     634
     676
     649
     611
     619
     661
     674
     650
     643
     694
     661
     669
     631
     667
     670
     661
     644
     673
     689
     697
     668
     674
     692
     671
     695
     714
     676
     658
     638
     665
     667
     690
     651
     676
     674
     675
     692
     712
     727
     705
     734
     682
     689
     687
     691
     712
     710
     707
     681
     751
     699
     690
     770
     738
     714
     758
     732
     775
     758
     733
     756
     726
     732
     789
     732
     784
     745
     777
     728
     733
     770
     754
     742
     763
     801
     766
     764
     789
     838
     804
     752
     809
     827
     839
     809
     840
     819
     811
     789
     835
     863
     904
     882
     902
     927
     845
     928
     923
     960
     919
    1043
    1029
    1007
    1000
    1026
     965
    1047
    1022
    1073
    1093
    1040
    1087
    1070
    1029
    1039
    1007
    1014
    1042
     971
     967
     989
     951
     948
     894
     890
     856
     906
     909
     802
     829
     763
     804
     763
     841
     716
     750
     719
     712
     717
     734
     668
     653
     657
     697
     619
     636
     609
     642
     572
     565
     562
     603
     533
     517
     489
     519
     524
     481
     509
     473
     467
     478
     497
     476
     447
     448
     482
     478
     466
     445
     451
     442
     405
     453
     447
     439
     394
     438
     406
     399
     401
     460
     410
     385
     400
     382
     408
     399
     425
     425
     416
     372
     378
     380
     392
     384
     368
     392
     394
     356
     376
     373
     364
     344
     350
     385
     374
     394
     370
     368
     373
     338
     386
     392
     373
     377
     396
     343
     359
     383
     367
     366
     363
     345
     385
     336
     364
     382
     343
     325
     375
     376
     383
     344
     356
     377
     369
     364
     368
     327
     357
     363
     373
     350
     367
     379
     377
     409
     396
     449
     475
     459
     417
     358
     376
     340
     347
     376
     382
     380
     391
     378
     386
     383
     346
     357
     359
     338
     377
     343
     335
     345
     380
     387
     330
     358
     355
     353
     373
     334
     329
     343
     334
     354
     354
     363
     338
     396
     335
     352
     350
     371
     376
     394
     397
     338
     341
     344
     344
     373
     351
     386
     374
     370
     360
     376
     331
     340
     342
     369
     367
     346
     355
     337
     359
     352
     361
     361
     349
     358
     354
     406
     380
     370
     326
     377
     346
     379
     334
     342
     358
     351
     346
     380
     356
     389
     342
     356
     373
     342
     373
     372
     379
     417
     371
     375
     343
     378
     376
     376
     341
     360
     386
     360
     374
     335
     374
     367
     341
     359
     377
     368
     340
     343
     333
     370
     394
     369
     350
     371
     366
     361
     344
     352
     338
     361
     374
     388
     370
     393
     341
     351
     348
     384
     343
     360
     404
     375
     371
     379
     370
     364
     369
     379
     346
     389
     357
     371
     362
     393
     367
     366
     357
     354
     358
     345
     404
     380
     354
     366
     359
     387
     371
     380
     393
     323
     351
     369
     397
     384
     358
     380
     374
     320
     388
     364
     357
     374
     403
     361
     386
     335
     376
     359
     372
     400
     351
     359
     356
     370
     370
     314
     362
     362
     353
     400
     382
     381
     332
     394
     421
     388
     379
     364
     371
     405
     372
     363
     346
     360
     390
     382
     382
     347
     345
     361
     388
     340
     394
     354
     363
     375
     352
     389
     367
     382
     337
     370
     378
     391
     381
     397
     374
     367
     363
     356
     359
     394
     391
     408
     376
     368
     377
     345
     385
     371
     385
     383
     388
     372
     367
     350
     355
     389
     398
     393
     404
     386
     390
     399
     345
     415
     393
     402
     398
     387
     364
     393
     409
     337
     360
     374
     382
     407
     384
     399
     375
     390
     397
     375
     402
     365
     367
     414
     409
     414
     369
     405
     377
     393
     389
     400
     407
     372
     397
     379
     388
     391
     386
     399
     421
     407
     400
     430
     418
     423
     363
     389
     391
     364
     410
     351
     361
     384
     406
     375
     387
     397
     361
     425
     416
     438
     415
     429
     460
     454
     414
     426
     459
     425
     401
     431
     404
     401
     425
     400
     419
     427
     432
     432
     408
     386
     419
     412
     404
     415
     401
     407
     430
     419
     360
     397
     448
     407
     407
     413
     403
     422
     392
     389
     412
     408
     448
     435
     420
     399
     416
     432
     459
     397
     441
     443
     439
     446
     448
     411
     398
     422
     436
     416
     420
     457
     397
     412
     425
     417
     433
     423
     413
     429
     426
     437
     408
     419
     393
     386
     463
     416
     423
     390
     427
     428
     382
     428
     423
     433
     459
     401
     421
     438
     433
     431
     428
     406
     431
     442
     408
     429
     464
     434
     416
     435
     446
     426
     430
     456
     415
     448
     446
     428
     415
     474
     454
     406
     439
     444
     452
     447
     419
     428
     474
     425
     451
     459
     427
     474
     460
     429
     458
     434
     447
     466
     448
     454
     449
     481
     445
     467
     474
     470
     434
     458
     434
     420
     446
     485
     473
     487
     477
     453
     432
     492
     471
     446
     476
     486
     473
     475
     445
     455
     490
     470
     463
     465
     447
     469
     474
     460
     493
     489
     506
     456
     498
     480
     458
     530
     475
     469
     474
     489
     467
     455
     490
     496
     473
     518
     487
     481
     483
     479
     519
     471
     489
     483
     486
     458
     518
     465
     485
     494
     487
     476
     523
     479
     502
     525
     480
     500
     496
     537
     513
     494
     478
     473
     493
     457
     467
     514
     533
     497
     484
     496
     518
     520
     496
     506
     553
     506
     512
     533
     526
     539
     522
     484
     504
     495
     498
     531
     507
     530
     506
     533
     492
     550
     528
     512
     543
     517
     514
     578
     552
     524
     509
     571
     536
     537
     576
     533
     511
     539
     558
     555
     547
     522
     537
     530
     545
     510
     559
     584
     561
     532
     513
     539
     551
     590
     521
     524
     548
     553
     587
     522
     549
     580
     556
     556
     532
     541
     563
     554
     583
     521
     571
     549
     582
     585
     590
     572
     534
     527
     570
     556
     567
     599
     577
     546
     585
     546
     589
     563
     623
     589
     640
     611
     551
     597
     550
     565
     562
     596
     588
     605
     615
     614
     582
     593
     629
     584
     569
     580
     539
     601
     593
     610
     597
     611
     596
     582
     597
     563
     604
     603
     552
     569
     634
     626
     612
     560
     611
     611
     585
     631
     646
     647
     601
     580
     639
     608
     594
     622
     618
     598
     643
     612
     625
     570
     632
     661
     636
     640
     650
     650
     603
     670
     628
     654
     621
     650
     632
     644
     731
     647
     630
     638
     637
     640
     647
     641
     676
     654
     646
     699
     690
     688
     629
     682
     638
     686
     662
     643
     623
     626
     680
     702
     643
     753
     640
     676
     659
     641
     693
     707
     684
     697
     632
     672
     678
     665
     671
     629
     673
     641
     647
     676
     653
     662
     683
     667
     679
     676
     676
     612
     725
     694
     674
     686
     658
     697
     693
     707
     648
     687
     676
     717
     744
     677
     654
     685
     669
     720
     675
     685
     688
     693
     677
     688
     711
     675
     681
     688
     686
     705
     721
     656
     723
     685
     762
     709
     726
     687
     704
     672
     715
     690
     735
     710
     735
     700
     735
     732
     695
     701
     756
     711
     714
     744
     724
     736
     720
     726
     720
     701
     740
     737
     720
     709
     695
     720
     706
     696
     744
     753
     684
     702
     682
     707
     687
     682
     745
     702
     789
     753
     767
     749
     794
     770
     734
     727
     724
     724
     715
     716
     757
     655
     733
     686
     697
     702
     731
     737
     706
     697
     727
     717
     709
     724
     749
     700
     750
     668
     689
     686
     714
     740
     737
     689
     686
     731
     688
     710
     707
     711
     709
     717
     680
     694
     668
     693
     670
     689
     695
     736
     681
     707
     694
     694
     706
     649
     702
     707
     731
     727
     690
     703
     735
     685
     706
     708
     666
     694
     673
     673
     690
     702
     708
     673
     666
     694
     689
     650
     719
     688
     682
     727
     704
     687
     735
     700
     690
     686
     706
     726
     674
     681
     688
     662
     664
     657
     681
     714
     673
     666
     720
     665
     657
     724
     653
     683
     683
     680
     672
     716
     651
     703
     662
     657
     698
     660
     672
     658
     633
     649
     650
     666
     648
     647
     666
     645
     639
     620
     637
     652
     684
     714
     682
     664
     659
     726
     665
     702
     649
     701
     630
     683
     647
     685
     695
     679
     639
     662
     719
     621
     685
     708
     714
     633
     631
     690
     663
     696
     703
     668
     651
     676
     725
     672
     682
     688
     703
     687
     647
     644
     657
     701
     652
     677
     709
     678
     695
     706
     665
     704
     691
     725
     719
     716
     620
     693
     677
     639
     673
     685
     665
     651
     684
     621
     660
     673
     706
     667
     696
     624
     683
     644
     716
     664
     655
     709
     634
     685
     667
     746
     663
     696
     699
     670
     686
     698
     666
     721
     692
     645
     694
     654
     678
     673
     671
     613
     673
     659
     690
     648
     676
     649
     627
     593
     621
     634
     602
     605
     628
     601
     596
     612
     595
     549
     616
     644
     584
     660
     588
     592
     566
     603
     594
     599
     608
     544
     534
     581
     609
     556
     554
     558
     540
     552
     561
     607
     574
     575
     570
     544
     557
     541
     552
     551
     556
     520
     566
     552
     512
     539
     576
     552
     521
     528
     566
     527
     549
     502
     547
     522
     543
     566
     518
     536
     549
     517
     530
     528
     534
     537
     485
     488
     485
     499
     511
     483
     493
     484
     480
     455
     490
     487
     502
     439
     487
     486
     461
     474
     462
     444
     445
     466
     473
     461
     444
     468
     462
     436
     428
     408
     441
     430
     451
     436
     455
     461
     423
     430
     442
     430
     466
     455
     386
     417
     430
     415
     408
     430
     389
     403
     371
     409
     402
     430
     409
     398
     395
     406
     413
     364
     363
     419
     339
     428
     395
     353
     400
     407
     399
     341
     375
     405
     410
     348
     379
     382
     381
     372
     363
     379
     353
     333
     360
     383
     357
     391
     377
     333
     427
     351
     299
     348
     345
     360
     376
     367
     369
     357
     331
     353
     334
     347
     391
     324
     330
     360
     374
     362
     360
     322
     349
     360
     326
     350
     321
     344
     316
     346
     321
     382
     366
     339
     340
     326
     361
     328
     320
     346
     323
     343
     324
     362
     335
     351
     366
     333
     348
     368
     345
     354
     378
     312
     319
     314
     322
     348
     358
     365
     336
     310
     335
     365
     334
     339
     343
     349
     333
     357
     338
     337
     369
     341
     303
     327
     326
     310
     308
     349
     297
     373
     323
     339
     342
     331
     347
     337
     349
     301
     346
     318
     285
     293
     335
     306
     294
     312
     282
     297
     267
     291
     269
     293
     272
     275
     268
     267
     269
     301
     263
     279
     265
     273
     268
     266
     278
     279
     277
     255
     271
     265
     240
     269
     263
     235
     274
     262
     235
     242
     252
     256
     256
     234
     261
     240
     261
     251
     253
     255
     230
     250
     235
     231
     229
     233
     250
     255
     235
     240
     233
     242
     243
     227
     211
     209
     252
     235
     226
     221
     222
     240
     219
     216
     204
     207
     252
     208
     205
     224
     196
     223
     224
     220
     200
     196
     208
     209
     213
     259
     371
     636
    1262
    2477
    4282
    6250
    6596
    5235
    3090
    1418
     565
     334
     279
     255
     230
     252
     229
     220
     230
     239
     188
     205
     216
     209
     195
     213
     205
     197
     196
     189
     195
     178
     199
     170
     164
     179
     190
     188
     154
     169
     162
     181
     188
     172
     173
     175
     159
     171
     182
     168
     147
     166
     166
     160
     153
     155
     151
     165
     145
     159
     143
     138
     165
     149
     165
     171
     154
     145
     149
     151
     153
     123
     143
     131
     126
     134
     143
     142
     155
     131
     146
     143
     145
     143
     136
     152
     122
     153
     139
     136
     139
     138
     144
     125
     158
     134
     140
     151
     133
     141
     134
     119
     141
     161
     152
     131
     132
     143
     130
     151
     133
     127
     120
     130
     122
     116
     125
     130
     119
     122
     131
     118
     123
     115
     128
     111
     127
     107
     126
     118
     122
     118
     103
     141
     117
     137
     121
     114
     115
      99
     117
     134
     126
      97
     110
     121
     106
     119
     119
     118
     113
     115
      84
     108
     108
     110
     131
     117
     110
     108
     106
     101
     109
      88
     104
     115
     119
     104
     109
     109
     107
     116
     113
      83
     111
      98
      95
     116
     102
      81
     115
      98
     129
      99
     105
      88
     105
     100
     106
      96
     105
     113
     105
     110
     104
     102
      98
     103
     126
      92
     104
     108
     115
     117
     102
     108
      92
     102
      94
     109
     103
     105
     100
     118
     105
      93
      92
     112
     113
     111
      97
     120
     104
      91
     114
     106
     101
      94
      97
     110
      81
     110
     119
      96
      90
      82
     100
     111
      97
      79
     104
      86
      94
      86
      99
     103
      92
     108
      93
      92
     121
      89
     106
      96
     101
      96
     107
     132
     169
     257
     451
     877
    1657
    3034
    4532
    5435
    5141
    3540
    1869
     750
     341
     199
     156
     150
     160
     140
     139
     131
     140
      94
     122
     136
     113
     121
     126
     142
     123
     105
     125
      91
     123
     117
     116
     102
     105
     117
     119
     111
     101
     115
     113
     111
     112
      98
     108
     100
     125
     113
     109
     106
     100
     117
     129
     121
     110
     102
     103
      92
     104
     102
      89
     104
     106
      96
     110
      93
     103
      87
      98
     100
     113
     109
     111
     100
     110
     105
     100
     109
      93
      86
     106
      83
     114
      92
      93
     103
      94
     104
     101
      91
     102
     104
     106
     104
     110
      82
     100
     105
      95
      95
     104
     113
      89
      92
      91
     109
     105
     104
     102
      96
     113
      95
     105
      94
      88
      93
     109
      99
     105
      94
      84
      96
      88
      93
      83
      90
      91
     102
      87
      73
     100
      89
      96
     107
     102
      83
      89
     103
      94
      87
      83
     106
      86
      81
      95
      86
      86
      83
     105
      68
      80
      99
      86
      87
     101
      75
      93
      98
      88
      89
      93
      89
      78
      70
     103
      90
      85
      95
      82
      73
      84
      84
     100
      77
      76
      85
      87
      99
      79
      88
      98
      68
      80
      80
      85
     101
      92
      91
     100
      63
      69
      99
      87
     106
      81
      85
      83
      80
      80
      73
      68
      86
      84
      78
      72
      74
      80
      97
      82
      86
      69
      88
      84
      79
      87
      83
      82
      87
      82
      86
      74
      82
      79
      84
      76
      81
      66
      78
      71
      88
      66
      90
      55
      95
      72
      71
      61
      86
      89
      68
      81
      75
      88
      60
      68
      73
      73
      81
      84
      75
      80
      66
      88
     100
      66
      72
      89
      74
      83
      70
      73
      85
      84
      52
      88
      81
      75
      58
      71
      71
      85
      78
      75
      82
      70
      87
      70
      70
      78
      71
      82
      59
      60
      82
      76
      69
      80
      73
      68
      70
      78
      67
      80
      63
      70
      66
      72
      63
      64
      61
      74
      80
      81
      81
      71
      67
      70
      86
      73
      68
      80
      68
      77
      76
      51
      70
      75
      71
      78
      69
      65
      76
      73
      59
      65
      61
      58
      73
      63
      70
      54
      62
      68
      74
      87
      60
      59
      66
      54
      80
      73
      60
      65
      81
      63
      59
      83
      73
      67
      67
      64
      68
      74
      71
      72
      69
      72
      73
      57
      72
      70
      67
      71
      72
      60
      79
      66
      69
      76
      77
      63
      65
      68
      67
      64
      55
      66
      75
      73
      67
      67
      68
      61
      57
      66
      68
      72
      61
      62
      73
      59
      59
      64
      64
      82
      67
      65
      54
      81
      61
      64
      48
      67
      65
      61
      54
      54
      65
      72
      65
      71
      73
      53
      70
      82
      65
      56
      53
      77
      59
      66
      64
      79
      76
      69
      67
      54
      74
      76
      53
      52
      50
      83
      70
      52
      55
      65
      58
      56
      62
      65
      47
      71
      62
      45
      43
      49
      59
      62
      57
      43
      64
      63
      60
      56
      54
      45
      59
      53
      67
      57
      59
      55
      56
      52
      52
      71
      55
      77
      52
      68
      48
      67
      73
      55
      58
      59
      50
      62
      70
      53
      52
      58
      54
      66
      69
      75
      57
      44
      68
      57
      53
      57
      56
      53
      53
      55
      56
      61
      46
      62
      59
      57
      48
      44
      69
      47
      53
      60
      54
      52
      60
      51
      47
      65
      53
      58
      59
      66
      67
      53
      58
      61
      41
      46
      40
      52
      56
      52
      65
      55
      59
      58
      46
      57
      50
      53
      50
      50
      61
      54
      61
      39
      46
      56
      45
      54
      48
      66
      48
      52
      52
      49
      46
      59
      48
      58
      48
      61
      51
      49
      58
      53
      53
      53
      62
      63
      46
      67
      49
      50
      55
      47
      45
      50
      64
      37
      44
      55
      36
      36
      49
      56
      57
      44
      47
      40
      57
      73
      66
      45
      51
      54
      43
      56
      57
      48
      52
      41
      46
      53
      41
      47
      52
      53
      43
      59
      48
      45
      49
      55
      55
      49
      47
      44
      46
      50
      57
      40
      48
      52
      61
      51
      30
      50
      49
      45
      52
      41
      34
      53
      44
      48
      50
      44
      40
      62
      53
      39
      38
      50
      48
      43
      49
      42
      42
      36
      42
      55
      38
      38
      46
      39
      37
      47
      32
      50
      41
      46
      42
      39
      49
      39
      54
      53
      52
      53
      51
      51
      47
      56
      53
      45
      41
      56
      35
      45
      53
      47
      53
      41
      40
      60
      49
      46
      40
      36
      41
      58
      55
      55
      37
      51
      52
      47
      38
      45
      50
      40
      58
      45
      45
      43
      47
      35
      56
      51
      53
      46
      39
      46
      49
      32
      38
      37
      38
      42
      43
      60
      48
      40
      45
      52
      46
      40
      49
      35
      39
      44
      44
      47
      39
      48
      48
      30
      43
      45
      61
      33
      36
      43
      41
      45
      48
      49
      48
      53
      40
      43
      36
      54
      54
      42
      36
      44
      43
      45
      47
      43
      44
      37
      44
      26
      37
      47
      45
      41
      49
      44
      34
      52
      38
      35
      34
      58
      43
      37
      28
      43
      43
      36
      41
      45
      37
      38
      44
      41
      42
      46
      45
      37
      38
      48
      44
      39
      40
      38
      33
      46
      29
      34
      35
      39
      46
      40
      40
      50
      50
      44
      31
      40
      42
      39
      38
      41
      42
      40
      38
      36
      38
      45
      29
      44
      35
      34
      40
      42
      38
      28
      50
      48
      43
      37
      35
      45
      31
      36
      36
      39
      38
      33
      23
      41
      42
      40
      42
      28
      52
      41
      39
      47
      43
      46
      34
      37
      45
      30
      34
      36
      41
      44
      50
      39
      34
      41
      34
      38
      44
      46
      35
      23
      43
      30
      47
      45
      29
      22
      36
      38
      35
      35
      34
      39
      34
      35
      38
      41
      33
      39
      40
      43
      36
      29
      35
      43
      35
      40
      26
      35
      40
      32
      39
      33
      40
      38
      36
      51
      38
      36
      27
      39
      40
      37
      29
      41
      39
      38
      28
      39
      38
      27
      40
      39
      29
      38
      37
      37
      25
      33
      28
      39
      25
      28
      31
      32
      32
      40
      43
      35
      42
      26
      27
      30
      43
      34
      32
      28
      34
      34
      27
      40
      34
      22
      31
      26
      30
      30
      28
      25
      36
      36
      24
      29
      29
      29
      34
      26
      31
      33
      30
      24
      21
      40
      37
      39
      30
      28
      29
      50
      30
      25
      29
      41
      28
      44
      36
      28
      22
      35
      30
      30
      26
      33
      28
      33
      24
      30
      30
      27
      30
      26
      35
      38
      27
      36
      33
      33
      27
      42
      29
      25
      27
      26
      19
      28
      28
      34
      28
      25
      32
      22
      25
      31
      35
      23
      28
      26
      25
      26
      34
      22
      25
      33
      24
      26
      35
      24
      19
      23
      33
      33
      31
      24
      27
      29
      29
      26
      31
      43
      29
      33
      18
      33
      36
      24
      33
      27
      31
      14
      38
      22
      23
      41
      27
      35
      21
      26
      29
      36
      24
      20
      27
      21
      35
      32
      24
      18
      29
      26
      26
      25
      29
      34
      21
      23
      29
      22
      24
      17
      25
      35
      25
      22
      19
      22
      20
      33
      28
      26
      29
      29
      31
      21
      22
      27
      27
      29
      35
      24
      28
      28
      31
      25
      27
      34
      29
      27
      36
      28
      29
      25
      25
      26
      24
      25
      19
      20
      32
      29
      27
      31
      22
      23
      21
      22
      20
      33
      26
      28
      26
      23
      32
      22
      21
      16
      28
      29
      24
      30
      25
      27
      30
      21
      14
      19
      17
      24
      30
      27
      22
      33
      20
      19
      20
      29
      26
      12
      32
      17
      25
      33
      19
      23
      21
      17
      19
      23
      22
      20
      25
      18
      27
      17
      22
      22
      20
      20
      24
      17
      27
      16
      26
      14
      21
      21
      28
      13
      29
      20
      23
      27
      17
      26
      17
      15
      36
      21
      21
      27
      20
      21
      17
      15
      19
      24
      19
      31
      12
      14
      22
      20
      24
      20
      15
      22
      27
      16
      20
      18
      24
      22
      23
      20
      22
      29
      23
      24
      19
      21
      23
      14
      19
      19
      20
      14
      19
      14
      18
      20
      14
      25
      28
      21
      25
      14
      11
      20
      23
      17
      13
      21
      26
      20
      23
      19
      27
      16
      18
      19
      14
      23
      20
      19
      22
      27
      25
      26
      20
      20
      22
      20
      25
      15
      15
      29
      22
      11
      29
      26
      23
      13
      11
      15
      15
      22
      15
      17
      13
      22
      13
      16
      17
      17
      19
      18
      21
      28
      17
      17
      23
      13
      26
      17
      21
      19
      13
      18
      18
      22
      19
      19
      15
      17
      22
      14
      25
      16
      15
      14
      16
      21
      14
      16
      22
      14
      23
      14
      20
      18
      28
      16
      15
      20
      16
      13
      13
      15
      19
      20
      12
      16
      15
      19
      19
      14
      11
      14
       8
      14
      16
      10
      23
      10
      14
      12
      13
      17
      20
      13
      19
      24
      17
      17
      11
      19
      15
      12
      14
      14
      23
      18
      12
      13
       9
      12
      17
      13
      15
       9
      20
       8
      19
      12
      15
       9
      14
      14
      16
      15
      18
      10
      16
      11
      13
      15
       9
      12
       9
      13
      20
      14
      17
      12
      13
      14
      10
      10
      12
      13
      18
      12
      11
      10
      13
      20
      14
      14
       9
      15
       6
      11
      19
       8
      12
      18
      14
       7
      14
      10
      17
      10
       7
      14
       8
      18
       6
      17
      14
      14
      13
      16
      16
      11
      13
      10
      16
      15
      13
      13
      10
      13
      12
       9
      10
      10
      12
       8
      11
      11
      11
       9
      12
      12
      14
      13
       8
       7
      13
      13
       6
      11
      15
       6
      18
       9
       7
      16
       8
       8
      13
       9
      12
      15
      14
      11
      16
      11
      12
       6
      14
      13
      10
       9
      11
       9
       8
      13
       9
      16
      12
      11
       7
       9
      13
       6
      11
       9
      11
      11
      17
       7
      13
      15
      10
      17
      11
       8
      12
      12
       8
      13
      12
       7
       8
      11
      12
      11
       8
       8
       5
      14
      10
      11
      10
      13
      10
      10
      15
      13
      14
       6
      11
      12
      13
      10
      11
      10
       3
       8
      14
      18
      10
       9
      11
      10
       8
      12
       9
       8
      11
       7
       8
       7
      12
       8
      10
       9
      15
      11
      16
      14
      11
      10
       9
      10
      11
       7
       8
      18
       8
       5
       6
      10
       7
       6
      11
       9
      12
      13
      12
      15
      12
       5
       6
      19
       8
       9
       8
      13
       7
       6
       6
      14
       8
       7
       9
      11
       9
      14
      14
      13
      14
       3
      13
      11
      10
      12
       4
      11
      12
      14
       4
       9
       8
       4
      18
      11
       3
      11
       7
       7
       6
       9
       7
       6
      11
       7
       9
       5
      10
       5
       8
      12
       7
       7
      11
       5
      13
      10
       6
      11
       7
       3
      10
       6
       6
       4
       9
       4
      11
      12
      13
       9
       7
       4
       7
       5
       7
       6
       5
       8
       4
      10
       7
       6
       6
       5
      14
      10
       6
       3
       3
       9
       6
       8
       7
       7
       5
       5
       6
       6
       4
       8
       9
       8
       9
       9
      11
       4
      10
       3
       1
       5
       5
       2
       7
       4
       4
       4
       5
       3
       3
       7
       4
       6
       8
      10
       4
       8
      11
       4
       8
       5
       8
       5
       5
       8
      10
       9
       7
       5
       5
       4
       3
       4
       9
       2
       5
       1
       4
      10
       4
       5
       7
       4
       4
       4
       1
      10
       5
       6
       7
       4
       5
      11
       4
       2
       4
       8
       3
       5
       7
       7
       9
       5
       7
       7
       6
       5
       8
       3
       5
      12
       8
       4
       3
       4
      10
       2
       4
       3
       4
       6
       6
       4
       2
       8
       5
       7
       7
       8
       6
       6
       6
       5
       6
       5
       7
       3
       5
      10
       5
       4
       4
       3
       7
       4
      10
       0
       7
       5
       3
       5
       6
       4
       3
       6
       3
       4
       6
       5
       5
       5
       6
       3
       2
       3
       6
       5
       3
       6
       6
       5
       6
       1
       5
       2
       5
       5
       4
       7
       3
       0
       6
       9
       6
       7
       6
       5
       4
       6
       4
       4
      11
       8
       5
       6
       1
       3
       4
       4
       6
       4
       4
       2
       3
       1
       5
       1
       1
       4
       3
       9
       6
       4
       1
       3
       5
       4
       7
      11
       8
       4
       7
       9
       3
       8
       3
       2
       0
       3
       3
       3
       1
       4
       4
       4
       8
       7
       4
       4
       7
       6
      10
      15
      16
      11
      10
      11
       7
       5
       5
       4
       2
       3
       4
       6
       2
       2
       6
       3
       4
       2
       3
       7
       4
       7
       3
       3
       4
       1
       3
       2
       4
       1
       9
       1
       3
       4
       4
      10
       1
       2
       5
       2
       3
       3
       3
       3
       3
       3
       2
       1
       4
       2
       4
       0
       3
       6
       6
       4
       5
       5
       3
       4
       2
       1
       2
       3
       4
       0
       4
       4
       3
       4
       5
       2
       3
       6
       3
       2
       2
       1
       2
       0
       4
       2
       2
       5
       3
       4
       4
       1
       4
       2
       1
       2
       5
       5
       4
       3
       6
       0
       2
       0
       0
       3
       5
       3
       0
       4
       3
       5
       4
       0
       3
       3
       2
       4
       6
       3
       1
       2
       2
       3
       5
       0
       2
       3
       0
       5
       3
       2
       1
       3
       4
       1
       3
       1
       4
       2
       4
       4
       3
       3
       7
       6
       1
       2
       3
       1
       1
       2
       1
       3
       1
       3
       3
       3
       3
       2
       3
       0
       4
       5
       4
       6
       0
       4
       7
       1
       4
       7
       6
       1
       6
       5
       1
       1
       4
       2
       4
       4
       1
       7
       4
       2
       1
       3
       3
       1
       3
       5
       1
       4
       5
       3
       1
       2
       2
       2
       2
       3
       3
       1
       4
       6
       2
       4
       2
       0
       2
       3
       2
       2
       3
       2
       4
       3
       7
       3
       3
       4
       5
       1
       3
       2
       2
       0
       2
       2
       5
       1
       2
       0
       2
       5
       1
       1
       2
       1
       1
       4
       0
       0
       5
       5
       3
       2
       3
       7
       2
       5
       5
       2
       3
       1
       3
       5
       2
       2
       3
       6
       2
       6
       6
       5
       5
       1
       1
       2
       0
       3
       2
       2
       1
       2
       4
       2
       0
       0
       2
       2
       2
       1
       0
       3
       1
       4
       0
       4
       3
       2
       3
       1
       2
       1
       2
       3
       2
       2
       2
       6
       0
       0
       3
       0
       3
       1
       4
       4
       4
       1
       1
       2
       1
       4
       0
       0
       5
       3
       1
       1
       0
       2
       1
       1
       2
       3
       2
       2
       2
       1
       1
       0
       0
       2
       0
       3
       0
       5
       3
       3
       3
       2
       1
       1
       2
       3
       0
       2
       1
       2
       2
       6
       2
       1
       2
       5
       1
       2
       2
       0
       2
       1
       2
       2
       3
       1
       0
       1
       0
       3
       1
       2
       0
       2
       0
       1
       2
       1
       2
       1
       1
       1
       3
       1
       2
       4
       0
       0
       2
       0
       3
       1
       1
       2
       0
       2
       3
       0
       0
       0
       4
       4
       1
       2
       2
       1
       0
       1
       2
       1
       3
       1
       0
       1
       3
       3
       3
       1
       2
       0
       2
       2
       1
       1
       0
       0
       2
       1
       2
       1
       1
       2
       1
       2
       2
       1
       1
       1
       0
       2
       1
       5
       2
       1
       1
       0
       2
       1
       2
       1
       2
       2
       2
       1
       2
       2
       1
       7
       5
       2
       1
       3
       3
       1
       1
       2
       4
       0
       1
       1
       1
       0
       1
       2
       1
       2
       0
       0
       1
       0
       3
       0
       1
       2
       3
       2
       2
       2
       1
       4
       0
       4
       2
       1
       0
       0
       0
       5
       1
       0
       0
       2
       0
       3
       0
       2
       1
       0
       5
       4
       1
       1
       2
       2
       4
       0
       1
       1
       0
       1
       1
       0
       1
       1
       1
       3
       2
       1
       1
       0
       2
       1
       1
       2
       1
       1
       0
       1
       0
       2
       0
       0
       4
       2
       0
       3
       2
       1
       1
       1
       3
       1
       0
       1
       1
       0
       2
       1
       3
       1
       0
       3
       2
       2
       2
       4
       3
       0
       1
       3
       1
       0
       0
       2
       0
       1
       0
       2
       2
       1
       0
       2
       3
       2
       0
       2
       3
       1
       1
       1
       1
       1
       2
       0
       0
       2
       0
       1
       2
       2
       2
       0
       1
       1
       0
       1
       3
       1
       2
       2
       0
       3
       3
       1
       1
       1
       0
       0
       3
       0
       0
       1
       4
       0
       3
       1
       0
       2
       0
       1
       2
       2
       1
       1
       0
       2
       2
       2
       2
       0
       1
       0
       0
       0
       1
       2
       1
       0
       0
       0
       0
       0
       2
       0
       3
       0
       0
       1
       1
       0
       1
       1
       0
       1
       0
       1
       0
       1
       1
       0
       4
       3
       1
       2
       0
       1
       0
       1
       0
       1
       2
       0
       3
       0
       0
       1
       0
       1
       0
       0
       3
       1
       0
       3
       0
       0
       3
       1
       1
       2
       0
       2
       1
       2
       0
       1
       0
       1
       2
       0
       0
       0
       2
       0
       1
       0
       0
       2
       0
       0
       1
       1
       0
       1
       2
       0
       2
       1
       2
       1
       2
       1
       1
       3
       0
       1
       0
       0
       2
       0
       3
       0
       1
       1
       1
       0
       1
       0
       0
       3
       0
       0
       1
       0
       1
       0
       0
       1
       1
       0
       1
       1
       1
       1
       0
       2
       0
       1
       0
       2
       2
       1
       1
       0
       0
       2
       0
       1
       2
       0
       0
       0
       1
       0
       0
       0
       1
       0
       1
       1
       1
       1
       0
       1
       1
       1
       2
       3
       1
       0
       1
       1
       0
       2
       0
       0
       0
       0
       2
       2
       0
       0
       0
       1
       2
       2
       0
       0
       0
       2
       1
       4
       2
       1
       2
       0
       1
       1
       0
       0
       2
       0
       1
       0
       0
       1
       0
       2
       0
       2
       0
       0
       2
       1
       1
       0
       1
       0
       0
       2
       2
       1
       0
       0
       0
       2
       1
       2
       2
       3
       1
       2
       0
       0
       0
       0
       0
       1
       0
       1
       2
       2
       0
       0
       1
       0
       0
       1
       2
       0
       0
       1
       1
       1
       2
       1
       0
       1
       0
       1
       2
       0
       0
       0
       0
       2
       0
       2
       0
       0
       0
       2
       0
       0
       0
       1
       0
       0
       0
       1
       0
       0
       0
       1
       0
       0
       0
       1
       1
       1
       3
       0
       2
       0
       1
       0
       3
       1
       1
       0
       1
       1
       1
       1
       0
       1
       1
       0
       0
       0
       1
       2
       0
       0
       1
       2
       0
       0
       1
       0
       0
       1
       1
       1
       0
       1
       1
       0
       0
       1
       0
       1
       0
       0
       1
       0
       0
       0
       0
       1
       3
       0
       1
       0
       1
       0
       0
       3
       1
       0
       1
       0
       1
       2
       2
       0
       0
       0
       0
       0
       1
       0
       0
       0
       1
       0
       0
       0
       0
       0
       2
       1
       0
       2
       0
       0
       0
       0
       1
       1
       1
       1
       1
       2
       1
       0
       0
       0
       0
       0
       0
       0
       0
       0
       0
       0
       0
       0
       0
       0
       0
       0
       0
       0
       2
       1
       1
       0
       0
       0
       0
       1
       1
       0
       0
       0
       1
       0
       0
       0
       0
       1
       0
       1
       2
       0
       0
       0
       0
       1
       4
       0
       2
       0
       2
       1
       0
       0
       0
       0
       1
       1
       0
       0
       0
       0
       0
       0
       1
       0
       0
       1
       1
       2
       1
       0
       0
       1
       1
       0
       0
       0
       1
       0
       0
       1
       1
       0
       0
       0
       1
       0
       0
       0
       0
       1
       1
       0
       1
       0
       0
       1
       0
       0
       1
       1
       0
       0
       0
       0
       0
       2
       2
       0
       0
       1
       0
       2
       2
       0
       1
       0
       0
       0
       2
       0
       0
       1
       1
       0
       5
       1
       0
       0
       1
       1
       0
       0
       0
       1
       0
       1
       1
       0
       0
       0
       0
       0
       0
       0
       0
       0
       0
       1
       0
       2
       0
       0
       0
       2
       0
       0
       1
       0
       0
       0
       1
       1
       0
       1
       0
       0
       0
       0
       0
       0
       0
       2
       0
       0
       2
       0
       0
       0
       0
       0
       0
       0
       0
       1
       1
       2
       1
       0
       0
       0
       1
       0
       0
       1
       0
       0
       0
       0
       0
       1
       0
       1
       1
       0
       0
       0
       0
       0
       0
       0
       0
       0
       1
       0
       0
       0
       0
       0
       1
       0
       1
       0
       0
       0
       0
       0
       0
       0
       0
       1
       0
       0
       0
       0
       0
       1
       1
       0
       1
       0
       1
       2
       0
       0
       0
       1
       0
       1
       0
       0
       0
       1
       0
       0
       0
       0
       0
       0
       0
       0
       0
       0
       0
       1
       0
       0
       0
       0
       1
       0
       2
       1
       0
       0
       0
       0
       0
       0
       0
       0
       0
       0
       0
       0
       2
       1
       2
       0
       0
       0
       1
       0
       0
       0
       1
       0
       0
       1
       0
       0
       0
       0
       0
       0
       1
       0
       0
       0
       0
       1
       0
       0
       0
       0
       0
       0
       0
       1
       0
       0
       0
       0
       0
       0
       0
       2
       0
       0
       0
       0
       2
       0
       1
       0
       1
       0
       1
       0
       0
       0
       1
       0
       0
       0
       0
       0
       0
       0
       0
       1
       0
       1
       0
       0
       0
       0
       0
       0
       0
       1
       0
       0
       1
       1
       1
       0
       0
       0
       1
       0
       1
       0
       0
       0
       1
       0
       0
       0
       0
       0
       0
       0
       0
       0
       0
       1
       1
       0
       0
       0
       0
       0
       1
       0
       0
       0
       0
       0
       0
       0
       0
       0
       0
       0
       0
       0
       0
       0
       0
       0
       0
       0
       1
       0
       0
       0
       0
       1
       0
       0
       0
       0
       0
       0
       0
       0
       0
       0
       1
       2
       0
       0
       0
       0
       0
       0
       0
       1
       0
       0
       1
       0
       0
       1
       0
       0
       1
       1
       0
       0
       0
       0
       1
       0
       0
       0
       0
       1
       0
       0
       0
       0
       0
       0
       0
       0
       1
       1
       0
       1
       0
       0
       0
       0
       0
       2
       0
       0
       0
       1
       0
       1
       1
       0
       0
       0
       0
       0
       0
       0
       0
       0
       1
       0
       0
       0
       0
       0
       0
       1
       0
       0
       0
       0
       0
       0
       0
       0
       0
       0
       0
       1
       1
       0
       0
       0
       0
       0
       0
       0
       0
       0
       0
       0
       0
       1
       0
       0
       0
       0
       0
       0
       1
       0
       0
       0
       0
       0
       0
       0
       0
       0
       0
       0
       0
       1
       0
       0
       0
       0
       0
       0
       0
       0
       0
       0
       0
       0
       0
       1
       1
       0
       0
       0
       1
       0
       0
       0
       1
       0
       0
       0
       0
       0
       0
       0
       0
       1
       1
       0
       0
       0
       0
       0
       0
       1
       0
       0
       0
       0
       0
       0
       0
       0
       0
       0
       0
       0
       0
       0
       0
       0
       0
       0
       0
       0
       0
       1
       0
       0
       0
       0
       0
       0
       0
       0
       0
       0
       0
       0
       0
       0
       0
       0
       0
       0
       0
       0
       0
       0
       0
       0
       0
       0
       0
       0
       0
       1
       0
       0
       0
       0
       0
       0
       0
       0
       0
       1
       0
       0
       0
       0
       0
       1
       0
       0
       0
       0
       0
       0
       0
       0
       0
       0
       0
       0
       0
       1
       0
       0
       1
       0
       0
       0
       0
       0
       0
       0
       0
       0
       0
       0
       0
       0
       0
       0
       0
       0
       0
       0
       0
       0
       0
       0
       0
       0
       1
       0
       0
       0
       0
       0
       0
       1
       0
       0
       0
       0
       0
       0
       0
       0
       0
       0
       0
       0
       0
       0
       0
       0
       0
       0
       0
       1
       0
       0
       0
       0
       0
       1
       1
       0
       2
       0
       1
       0
       0
       0
       0
       0
       0
       0
       0
       2
       0
       0
       0
       0
       0
       0
       0
       0
       1
       0
       0
       0
       0
       0
       1
       1
       0
       0
       0
       0
       1
       0
       0
       0
       0
       0
       0
       0
       0
       0
       0
       0
       0
       0
       0
       0
       1
       0
       0
       1
       0
       0
       0
       0
       1
       0
       0
       0
       0
       0
       1
       0
       0
       0
       0
       0
       0
       0
       0
       0
       1
       0
       0
       0
       0
       0
       0
       0
       0
       0
       0
       0
       1
       0
       0
       0
       0
       0
       0
       0
       0
       0
       1
       0
       0
       0
       0
       0
       0
       0
       0
       0
       0
       0
       0
       1
       0
       0
       0
       0
       0
       0
       0
       0
       1
       0
       0
       1
       0
       0
       0
       1
       0
       0
       0
       0
       0
       0
       0
       0
       0
       0
       0
       0
       0
       1
       1
       1
       0
       0
       0
       1
       0
       0
       0
       0
       0
       0
       0
       0
       0
       0
       0
       0
       0
       0
       0
       0
       1
       0
       0
       0
       0
       0
       0
       0
       0
       0
       0
       0
       0
       0
       0
       0
       0
       0
       0
       0
       0
       0
       0
       0
       0
       0
       0
       0
       0
       0
       0
       0
       0
       0
       1
       0
       0
       0
       0
       0
       1
       0
       0
       0
       0
       1
       0
       0
       0
       0
       0
       0
       0
       0
       0
       0
       0
       0
       0
       0
       0
       1
       0
       0
       0
       0
       0
       0
       0
       0
       0
       0
       0
       0
       0
       0
       0
       0
       0
       1
       0
       0
       0
       0
       0
       0
       0
       0
       0
       0
       0
       0
       0
       0
       0
       1
       0
       0
       0
       0
       1
       0
       0
       0
       0
       0
       0
       0
       0
       0
       1
       0
       0
       0
       0
       0
       0
       0
       0
       0
       0
       0
       0
       0
       0
       0
       0
       0
       0
       0
       0
       0
       0
       1
       0
       0
       1
       0
       0
       0
       0
       0
       0
       1
       0
       0
       0
       0
       0
       1
       0
       0
       0
       0
       0
       0
       0
       1
       0
       0
       0
       0
       0
       0
       0
       0
       0
       0
       0
       0
       1
       0
       0
       0
       0
       0
       0
       1
       0
       0
       0
       0
       0
       0
       1
       0
       0
       0
       0
       0
       0
       0
       0
       0
       0
       0
       0
       0
       0
       0
       0
       0
       0
       0
       0
       0
       0
       0
       0
       0
       0
       0
       0
       1
       0
       0
       0
       0
       0
       0
       0
       0
       0
       0
       0
       0
       0
       0
       0
       1
       0
       0
       0
       0
       0
       0
       0
       0
       0
       0
       0
       0
       0
       0
       0
       0
       0
       0
       0
       0
       0
       0
       0
       0
       0
       0
       0
       0
       0
       0
       0
       0
       0
       0
       0
       0
       0
       0
       0
       1
       0
       0
       0
       0
       0
       0
       0
       0
       0
       0
       0
       0
       1
       0
       1
       0
       1
       0
       0
       0
       0
       0
       0
       0
       0
       0
       0
       0
       0
       1
       0
       0
       0
       1
       0
       1
       0
       0
       0
       0
       0
       0
       0
       0
       0
       0
       0
       0
       1
       0
       0
       0
       0
       0
       0
       0
       0
       0
       0
       0
       0
       1
       0
       0
       0
       0
       0
       0
       0
       0
       0
       0
       0
       0
       0
       0
       0
       0
       0
       0
       0
       0
       0
       0
       0
       0
       0
       0
       0
       0
       0
       0
       0
       0
       0
       0
       0
       0
       0
       0
       0
       0
       0
       0
       0
       0
       0
       0
       0
       0
       0
       0
       0
       0
       0
       0
       0
       0
       0
       0
       0
       0
       0
       0
       0
       0
       0
       0
       0
       0
       0
       0
       0
       0
       0
       0
       0
       0
       0
       0
       0
       0
       0
       0
       0
       1
       0
       0
       0
       0
       0
       0
       0
       0
       0
       0
       0
       0
       0
       0
       0
       0
       0
       0
       0
       0
       0
       0
       0
       0
       0
       0
       0
       0
       0
       0
       0
       0
       0
       0
       1
       0
       0
       0
       0
       0
       0
       0
       0
       0
       0
       0
       0
       0
       0
       0
       0
       0
       0
       0
       0
       0
       0
       0
       0
       0
       0
       0
       0
       0
       0
       0
       0
       0
       0
       0
       0
       0
       0
       0
       0
       0
       0
       0
       0
       0
       0
       1
       0
       0
       0
       0
       0
       0
       0
       0
       0
       0
       0
       0
       0
       0
       0
       0
       0
       0
       0
       0
       0
       1
       0
       0
       0
       0
       0
       0
       0
       1
       0
       0
       0
       0
       0
       0
       0
       0
       0
       0
       0
       0
       0
       0
       0
       0
       0
       0
       0
       0
       0
       0
       0
       0
       0
       0
       0
       0
       0
       0
       0
       0
       0
       0
       0
       1
       0
       0
       0
       0
       0
       0
       0
       0
       0
       0
       0
       0
       0
       0
       0
       0
       0
       0
       0
       0
       0
       0
       0
       0
       0
       0
       0
       0
       0
       0
       0
       0
       0
       0
       0
       0
       0
       0
       0
       0
       0
       0
       0
       0
       0
       0
       0
       0
       0
       0
       0
       0
       0
       0
       0
       0
       0
       0
       0
       0
       0
       0
       0
       0
       0
       0
       0
       0
       0
       0
       0
       0
       0
       0
       0
       0
       0
       0
       0
       0
       0
       0
       0
       0
       0
       1
       0
       0
       0
       0
       0
       0
       0
       0
       0
       0
       1
       0
       0
       0
       0
       0
       0
       1
       0
       0
       1
       0
       0
       0
       0
       0
       0
       0
       0
       0
       0
       0
       0
       0
       0
       0
       0
       1
       0
       0
       1
       0
       0
       0
       0
       0
       0
       0
       0
       0
       0
       0
       0
       0
       0
       0
       0
       0
       0
       1
       0
       0
       0
       0
       0
       0
       0
       0
       0
       0
       0
       0
       0
       0
       0
       1
       0
       0
       0
       0
       0
       0
       0
       0
       0
       0
       0
       0
       0
       0
       0
       0
       0
       0
       0
       0
       0
       0
       0
       0
       0
       0
       0
       1
       0
       0
       0
       0
       0
       0
       0
       0
       1
       0
       0
       0
       0
       0
       0
       0
       0
       0
       0
       0
       0
       0
       0
       0
       0
       0
       0
       0
       0
       0
       1
       0
       0
       0
       0
       0
       0
       0
       0
       0
       0
       0
       0
       0
       0
       0
       0
       0
       0
       0
       0
       0
       0
       0
       0
       0
       0
       0
       0
       0
       0
       0
       0
       0
       0
       0
       0
       0
       0
       0
       0
       0
       0
       0
       0
       0
       0
       0
       0
       0
       0
       0
       0
       0
       0
       1
       0
       0
       0
       0
       0
       0
       0
       0
       0
       0
       0
       0
       0
       0
       0
       0
       0
       0
       0
       0
       0
       0
       0
       0
       0
       0
       0
       0
       0
       0
       0
       0
       0
       0
       0
       0
       0
       0
       0
       0
       0
       0
       0
       0
       0
       0
       0
       0
       0
       0
       0
       0
       0
       0
       0
       0
       0
       0
       0
       0
       0
       0
       0
       0
       0
       0
       0
       0
       0
       0
       0
       0
       0
       0
       0
       0
       0
       0
       1
       0
       0
       1
       0
       0
       0
       0
       0
       0
       0
       0
       0
       0
       0
       0
       0
       0
       0
       0
       0
       0
       0
       0
       0
       0
       0
       0
       0
       0
       0
       0
       0
       0
       0
       0
       0
       0
       0
       0
       0
       0
       0
       0
       0
       0
       0
       0
       0
       0
       0
       0
       0
       0
       0
       0
       0
       0
       0
       0
       0
       0
       0
       0
       0
       0
       0
       0
       0
       0
       0
       0
       0
       0
       0
       0
       0
       0
       0
       0
       0
       0
       0
       0
       0
       0
       0
       0
       0
       0
       0
       0
       0
       0
       0
       0
       0
       0
       0
       0
       0
       0
       0
       0
       0
       1
       1
       0
       0
       0
       0
       0
       0
       0
       0
       0
       1
       0
       0
       0
       0
       0
       0
       0
       0
       0
       0
       0
       0
       0
       0
       0
       0
       0
       0
       0
       0
       0
       0
       0
       0
       0
       0
       0
       0
       0
       0
       0
       0
       0
       0
       0
       0
       0
       0
       0
       0
       0
       0
       0
       0
       0
       0
       0
       0
       0
       0
       1
       0
       0
       0
       0
       0
       0
       0
       0
       0
       0
       0
       0
       0
       0
       0
       0
       0
       0
       0
       0
       0
       0
       0
       0
       0
       0
       0
       0
       0
       0
       0
       0
       0
       0
       0
       0
       0
       0
       0
       0
       0
       0
       0
       0
       0
       0
       0
       0
       0
       0
       0
       0
       0
       0
       0
       0
       0
       0
       0
       0
       0
       0
       0
       0
       0
       0
       0
       0
       0
       0
       0
       0
       0
       0
       0
       0
       0
       0
       0
       0
       0
       0
       0
       0
       0
       0
       0
       0
       0
       0
       0
       0
       0
       0
       0
       0
       0
       0
       0
       0
       0
       0
       0
       0
       0
       0
       0
       0
       0
       0
       0
       0
       0
       0
       0
       0
       0
       0
       0
       0
       0
       0
       0
       0
       0
       0
       0
       0
       0
       0
       0
       0
       0
       0
       0
       0
       0
       0
       0
       0
       0
       0
       0
       0
       0
       0
       0
       0
       0
       0
       1
       0
       0
       0
       0
       0
       0
       0
       0
       1
       0
       0
       0
       0
       0
       0
       0
       0
       0
       0
       0
       1
       0
       0
       0
       0
       0
       0
       0
       0
       0
       0
       0
       0
       0
       0
       0
       1
       0
       0
       0
       0
       0
       0
       0
       0
       0
       0
       0
       0
       0
       0
       0
       0
       0
       0
       0
       0
       0
       0
       0
       0
       0
       0
       0
       0
       0
       0
       0
       0
       0
       0
       0
       0
       0
       0
       0
       0
       0
       0
       0
       0
       0
       0
       0
       0
       0
       0
       0
       0
       0
       0
       0
       0
       0
       0
       0
       0
       0
       0
       0
       0
       0
       0
       0
       0
       0
       0
       0
       0
       0
       0
       0
       0
       0
       0
       0
       0
       0
       0
       0
       0
       0
       0
       0
       0
       0
       0
       0
       0
       0
       0
       0
       0
       0
       0
       0
       0
       0
       0
       0
       0
       0
       0
       0
       0
       0
       0
       0
       0
       0
       0
       0
       0
       0
       0
       0
       0
       0
       0
       0
       0
       0
       0
       0
       0
       0
       0
       0
       0
       0
       0
       0
       0
       0
       0
       0
       0
       0
       0
       0
       0
       0
       0
       0
       0
       0
       0
       0
       0
       0
       0
       0
       0
       0
       0
       0
       0
       0
       0
       0
       0
       0
       0
       0
       0
       0
       0
       0
       0
       0
       0
       0
       0
       0
       0
       0
       0
       0
       0
       0
       0
       0
       0
       0
       0
       0
       0
       0
       0
       0
       0
       0
       0
       0
       0
       0
       0
       0
       0
       0
       0
       0
       0
       0
       0
       0
       0
       0
       0
       1
       0
       0
       0
       0
       0
       0
       0
       0
       0
       0
       0
       0
       0
       0
       0
       0
       0
       0
       0
       0
       0
       1
       0
       0
       0
       0
       0
       0
       0
       0
       0
       0
       0
       0
       0
       0
       0
       0
       0
       0
       0
       0
       0
       0
       0
       0
       1
       0
       0
       0
       0
       0
       0
       0
       0
       0
       0
       0
       0
       0
       0
       0
       0
       0
       0
       0
       0
       0
       0
       0
       0
       0
       0
       0
       0
       0
       0
       0
       0
       0
       0
       0
       0
       0
       0
       0
       0
       0
       0
       0
       0
       0
       0
       0
       0
       0
       0
       0
       0
       0
       0
       0
       0
       0
       0
       0
       0
       0
       0
       0
       0
       0
       0
       0
       0
       0
       0
       0
       0
       0
       0
       0
       0
       0
       1
       0
       0
       0
       0
       0
       0
       0
       0
       0
       0
       0
       0
       0
       0
       0
       0
       0
       0
       0
       0
       0
       0
       0
       0
       0
       0
       0
       0
       0
       0
       0
       0
       0
       0
       0
       0
       0
       0
       0
       0
       0
       0
       0
       0
       0
       0
       0
       0
       0
       0
       0
       0
       0
       0
       0
       0
       0
       0
       0
       0
       0
       0
       0
       0
       0
       0
       0
       0
       0
       0
       0
       0
       0
       0
       0
       0
       0
       0
       0
       0
       0
       0
       0
       0
       0
       0
       0
       0
       0
       0
       0
       0
       0
       0
       0
       0
       0
       0
       0
       0
       0
       0
       0
       0
       0
       0
       0
       0
       0
       0
       0
       0
       0
       0
       0
       0
       0
       0
       0
       0
       0
       0
       0
       0
       0
       0
       0
       0
       0
       0
       0
       0
       0
       0
       0
       0
       0
       0
       0
       0
       0
       0
       0
       0
       0
       0
       1
       0
       0
       0
       0
       0
       0
       0
       0
       0
       0
       0
       0
       0
       0
       0
       0
       0
       0
       0
       0
       0
       0
       0
       0
       0
       0
       0
       0
       0
       0
       0
       0
       0
       0
       0
       0
       0
       0
       0
       0
       0
       0
       0
       0
       0
       0
       0
       0
       0
       0
       0
       0
       0
       0
       0
       0
       0
       0
       0
       0
       0
       1
       0
       0
       0
       0
       0
       0
       0
       0
       0
       0
       0
       0
       0
       0
       0
       0
       0
       0
       0
       0
       0
       0
       0
       0
       1
       0
       0
       0
       0
       0
       0
       0
       0
       1
       0
       0
       0
       0
       0
       0
       0
       0
       0
       0
       0
       0
       0
       0
       0
       0
       0
       0
       0
       0
       0
       0
       0
       0
       0
       0
       0
       0
       0
       0
       0
       0
       0
       0
       0
       0
       0
       0
       0
       0
       0
       0
       0
       0
       0
       0
       0
       0
       0
       0
       0
       0
       0
       0
       0
       0
       0
       0
       0
       0
       0
       0
       0
       0
       0
       0
       0
       0
       0
       0
       0
       0
       0
       0
       0
       1
       0
       0
       0
       0
       0
       0
       0
       0
       0
       0
       0
       0
       0
       0
       0
       0
       0
       0
       0
       0
       0
       0
       0
       0
       0
       0
       0
       0
       0
       0
       0
       0
       0
       0
       0
       0
       0
       0
       0
       0
       0
       0
       0
       0
       0
       0
       0
       0
       0
       0
       0
       0
       0
       0
       0
       0
       0
       0
       0
       0
       0
       0
       0
       0
       0
       0
       0
       0
       0
       0
       0
       0
       0
       0
       0
       0
       0
       0
       0
       0
       0
       0
       0
       0
       0
       0
       0
       0
       0
       1
       0
       0
       0
       0
       0
       0
       0
       0
       0
       0
       0
       0
       0
       0
       0
       0
       0
       0
       0
       0
       0
       0
       0
       0
       0
       0
       0
       0
       0
       0
       0
       0
       0
       0
       0
       0
       0
       0
       0
       0
       0
       0
       0
       0
       0
       0
       0
       0
       0
       0
       0
       0
       0
       0
       0
       0
       0
       0
       0
       0
       0
       0
       0
       0
       0
       0
       0
       0
       0
       0
       0
       0
       0
       0
       0
       0
       0
       0
       0
       0
       0
       0
       0
       0
       0
       0
       0
       0
       0
       0
       0
       0
       0
       0
       0
       0
       0
       0
       0
       0
       0
       0
       0
       0
       0
       0
       0
       0
       0
       0
       0
       0
       0
       0
       0
       0
       0
       0
       0
       0
       0
       0
       0
       0
       0
       0
       0
       0
       0
       0
       0
       0
       0
       0
       0
       0
       0
       0
       0
       0
       0
       0
       0
       0
       0
       0
       0
       0
       0
       0
       0
       0
       0
       0
       0
       0
       0
       0
       0
       0
       0
       0
       0
       0
       0
       0
       0
       0
       0
       0
       0
       0
       0
       0
       0
       0
       0
       0
       0
       0
       0
       0
       0
       0
       0
$ROI:
1
1903 1931
$PRESETS:
None
0
0
$ENER_FIT:
3.319389 0.594734
$MCA_CAL:
3
3.319389E+000 5.947341E-001 0.000000E+000 keV
$SHAPE_CAL:
3
2.857754E+000 -1.166080E-003 0.000000E+000
