$SPEC_ID:
No sample description was entered.
$SPEC_REM:
DET# 1
DETDESC# DESKTOP-AKUPN2F Easy-MCA-8k SN 09022236
AP# Maestro Version 7.01
$DATE_MEA:
02/08/2017 14:03:05
$MEAS_TIM:
2878 2965
$DATA:
0 8191
       0
       0
       0
       0
       0
       0
       0
       0
       0
       0
       0
       0
       0
       0
       0
       0
       0
       0
       0
       0
       0
       0
       0
       0
       0
       0
       0
       0
       0
       0
       0
       0
       0
       0
       0
       0
       0
       0
       0
       0
       0
       0
       0
       0
       0
       0
       0
       0
       0
       0
       0
       0
       0
       0
       0
       0
       0
       1
      14
      55
     126
     132
     495
     900
     208
      41
      78
     114
     195
    1061
    1435
    1357
    1300
    1313
    1289
    1298
    1330
    1314
    1353
    1329
    1367
    1371
    1319
    1334
    1384
    1394
    1364
    1485
    1416
    1395
    1465
    1463
    1432
    1481
    1502
    1511
    1543
    1579
    1567
    1592
    1600
    1658
    1701
    1664
    1582
    1718
    1740
    1742
    1804
    1778
    1808
    1803
    1858
    1898
    1949
    2483
    3992
    5288
    5225
    5159
    7183
    8418
    5643
    2884
    1894
    1680
    1660
    1690
    1783
    1646
    1641
    1710
    1733
    1713
    1968
    2806
    4100
    4606
    3583
    2611
    2423
    2532
    2257
    1934
    1625
    1534
    1673
    1631
    1568
    1622
    1628
    1561
    1554
    1606
    1582
    1556
    1673
    1524
    1527
    1577
    1577
    1625
    1600
    1591
    1633
    1601
    1569
    1557
    1582
    1602
    1527
    1591
    1624
    1607
    1590
    1641
    1623
    1582
    1621
    1613
    1578
    1565
    1592
    1528
    1598
    1586
    1566
    1557
    1568
    1552
    1584
    1506
    1538
    1507
    1558
    1547
    1559
    1493
    1569
    1571
    1579
    1526
    1541
    1499
    1518
    1518
    1452
    1531
    1558
    1507
    1573
    1513
    1550
    1537
    1490
    1539
    1562
    1524
    1481
    1536
    1514
    1611
    1491
    1492
    1567
    1478
    1494
    1610
    1518
    1488
    1469
    1492
    1516
    1460
    1507
    1473
    1532
    1516
    1531
    1515
    1412
    1484
    1461
    1484
    1552
    1520
    1535
    1444
    1446
    1506
    1478
    1446
    1544
    1464
    1483
    1429
    1425
    1446
    1502
    1490
    1530
    1395
    1422
    1456
    1427
    1464
    1454
    1459
    1432
    1463
    1492
    1480
    1462
    1419
    1429
    1449
    1418
    1431
    1432
    1409
    1421
    1489
    1413
    1457
    1444
    1402
    1504
    1427
    1449
    1440
    1501
    1465
    1355
    1525
    1453
    1424
    1506
    1460
    1429
    1378
    1360
    1435
    1489
    1460
    1484
    1413
    1479
    1401
    1424
    1405
    1456
    1407
    1487
    1453
    1512
    1427
    1520
    1436
    1409
    1419
    1480
    1408
    1481
    1462
    1452
    1489
    1479
    1539
    1476
    1402
    1485
    1488
    1427
    1484
    1523
    1500
    1529
    1536
    1556
    1593
    1586
    1603
    1651
    1487
    1587
    1622
    1572
    1643
    1641
    1573
    1668
    1617
    1673
    1552
    1682
    1626
    1664
    1591
    1621
    1579
    1628
    1571
    1556
    1632
    1524
    1545
    1651
    1602
    1554
    1506
    1632
    1562
    1605
    1625
    1501
    1585
    1610
    1577
    1602
    1527
    1538
    1539
    1559
    1617
    1534
    1563
    1663
    1712
    1783
    1744
    1601
    1559
    1664
    1572
    1537
    1506
    1485
    1524
    1535
    1513
    1491
    1497
    1529
    1574
    1458
    1484
    1447
    1473
    1418
    1453
    1475
    1417
    1496
    1444
    1408
    1478
    1463
    1417
    1360
    1396
    1428
    1341
    1413
    1426
    1364
    1393
    1407
    1331
    1344
    1365
    1348
    1403
    1284
    1333
    1324
    1250
    1290
    1308
    1322
    1305
    1325
    1325
    1261
    1297
    1318
    1308
    1312
    1310
    1312
    1286
    1279
    1294
    1283
    1236
    1283
    1266
    1247
    1202
    1273
    1268
    1293
    1202
    1309
    1171
    1229
    1265
    1301
    1235
    1225
    1216
    1199
    1215
    1175
    1257
    1260
    1206
    1187
    1177
    1168
    1230
    1286
    1328
    1203
    1160
    1205
    1194
    1132
    1233
    1183
    1222
    1177
    1186
    1198
    1115
    1131
    1128
    1126
    1194
    1211
    1144
    1081
    1126
    1109
    1201
    1273
    1220
    1237
    1071
    1073
    1155
    1092
    1051
    1094
    1140
    1098
    1130
    1122
    1103
    1112
    1076
    1096
    1054
    1052
    1105
    1058
    1104
    1091
    1076
    1072
    1098
    1042
    1088
    1098
    1061
    1073
    1108
    1125
    1041
    1065
    1108
    1063
    1080
     993
    1088
    1067
    1091
    1083
    1118
    1048
    1084
    1105
    1092
    1085
    1105
    1083
    1029
     996
    1035
    1053
    1044
    1044
     990
    1058
    1085
    1023
    1030
     992
    1043
     945
    1002
    1027
    1113
    1246
    1108
    1092
    1056
    1009
    1029
     995
     948
     961
     954
     998
     945
     991
     959
    1015
    1027
    1020
     999
     995
     978
     988
     957
     970
     914
     994
    1031
     973
     963
    1032
     953
     951
     996
    1011
     927
     995
     961
     950
     921
     977
     970
     949
     950
    1015
     993
    1040
     989
     929
     930
    1004
     959
     973
     944
     967
     934
     987
     942
     961
     888
     973
     964
     988
     988
     941
     948
     940
     946
     928
     938
     943
     946
     998
     962
     939
     903
     906
     971
     970
     912
     928
     942
     904
    1019
     920
     896
     956
     940
     930
     908
     958
     926
     882
     940
     926
     977
     923
     936
     943
     912
     934
     981
     932
     953
    1014
     928
    1007
     966
     902
     929
     911
     957
     907
     950
     930
     960
     875
     949
     954
     912
     864
     897
     911
     949
     953
     949
     913
     897
     918
     900
     939
    1010
     881
     903
     871
     960
     907
     912
     888
     912
     951
     907
     942
     865
     914
     932
     886
     885
     878
     910
     875
     911
     903
     936
     872
     867
     889
     920
     894
     910
     920
     866
     939
     900
     918
     940
     888
     986
     918
     909
     947
     884
     893
     890
     917
     905
     942
     848
     911
     927
     899
     919
     908
     923
     900
     891
     885
     918
     857
     911
     896
     887
     911
     865
     906
     858
     951
     855
     869
     893
     921
     933
     876
     874
     922
     906
     882
     930
     955
     886
     872
     928
     872
     845
     878
     937
     854
     906
     935
     903
     870
     942
     927
     895
     870
     918
     890
     871
     924
     920
     834
     885
     833
     878
     912
     907
     921
     897
     885
     836
     872
     904
     905
     908
     850
     871
     924
     886
     882
     883
     916
     884
     831
     886
     828
     882
     921
     966
    1062
    1192
    1329
    1443
    1426
    1292
    1084
    1009
     898
     872
     885
     902
     893
     897
     908
     895
     869
     890
     921
     824
     852
     872
     872
     878
     854
     951
     886
     898
     806
     897
     891
     864
     901
     845
     875
     855
     944
     891
     857
     906
     891
     888
     893
     862
     900
     887
     870
     908
     884
     914
     870
     843
     880
     880
     928
     874
     893
     869
     875
     903
     893
     933
     882
     869
     881
     861
     949
     881
     865
     891
     859
     911
     869
     917
     943
     928
     879
     871
     863
     906
     904
     886
     877
     858
     885
     882
     884
     869
     824
     852
     905
     857
     873
     891
     862
     799
     864
     928
     872
     898
     902
     885
     876
     895
     891
     871
     923
     909
     904
     889
     851
     848
     905
     908
     925
     898
     882
     894
     924
     911
     952
     961
     992
     955
     902
     862
     878
     895
     867
     840
     866
     901
     881
     930
     820
     844
     909
     849
     870
     887
     885
     866
     873
     896
     947
     812
     919
     872
     866
     918
     900
     846
     894
     872
     867
     884
     858
     940
     931
     873
     900
     876
     970
    1059
    1098
     994
     987
     876
     879
     920
     870
     869
     951
     919
     893
     840
     859
     873
     862
     899
     955
     870
     899
     891
     946
     843
     914
     872
     898
     878
     886
     949
     839
     900
     936
     896
     904
     885
     871
     903
     847
     919
     914
     859
     955
     909
     892
     879
     917
     855
     917
     892
     874
     885
     886
     894
     881
     867
     927
     861
     901
     932
     882
     885
     863
     920
     903
     866
     907
     933
     930
     881
     865
     877
     944
     909
     853
     913
     944
     873
     862
     919
     869
     969
     874
     861
     948
    1020
    1019
    1028
    1009
     912
     915
     936
     933
     889
     944
     917
     899
     892
     863
     876
     872
     887
     924
     888
     916
     861
     887
     892
     913
     941
     877
     906
     877
     891
     887
     893
     952
     882
     907
     928
     962
     956
     890
     917
     922
     933
     958
     906
     902
     840
     850
     970
     860
     932
     923
     953
     884
     917
     894
     904
     913
     932
     955
     964
     818
     931
     927
     937
     907
     897
     883
     924
     981
     907
     897
     933
     908
     896
     938
     926
     913
     907
     936
     870
     933
     911
     898
     922
     970
     928
     904
     953
     871
     911
     820
     866
     857
     997
     916
     904
     934
     945
     946
     950
     893
     928
     911
     905
     944
     919
     875
     904
     928
     961
     922
     917
     977
     965
     882
     946
     913
     928
     900
     922
     945
     953
     925
     862
     901
     906
     928
     932
     896
     948
     920
     900
     972
     967
     926
    1000
     943
     904
     898
     968
     952
     909
     993
     932
     902
     919
     903
     924
     948
     999
     903
     965
     918
     885
     914
     948
     958
     917
     943
     959
     938
     964
     939
     894
     943
     944
     967
     946
     948
     979
     967
     940
     968
     935
     978
     951
     961
     982
     929
    1008
     938
     984
     972
     980
     957
     956
     935
     928
     997
     940
     990
    1030
     939
     970
     945
     947
     975
     976
    1006
     934
    1022
     985
     993
     978
     951
     954
     975
     939
    1004
     996
     989
     943
     917
     984
     969
    1007
     934
     962
    1010
     933
     925
    1012
     939
     952
     980
     915
     999
     982
     945
     976
     969
     962
     909
     971
     943
     994
     931
     974
    1027
     999
    1017
     987
     971
    1044
     979
     968
     974
     987
     968
     970
     971
     971
     941
     981
    1042
     943
    1084
     992
     963
    1014
    1024
    1034
    1039
    1069
    1082
    1045
    1010
    1007
     996
     977
     954
     990
    1050
     901
    1029
     982
    1057
     943
     988
    1054
     983
    1011
     993
     953
    1040
     998
    1048
    1022
     958
     979
    1028
     926
    1001
    1003
     991
    1026
    1018
    1043
     986
    1082
    1023
    1013
    1003
    1021
     966
    1004
    1018
    1007
    1024
    1024
    1015
     997
     965
    1065
    1030
     982
    1031
    1032
    1020
    1027
    1041
     968
    1039
    1092
    1028
    1025
    1025
    1030
    1096
    1030
    1040
    1075
    1073
    1042
    1045
    1098
    1035
    1050
    1079
    1066
    1041
    1010
    1024
    1028
    1015
    1088
    1069
    1002
    1050
    1087
    1032
    1092
    1057
    1084
    1037
    1061
    1065
    1061
    1060
    1039
    1010
    1086
    1074
    1094
    1107
    1072
    1051
    1098
    1102
    1090
    1060
    1094
    1085
    1049
    1039
    1100
    1018
    1085
    1110
    1114
    1090
    1142
    1115
    1116
    1037
    1031
    1081
    1077
    1111
    1137
    1095
    1131
    1121
    1147
    1082
    1185
    1094
    1139
    1128
    1169
    1157
    1103
    1130
    1123
    1183
    1124
    1108
    1174
    1175
    1253
    1215
    1242
    1176
    1152
    1143
    1181
    1153
    1108
    1175
    1223
    1154
    1076
    1120
    1135
    1146
    1153
    1161
    1199
    1137
    1191
    1178
    1150
    1215
    1170
    1222
    1184
    1151
    1241
    1101
    1098
    1179
    1218
    1256
    1162
    1195
    1146
    1151
    1184
    1218
    1181
    1180
    1224
    1173
    1206
    1284
    1167
    1153
    1174
    1211
    1182
    1200
    1271
    1187
    1172
    1201
    1277
    1241
    1275
    1210
    1193
    1352
    1212
    1251
    1181
    1281
    1218
    1185
    1237
    1264
    1182
    1166
    1216
    1240
    1231
    1198
    1180
    1195
    1146
    1182
    1240
    1151
    1126
    1128
    1125
    1096
    1054
    1045
    1114
    1025
    1033
    1051
    1051
    1146
     984
    1089
    1006
     995
     998
    1016
     928
    1067
     949
     962
    1032
     979
     934
     972
     929
     981
     984
     975
     968
     950
     942
     949
     936
     936
     975
     934
     939
     940
     914
     926
     974
     950
     946
     891
     960
     922
     883
     937
     964
     939
     980
     953
     987
     964
     958
     959
     907
     942
     935
     936
     901
     910
     966
     963
     921
     931
     958
     917
     932
     932
     924
     911
     889
     886
     891
     935
     951
     927
     890
     924
     920
     896
     875
     908
     939
     907
     894
     955
     922
     964
     877
     886
     929
     915
     894
     883
     936
     955
     934
     948
     889
     896
     922
     960
     863
     895
     898
     871
     885
     814
     866
     863
     885
     878
     882
     834
     916
     876
     918
     874
     907
     887
     855
     833
     917
     844
     872
     914
     815
     857
     822
     873
     883
     845
     842
     867
     856
     863
     880
     827
     811
     869
     848
     853
     857
     876
     847
     836
     858
     848
     864
     848
     835
     883
     781
     825
     782
     803
     848
     866
     866
     831
     806
     829
     797
     850
     805
     909
     876
     824
     850
     874
     811
     845
     882
     799
     843
     864
     834
     799
     876
     858
     836
     857
     768
     791
     855
     840
     884
     845
     876
     852
     841
     847
     823
     847
     837
     858
     861
     920
     871
     847
     863
     860
     927
     869
     841
     821
     865
     838
     852
     847
     823
     884
     818
     802
     899
     827
     861
     900
     829
     804
     850
     859
     898
     831
     902
     877
     873
     861
     781
     824
     851
     869
     882
     831
     851
     796
     866
     845
     843
     807
     842
     784
     817
     808
     791
     789
     785
     796
     756
     703
     739
     733
     656
     665
     694
     738
     649
     689
     647
     611
     581
     631
     600
     602
     568
     598
     571
     590
     552
     582
     603
     592
     568
     577
     586
     623
     577
     563
     525
     574
     579
     571
     599
     578
     544
     579
     556
     590
     520
     562
     552
     504
     513
     531
     557
     494
     549
     551
     551
     528
     478
     577
     540
     522
     487
     503
     520
     489
     459
     505
     537
     512
     545
     507
     502
     494
     496
     463
     489
     516
     477
     471
     502
     450
     452
     470
     434
     432
     507
     460
     493
     468
     449
     508
     589
     972
    2006
    4029
    7574
   12976
   19561
   24464
   22945
   14876
    6977
    2190
     688
     420
     340
     320
     326
     307
     338
     332
     336
     336
     331
     361
     313
     305
     337
     284
     319
     286
     328
     329
     334
     304
     309
     305
     266
     277
     271
     291
     294
     297
     297
     274
     290
     268
     296
     297
     280
     301
     227
     301
     274
     271
     288
     266
     250
     245
     236
     223
     231
     248
     238
     245
     270
     247
     224
     240
     220
     242
     226
     219
     223
     214
     240
     219
     206
     196
     204
     212
     206
     217
     206
     190
     175
     190
     191
     223
     187
     183
     175
     192
     202
     180
     184
     209
     165
     183
     172
     212
     193
     190
     161
     187
     200
     164
     234
     191
     168
     166
     170
     188
     171
     190
     192
     192
     163
     183
     172
     139
     163
     152
     164
     141
     158
     156
     159
     161
     153
     145
     143
     158
     161
     147
     158
     166
     164
     139
     156
     153
     151
     150
     134
     148
     150
     150
     163
     166
     145
     147
     130
     140
     130
     135
     136
     137
     145
     127
     149
     129
     150
     132
     141
     150
     134
     139
     150
     131
     133
     141
     133
     137
     152
     125
     144
     120
     106
     134
     135
     118
     137
     148
     142
     140
     124
     136
     117
     123
     134
     128
     120
     125
     116
     123
     132
     141
     118
     133
     129
     133
     111
     128
     139
     128
     128
     123
     129
     124
     129
     133
     149
     128
     131
     130
     127
     124
     121
     119
     118
     121
     118
     113
     122
     109
     127
     116
     123
     121
     117
     125
     125
     119
     103
     101
     123
     127
     130
      99
     116
     112
     113
     112
     102
     106
     131
     134
     126
      98
     114
     113
     131
     116
     119
     111
     103
     110
     125
     136
     190
     308
     687
    1576
    3395
    6280
   10601
   16331
   22352
   23518
   18979
   10653
    4099
    1053
     210
      49
      28
      30
      23
      21
      23
      33
      27
      28
      30
      35
      29
      22
      26
      20
      28
      25
      18
      29
      27
      26
      18
      31
      24
      17
      17
      31
      21
      32
      18
      23
      16
      27
      18
      20
      21
      23
      25
      23
      17
      27
      12
      24
      20
      21
      19
      21
      15
      22
      17
      21
      16
      19
       9
      12
      16
      23
      23
      20
      21
      24
      18
      27
      23
      23
      25
      26
      20
      15
      29
      19
      16
      21
      16
      16
      13
      15
      14
      16
      23
      19
      21
      14
      11
      15
      15
      21
      12
      23
      22
      21
      18
      20
      19
      14
      19
      14
      19
      17
      16
      15
      15
      19
      14
      25
      19
      24
      20
      28
      16
      24
      16
      17
      22
      17
      23
      20
      12
      23
      14
      30
      10
      10
      14
      19
      15
      13
      14
      16
      16
      12
      18
      15
      19
      12
      12
      21
       9
      17
      14
      13
      13
      18
      18
      15
       7
      17
      16
      17
      13
      15
      19
      12
      12
       6
      15
      21
       9
      21
       9
      10
      21
       6
      21
      18
      12
      16
      14
      14
      15
      14
      12
      13
      21
      11
      19
      13
      14
      15
      15
      16
      13
       9
      13
      10
      11
      16
      15
      19
       8
      11
      12
      13
      15
      19
      21
      30
      38
      52
      82
     169
     242
     399
     495
     432
     320
     138
      65
      21
      13
      15
      13
      16
      15
      12
      11
      11
       8
       7
      12
      13
      17
      16
       7
       9
      10
      10
       9
      16
      10
       9
       7
      18
      12
       9
       8
      14
       9
      17
       9
      16
       9
       9
       7
      10
      19
      13
       8
       5
      11
      12
       9
      11
      11
      10
      14
      14
      10
      10
      11
      12
      11
      10
      13
       8
      17
       7
       9
       9
       2
      10
      10
       9
      14
       8
       9
      11
      13
      15
      14
      18
       9
      18
      21
      22
      13
      11
       9
       8
      15
       7
      13
       7
      14
      11
       9
      12
      13
       5
      11
      12
      11
      13
      13
      10
      11
      10
       7
       6
       5
       9
      12
      14
      19
       9
      17
       8
       6
      14
       6
       4
       8
      10
      12
      17
       8
      10
      17
      19
      13
      11
      21
      10
       8
       6
      15
      10
      14
      10
       6
       8
      14
      10
       9
       5
      10
      15
      16
       8
      15
      13
       8
       9
      16
      11
       7
      13
       4
       8
       8
      13
       3
      15
       6
       8
       9
       5
      13
      12
      17
      12
      13
       9
      12
       7
       8
      12
      15
       8
       6
       7
       8
       8
       7
       6
       7
       6
      13
      10
      13
      10
      12
       9
       6
      12
       7
      18
       8
       7
      15
       8
      10
      18
       8
       8
      14
       7
      18
      21
      22
      11
      19
      18
      14
      15
       5
      13
      18
      15
       8
      11
       4
      11
       9
       6
       5
       9
       4
       7
      14
      13
       5
      13
       6
       7
       3
       9
       8
      16
       6
       9
       5
       8
       9
       9
      16
       7
      15
      14
      16
       7
      16
       8
       7
       6
      11
       1
       8
       5
       5
       7
      16
      16
      15
       9
       7
       8
      12
       5
       6
      14
      10
      11
       9
       9
      14
       6
       7
       4
      15
      11
      15
      10
       7
       8
      11
      11
       9
      10
       7
      11
       7
       6
      11
      10
       5
       9
      13
       6
       9
      12
       5
       8
       6
       4
       8
      11
       7
       5
       7
       9
       5
       5
       9
       9
       4
       6
       6
       9
       4
       8
       8
      16
      12
       7
       7
       7
       5
      12
       8
      13
      12
       8
      11
      14
       3
       9
       4
       8
      11
       8
       5
       8
       6
      12
       5
       9
       9
       5
       6
       7
       7
       6
       6
       4
       5
       2
       5
       4
       6
       5
       8
       8
       4
       6
       8
       8
       9
      10
       7
       6
      10
       7
       8
       7
       5
       4
       7
       4
      10
       6
       5
       8
      10
       6
       6
       7
       2
       2
      10
       8
       8
       4
       7
       3
       5
      13
       0
       8
       8
      10
       3
       6
       8
       7
       7
       7
       5
       8
       7
       6
      17
      10
       7
       6
       8
       9
      10
       8
       4
       7
       9
      12
       8
       8
       5
       4
       3
       3
       7
      10
       8
       9
       4
       7
      16
       6
       8
       6
      13
       5
      10
      11
       7
       7
      10
       6
       5
       9
       6
       3
       7
       4
       6
       7
       7
       6
       4
       9
       7
       5
       6
       7
       7
       9
      10
       5
       5
       5
      14
       7
       4
       8
      11
       5
       3
       7
       7
       8
       5
       3
       4
       8
       7
       5
       3
      11
       5
       9
       4
      12
       7
       5
      15
      20
      16
      17
      40
      26
      37
      21
      10
       9
       7
      10
       4
       4
      10
       6
       4
       7
       5
       5
       7
       5
       7
       5
       6
       6
       4
       5
       3
       4
       9
       7
       4
       4
       7
       4
       7
       6
       5
      10
       5
       8
       8
       6
       7
       8
       6
       7
       8
       6
       6
       7
       8
       5
       6
       5
       2
       8
       7
       6
       6
       5
       6
       5
       5
       8
       4
       6
       5
       2
       6
       3
       5
       6
       5
       4
       5
       6
       6
       4
      12
       6
       3
       3
       5
       5
       5
       6
       8
       3
       6
       5
       4
       1
       5
       6
       3
       9
       9
       5
       6
       4
       0
       4
       7
       5
       8
       6
      16
       5
       5
       5
       8
       5
       4
       8
      11
       8
      11
       7
       2
       6
       6
       4
      12
       4
       8
       3
       8
       6
       5
       4
       9
       4
       7
       6
      13
       7
       6
      11
       8
       8
       8
       7
       4
       7
       6
       6
       4
       4
       9
       2
       9
       3
      10
       2
       6
       3
       5
       3
       4
       7
       3
       8
      12
       1
       6
       3
       3
       6
       4
       2
      13
      11
       6
       8
       7
       5
       7
       4
       6
       3
       4
       7
       3
       5
       5
       3
       6
       7
       7
       1
       4
       5
       2
       4
       4
       3
       9
       7
       5
       5
       6
       0
       5
       4
       4
      10
       3
       7
       6
       7
       2
       3
       3
       8
       5
       7
       7
       4
       7
       7
       3
       2
       9
       6
       4
       3
       3
       3
       7
       4
       4
       5
       2
       5
       7
       4
       6
       5
       5
       7
       5
       3
       6
       4
       6
       7
       6
       7
       6
       4
       7
       8
       4
       6
       3
       1
       6
       3
       3
       6
       1
       5
       2
       1
       2
       2
       2
       5
       6
       7
       7
       5
       0
       8
       8
       3
       3
       5
       5
       1
       6
       5
       6
       4
       6
       5
       8
       5
       4
       5
       1
       2
       3
       3
       4
       4
       3
       8
       5
       2
       5
       5
       5
       6
       3
       6
       6
       6
       3
       5
       4
       6
      10
       3
       6
       2
       9
       6
       1
       5
       2
       4
       7
       7
       9
       6
       8
      10
       5
       5
       5
       8
       3
       2
       2
       5
       7
       7
       3
       5
       1
       3
       3
       5
       5
       2
       5
       5
       4
       6
       2
       3
       3
       5
       4
       5
       3
       2
       6
       5
       3
       4
       2
       2
       6
       5
       4
       3
       3
       4
       6
       3
       1
       3
       4
       3
       1
       5
       6
       2
       4
       5
       6
       4
       4
       2
       3
       3
       3
       4
       5
       2
       2
       5
       8
       1
       6
       2
       5
       5
       3
       4
       4
       7
       1
       4
       2
       2
       7
       7
       2
       4
       5
       6
       8
       3
       4
       2
       3
       5
       4
       4
       2
       2
       4
       2
       5
       3
       6
       4
       5
       2
       7
       3
       4
       5
       3
       4
       4
       3
       3
       7
       7
       6
       8
       1
       5
       4
       5
       3
       5
       4
       2
       6
       6
       7
       4
       6
       4
       3
       3
       4
       5
       4
       8
       6
       4
       6
       3
       4
       3
       9
       4
       8
       4
       3
       4
       3
       6
       5
       5
       3
       7
       4
       2
       3
       3
       2
       0
       2
       9
       4
       1
       2
       2
       0
       3
       4
       0
       2
       2
       3
       7
       5
       3
       0
       2
       3
       5
       2
       1
       1
       4
       4
       0
       2
       1
       6
       7
       7
       2
       2
       2
       3
       1
       8
       2
       2
       2
       8
       2
       3
       3
       4
       4
       4
       3
       2
       2
       4
       4
       3
       1
       2
       2
       3
       5
       1
       3
       2
       7
       5
      10
       8
       7
      10
       9
       8
       9
       9
       3
       4
       7
       3
       0
       2
       2
       1
       6
       2
       0
       5
       5
       2
       4
       3
       6
      10
       7
       6
       4
       8
       6
       0
       3
       5
       6
       3
       4
       8
       5
       2
       0
      11
       5
       5
       5
       5
       2
       7
       5
       5
       7
       2
       2
       1
       6
       2
       3
       1
       6
       4
       4
       4
       1
       3
       3
       3
       6
       3
       2
       3
       3
       3
       1
       3
       3
       2
       5
       5
       4
       4
       6
       3
       4
       5
       7
       2
       5
       5
       3
       1
       1
       0
       3
       3
       7
       5
       3
       3
       4
       4
       2
       2
       4
       3
       1
       5
       4
       5
       1
       4
       2
       5
       1
       4
       3
       3
       2
       5
       3
       2
       7
       4
       1
       2
       4
       4
       2
       2
       4
       2
       5
       8
       3
       3
       2
       3
       3
       3
       1
       1
       4
       2
       5
       3
       3
       3
       3
       2
       2
       1
       2
       1
       0
       5
       4
       2
       1
       7
       5
       4
       1
       5
      12
       4
      12
       4
      16
      11
       8
       9
       4
       3
       8
       2
       2
       2
       6
       2
       3
       6
       4
       2
       1
       2
       1
       3
       0
       4
       3
       2
       2
       6
       6
       3
       4
       1
       1
       2
       3
       2
       3
       1
       4
       2
       1
       5
       2
       4
       1
       3
       4
       4
       1
       2
       3
       3
       1
       6
       4
       4
       2
       1
       5
       3
       2
       2
       3
       4
       4
       0
       2
       3
       4
       3
       4
       3
       3
       3
       3
       3
       3
       0
       2
       2
       4
       5
       4
       4
       1
       0
       5
       5
       3
       3
       3
       0
       7
       3
       1
       2
       1
       6
       0
       2
       3
       3
       1
       2
       2
       5
       4
       1
       4
       2
       2
       3
       1
       4
       2
       3
       0
       4
       3
       5
       3
       3
       3
       3
       4
       2
       1
       0
       1
       4
       2
       2
       2
       5
       2
       3
       2
       1
       2
       2
       2
       0
       2
       4
       4
       1
       1
       2
       4
       2
       5
       4
       2
       2
       4
       4
       1
       1
       7
       5
       1
       4
       4
       6
       6
       3
       1
       4
       3
       2
       1
       2
       3
       0
       2
       2
       0
       2
       2
       2
       1
       2
       1
       4
       0
       3
       4
       3
       2
       7
       1
       2
       4
       0
       3
       2
       4
       2
       2
       2
       2
       2
       1
       2
       1
       3
       4
       4
       3
       2
       1
       3
       1
       2
       4
       1
       2
       1
       2
       3
       3
       4
       3
       5
       5
       2
       0
       3
       5
       1
       3
       3
       4
       2
       1
       3
       3
       2
       3
       4
       3
       2
       3
       4
       3
       1
       1
       2
       4
       2
       4
       5
       3
       4
       2
       5
       6
       1
       0
       1
       3
       1
       4
       4
       5
       2
       1
       4
       2
       3
       2
       3
       3
       0
       1
       2
       1
       3
       3
       4
       1
       5
       0
       3
       3
       2
       3
       3
       1
       0
       1
       4
       1
       2
       2
       2
       5
       3
       0
       2
       0
       0
       1
       4
       0
       1
       1
       4
       3
       2
       3
       2
       4
       1
       4
       2
       1
       1
       1
       5
       3
       1
       0
       0
       1
       2
       0
       1
       1
       1
       1
       3
       2
       2
       1
       3
       2
       4
       4
       3
       2
       1
       1
       2
       0
       3
       5
       2
       0
       0
       0
       1
       0
       2
       1
       1
       2
       3
       0
       1
       0
       2
       2
       4
       3
       3
       3
       0
       3
       2
       3
       2
       2
       2
       3
       1
       0
       1
       1
       2
       0
       2
       3
       1
       1
       1
       0
       3
       3
       2
       1
       4
       2
       1
       2
       5
       3
       3
       4
       1
       4
       4
       1
       1
       4
       0
       3
       0
       1
       3
       0
       1
       0
       2
       0
       1
       0
       3
       2
       1
       0
       0
       2
       5
       2
       2
       0
       1
       2
       0
       2
       0
       2
       1
       1
       0
       0
       4
       1
       2
       0
       1
       0
       2
       1
       1
       1
       0
       0
       2
       5
       1
       1
       4
       1
       1
       0
       0
       0
       0
       1
       0
       0
       1
       0
       2
       0
       3
       3
       2
       1
       0
       1
       4
       2
       0
       2
       2
       2
       3
       1
       3
       0
       0
       4
       1
       1
       1
       2
       3
       1
       5
       4
       5
       1
       6
       1
       4
       2
       1
       0
       2
       1
       2
       0
       0
       0
       0
       1
       0
       0
       0
       2
       1
       0
       0
       0
       1
       1
       1
       0
       0
       0
       0
       1
       0
       1
       0
       0
       1
       0
       0
       1
       0
       0
       0
       0
       0
       0
       0
       1
       0
       0
       0
       0
       0
       1
       1
       0
       0
       1
       0
       0
       0
       1
       0
       0
       0
       0
       0
       0
       1
       0
       0
       0
       0
       1
       0
       0
       1
       0
       0
       1
       0
       0
       0
       0
       0
       0
       1
       0
       1
       0
       0
       1
       0
       1
       2
       0
       0
       0
       0
       0
       0
       3
       1
       1
       0
       0
       0
       0
       0
       0
       0
       0
       0
       0
       0
       0
       0
       0
       1
       0
       0
       1
       0
       0
       0
       0
       2
       0
       2
       0
       0
       0
       0
       0
       0
       0
       0
       0
       1
       1
       0
       0
       0
       0
       1
       1
       0
       1
       0
       0
       0
       0
       2
       0
       1
       0
       1
       0
       0
       1
       1
       1
       0
       0
       0
       1
       0
       1
       2
       5
       3
       2
       7
       8
       8
      16
      28
      37
      45
      57
      32
      24
      20
       8
       1
       1
       0
       0
       1
       0
       0
       0
       0
       1
       0
       0
       0
       0
       0
       0
       0
       3
       0
       1
       0
       1
       0
       0
       1
       0
       1
       0
       0
       0
       0
       0
       0
       1
       0
       1
       0
       0
       0
       1
       1
       0
       0
       0
       0
       0
       0
       0
       0
       0
       1
       0
       0
       0
       1
       0
       0
       0
       1
       0
       0
       0
       0
       0
       0
       0
       1
       0
       0
       0
       0
       0
       1
       0
       1
       1
       0
       1
       0
       0
       0
       1
       0
       1
       0
       0
       0
       0
       0
       0
       1
       0
       0
       0
       0
       0
       0
       0
       0
       0
       0
       0
       0
       0
       0
       0
       0
       0
       0
       1
       1
       0
       0
       0
       0
       0
       0
       0
       0
       0
       1
       0
       0
       0
       0
       0
       0
       0
       0
       0
       0
       0
       0
       0
       0
       0
       0
       0
       0
       0
       0
       0
       0
       0
       0
       0
       1
       0
       0
       0
       0
       0
       0
       0
       0
       0
       0
       0
       0
       0
       0
       0
       0
       0
       0
       0
       0
       0
       0
       0
       0
       0
       0
       0
       0
       0
       0
       1
       1
       0
       0
       1
       1
       1
       0
       0
       0
       2
       0
       0
       0
       0
       0
       0
       0
       0
       0
       0
       0
       0
       0
       0
       0
       1
       1
       0
       0
       0
       0
       0
       0
       0
       1
       0
       0
       0
       0
       0
       0
       0
       0
       0
       0
       0
       0
       0
       0
       0
       0
       0
       1
       0
       0
       0
       0
       0
       0
       0
       0
       0
       0
       0
       0
       1
       2
       0
       0
       0
       0
       2
       0
       0
       0
       0
       0
       0
       0
       1
       0
       0
       0
       0
       0
       1
       1
       0
       0
       0
       0
       0
       0
       0
       1
       1
       0
       0
       0
       1
       0
       0
       0
       0
       0
       1
       0
       0
       0
       0
       0
       0
       0
       0
       0
       1
       0
       0
       0
       0
       0
       0
       0
       0
       0
       0
       0
       0
       0
       0
       1
       0
       0
       0
       1
       0
       1
       1
       1
       0
       0
       0
       0
       0
       0
       0
       0
       0
       0
       0
       0
       0
       0
       0
       0
       0
       0
       0
       0
       0
       0
       0
       0
       0
       2
       0
       0
       0
       0
       0
       0
       0
       0
       0
       0
       0
       0
       1
       0
       0
       0
       0
       0
       0
       0
       0
       0
       0
       0
       0
       0
       0
       0
       0
       1
       0
       0
       0
       0
       0
       0
       0
       1
       0
       0
       0
       0
       0
       0
       0
       0
       0
       0
       0
       0
       0
       0
       0
       0
       0
       0
       0
       2
       1
       0
       0
       0
       0
       0
       1
       0
       0
       0
       0
       0
       0
       0
       0
       0
       0
       0
       0
       0
       0
       0
       0
       0
       1
       0
       0
       0
       0
       0
       0
       0
       0
       0
       0
       0
       0
       0
       0
       0
       0
       0
       0
       0
       0
       0
       0
       0
       0
       0
       0
       0
       0
       0
       0
       0
       0
       0
       1
       0
       0
       0
       0
       0
       0
       0
       0
       0
       0
       0
       0
       0
       0
       1
       0
       0
       0
       0
       0
       0
       0
       0
       0
       0
       0
       0
       1
       0
       0
       0
       0
       0
       0
       0
       1
       0
       1
       0
       0
       0
       0
       1
       0
       1
       0
       0
       0
       0
       0
       0
       0
       0
       0
       0
       0
       1
       1
       0
       0
       0
       0
       0
       0
       0
       0
       1
       1
       0
       0
       0
       0
       0
       0
       1
       0
       0
       0
       0
       0
       0
       0
       0
       0
       0
       0
       0
       0
       0
       0
       0
       0
       0
       0
       0
       0
       0
       0
       0
       1
       0
       0
       0
       0
       0
       0
       0
       0
       0
       0
       0
       0
       0
       0
       1
       0
       0
       0
       0
       0
       0
       0
       0
       0
       0
       0
       0
       1
       0
       0
       0
       0
       0
       0
       1
       0
       0
       0
       0
       0
       0
       0
       0
       0
       0
       0
       0
       0
       0
       0
       0
       0
       0
       0
       0
       0
       0
       0
       0
       0
       0
       0
       0
       0
       1
       0
       0
       0
       0
       0
       1
       0
       0
       1
       0
       0
       0
       0
       0
       0
       0
       0
       0
       0
       1
       0
       0
       0
       0
       0
       0
       0
       0
       0
       0
       0
       0
       0
       0
       0
       0
       0
       0
       0
       0
       0
       0
       0
       1
       0
       0
       0
       0
       1
       0
       0
       0
       0
       0
       0
       1
       0
       0
       0
       0
       0
       0
       1
       0
       0
       0
       0
       1
       0
       0
       0
       0
       0
       0
       0
       0
       0
       1
       0
       0
       0
       0
       1
       1
       1
       0
       0
       0
       0
       0
       1
       0
       0
       0
       0
       0
       0
       0
       0
       0
       0
       0
       0
       0
       0
       0
       0
       0
       1
       0
       0
       0
       0
       0
       0
       0
       0
       0
       0
       0
       0
       0
       0
       0
       0
       0
       0
       0
       0
       0
       0
       0
       0
       0
       0
       0
       0
       0
       0
       0
       0
       0
       0
       0
       0
       0
       0
       0
       0
       0
       0
       0
       0
       0
       0
       0
       0
       0
       0
       0
       0
       0
       0
       0
       0
       0
       1
       0
       0
       0
       0
       0
       0
       0
       0
       0
       0
       0
       0
       0
       0
       0
       1
       0
       0
       0
       0
       0
       0
       0
       0
       0
       0
       0
       0
       0
       0
       0
       0
       0
       0
       0
       0
       0
       0
       0
       0
       0
       0
       0
       0
       1
       0
       0
       0
       0
       0
       0
       0
       0
       0
       0
       0
       0
       0
       0
       0
       0
       1
       0
       0
       0
       0
       0
       0
       0
       0
       0
       0
       0
       0
       0
       0
       0
       0
       0
       0
       0
       0
       0
       0
       0
       0
       0
       0
       0
       0
       0
       0
       0
       0
       0
       1
       0
       0
       0
       0
       0
       0
       0
       0
       0
       0
       0
       0
       0
       0
       0
       0
       0
       0
       0
       0
       1
       1
       1
       0
       0
       0
       0
       0
       0
       0
       0
       0
       0
       0
       0
       0
       0
       0
       0
       0
       0
       0
       0
       0
       0
       0
       1
       0
       0
       1
       0
       0
       0
       1
       0
       0
       0
       0
       0
       0
       0
       0
       0
       0
       0
       1
       0
       0
       0
       0
       0
       0
       0
       0
       0
       0
       1
       0
       0
       0
       0
       0
       0
       0
       0
       0
       0
       0
       0
       0
       0
       0
       0
       0
       0
       0
       0
       0
       0
       0
       1
       0
       0
       0
       0
       0
       1
       0
       0
       0
       0
       0
       0
       0
       0
       0
       0
       0
       0
       0
       0
       0
       0
       0
       0
       0
       1
       0
       0
       0
       0
       0
       0
       0
       0
       0
       0
       0
       0
       0
       0
       0
       0
       0
       0
       0
       0
       0
       0
       0
       1
       0
       0
       0
       0
       0
       0
       0
       0
       0
       0
       0
       0
       0
       1
       0
       0
       0
       0
       0
       0
       0
       0
       0
       0
       0
       1
       0
       0
       0
       0
       1
       0
       0
       0
       0
       0
       1
       0
       1
       0
       1
       0
       0
       0
       1
       0
       0
       0
       0
       0
       0
       0
       0
       0
       0
       1
       0
       0
       0
       0
       0
       0
       0
       0
       0
       0
       0
       0
       0
       0
       0
       0
       0
       0
       0
       0
       0
       0
       0
       0
       0
       0
       0
       0
       0
       1
       0
       0
       0
       0
       0
       0
       0
       0
       0
       0
       0
       0
       0
       0
       0
       0
       0
       0
       0
       0
       0
       0
       1
       0
       0
       0
       0
       0
       0
       0
       0
       0
       0
       0
       0
       0
       0
       1
       0
       0
       0
       1
       0
       0
       0
       0
       0
       0
       0
       0
       0
       0
       0
       0
       0
       0
       0
       0
       0
       0
       0
       0
       0
       0
       0
       0
       0
       0
       0
       0
       0
       0
       0
       0
       0
       0
       0
       0
       0
       0
       0
       0
       0
       1
       0
       1
       0
       0
       0
       0
       0
       0
       0
       0
       0
       0
       0
       0
       0
       0
       0
       0
       0
       0
       0
       0
       0
       0
       0
       0
       0
       0
       0
       0
       0
       0
       0
       0
       0
       0
       0
       0
       0
       0
       0
       0
       1
       0
       1
       0
       0
       0
       0
       0
       0
       0
       0
       0
       0
       0
       0
       0
       0
       0
       0
       0
       0
       0
       0
       0
       0
       0
       0
       0
       0
       0
       0
       0
       0
       0
       0
       0
       0
       0
       1
       0
       0
       0
       0
       0
       0
       0
       0
       0
       0
       0
       0
       0
       0
       0
       0
       0
       0
       0
       0
       0
       0
       0
       0
       0
       0
       0
       0
       0
       0
       0
       0
       0
       0
       0
       0
       0
       0
       0
       0
       0
       0
       0
       0
       0
       0
       0
       0
       0
       0
       0
       0
       0
       0
       0
       0
       0
       1
       0
       0
       0
       0
       1
       0
       0
       0
       0
       0
       0
       0
       0
       0
       0
       0
       0
       0
       0
       0
       0
       0
       0
       0
       0
       0
       0
       1
       1
       0
       0
       0
       0
       1
       0
       0
       0
       0
       0
       0
       0
       0
       0
       0
       0
       1
       0
       0
       0
       0
       0
       0
       1
       0
       0
       0
       1
       0
       0
       0
       0
       0
       0
       0
       0
       1
       0
       0
       0
       0
       0
       0
       1
       0
       0
       0
       0
       0
       0
       2
       0
       0
       0
       0
       1
       0
       0
       0
       0
       0
       0
       0
       0
       0
       0
       0
       0
       0
       0
       0
       0
       0
       0
       0
       0
       0
       0
       0
       0
       0
       0
       0
       0
       0
       0
       0
       0
       0
       0
       1
       0
       0
       0
       0
       0
       0
       0
       0
       0
       0
       0
       1
       0
       0
       0
       0
       0
       0
       0
       0
       0
       0
       0
       0
       0
       0
       0
       0
       0
       0
       0
       0
       0
       0
       0
       0
       0
       0
       0
       0
       0
       0
       0
       0
       0
       0
       0
       0
       0
       0
       0
       0
       0
       0
       0
       0
       0
       0
       0
       0
       0
       0
       0
       1
       0
       0
       0
       0
       0
       0
       0
       0
       0
       0
       0
       0
       0
       0
       0
       0
       0
       0
       0
       0
       0
       0
       0
       0
       0
       0
       0
       0
       0
       0
       0
       0
       0
       0
       0
       0
       0
       0
       1
       0
       0
       0
       0
       0
       0
       0
       0
       0
       0
       0
       0
       0
       0
       0
       0
       0
       0
       0
       0
       0
       0
       1
       0
       0
       0
       0
       0
       0
       0
       0
       0
       0
       0
       0
       0
       0
       0
       0
       0
       0
       0
       0
       0
       0
       0
       0
       1
       0
       0
       0
       0
       0
       0
       0
       0
       0
       0
       0
       0
       0
       1
       0
       0
       0
       0
       0
       0
       0
       0
       0
       0
       0
       0
       0
       0
       0
       0
       0
       0
       0
       0
       0
       0
       0
       0
       0
       1
       0
       0
       0
       0
       0
       0
       0
       1
       1
       0
       0
       1
       0
       1
       0
       0
       0
       0
       0
       0
       0
       0
       0
       0
       0
       0
       0
       0
       0
       0
       0
       0
       0
       0
       0
       0
       0
       0
       0
       0
       0
       0
       0
       0
       0
       0
       0
       0
       0
       0
       0
       0
       0
       0
       0
       0
       0
       0
       0
       0
       0
       0
       0
       0
       0
       0
       0
       0
       0
       0
       0
       0
       0
       0
       1
       0
       0
       0
       0
       0
       0
       0
       0
       0
       0
       0
       0
       0
       0
       0
       0
       0
       0
       0
       0
       0
       0
       0
       0
       0
       0
       0
       1
       0
       0
       0
       0
       0
       0
       0
       1
       0
       0
       0
       0
       1
       0
       0
       0
       0
       0
       0
       0
       0
       0
       0
       0
       0
       0
       0
       0
       0
       0
       0
       0
       0
       0
       1
       0
       0
       0
       0
       0
       0
       0
       0
       0
       0
       0
       0
       0
       0
       0
       0
       0
       0
       0
       0
       0
       1
       0
       0
       0
       0
       0
       0
       0
       0
       0
       0
       0
       0
       0
       0
       0
       0
       0
       0
       0
       0
       1
       0
       0
       0
       0
       0
       0
       0
       0
       0
       0
       0
       0
       0
       0
       0
       0
       0
       1
       0
       0
       0
       0
       0
       0
       0
       0
       0
       0
       0
       0
       0
       1
       0
       0
       0
       0
       0
       0
       0
       0
       0
       0
       0
       0
       0
       0
       0
       0
       0
       0
       0
       0
       0
       0
       0
       0
       0
       0
       0
       0
       0
       0
       0
       0
       0
       0
       0
       0
       0
       0
       0
       0
       0
       0
       0
       0
       0
       0
       0
       0
       0
       0
       0
       0
       0
       0
       0
       0
       0
       0
       0
       0
       0
       0
       0
       0
       0
       0
       0
       0
       1
       0
       0
       0
       0
       0
       0
       0
       0
       0
       0
       0
       0
       0
       0
       0
       0
       0
       0
       0
       0
       0
       0
       0
       1
       0
       0
       0
       0
       0
       0
       0
       0
       0
       0
       0
       1
       0
       0
       0
       0
       0
       0
       0
       0
       0
       0
       0
       0
       0
       0
       0
       0
       0
       0
       1
       0
       0
       0
       0
       0
       0
       0
       0
       0
       0
       0
       0
       0
       0
       0
       0
       0
       1
       0
       0
       0
       0
       0
       0
       0
       0
       0
       0
       0
       0
       0
       0
       0
       0
       0
       0
       0
       0
       1
       0
       0
       0
       0
       0
       0
       0
       0
       0
       0
       0
       0
       0
       0
       0
       0
       0
       0
       0
       0
       0
       0
       0
       0
       0
       0
       0
       0
       0
       0
       0
       0
       0
       1
       0
       0
       0
       0
       0
       0
       0
       0
       0
       0
       0
       0
       1
       0
       0
       0
       0
       0
       0
       0
       0
       0
       0
       0
       0
       0
       0
       0
       0
       0
       0
       0
       0
       0
       0
       0
       0
       0
       0
       0
       0
       0
       0
       0
       0
       0
       0
       0
       0
       0
       0
       0
       1
       0
       0
       0
       0
       0
       0
       0
       0
       0
       0
       0
       0
       0
       0
       0
       0
       0
       0
       0
       0
       1
       0
       0
       0
       0
       0
       1
       0
       0
       0
       0
       0
       0
       0
       0
       0
       0
       0
       0
       0
       0
       0
       0
       2
       0
       0
       0
       0
       0
       0
       0
       0
       0
       0
       0
       0
       0
       0
       1
       0
       0
       0
       0
       0
       0
       0
       0
       0
       0
       0
       0
       0
       0
       0
       0
       0
       0
       1
       0
       0
       0
       0
       0
       0
       0
       0
       0
       0
       0
       0
       1
       0
       0
       0
       0
       0
       0
       0
       0
       0
       0
       0
       0
       0
       0
       0
       0
       0
       0
       0
       0
       0
       0
       0
       0
       0
       0
       0
       0
       0
       0
       0
       0
       0
       0
       0
       0
       0
       0
       0
       0
       0
       0
       0
       0
       0
       0
       0
       0
       0
       0
       0
       0
       0
       0
       0
       0
       0
       0
       0
       0
       0
       1
       0
       0
       0
       0
       0
       0
       0
       0
       0
       0
       0
       0
       0
       0
       0
       0
       0
       0
       0
       0
       0
       0
       0
       0
       0
       0
       0
       0
       0
       0
       1
       0
       0
       0
       0
       0
       0
       0
       0
       0
       0
       0
       0
       0
       0
       1
       0
       0
       0
       0
       0
       0
       0
       0
       0
       0
       0
       0
       0
       0
       0
       0
       0
       0
       0
       0
       0
       0
       0
       0
       0
       0
       0
       0
       0
       0
       0
       0
       0
       0
       0
       0
       0
       0
       1
       0
       0
       0
       1
       0
       0
       0
       0
       0
       0
       0
       0
       0
       0
       0
       0
       0
       0
       0
       0
       0
       0
       0
       0
       0
       0
       0
       0
       0
       0
       0
       0
       0
       0
       0
       0
       0
       0
       0
       0
       0
       0
       0
       0
       0
       0
       0
       0
       0
       0
       0
       0
       0
       0
       0
       0
       0
       0
       0
       0
       0
       0
       0
       0
       0
       0
       0
       0
       0
       0
       0
       0
       0
       0
       0
       0
       0
       1
       0
       0
       0
       0
       0
       0
       0
       0
       0
       0
       0
       0
       0
       0
       0
       0
       0
       1
       0
       0
       0
       0
       0
       0
       0
       0
       0
       0
       0
       0
       1
       0
       0
       0
       0
       1
       0
       0
       0
       0
       0
       0
       0
       0
       0
       0
       0
       0
       0
       0
       0
       0
       0
       0
       0
       0
       0
       0
       0
       0
       0
       0
       0
       0
       0
       0
       0
       0
       0
       0
       0
       0
       0
       0
       0
       0
       1
       0
       0
       0
       0
       0
       0
       0
       0
       0
       0
       0
       0
       0
       0
       0
       0
       0
       0
       0
       0
       0
       0
       0
       0
       0
       0
       0
       0
       0
       0
       0
       0
       0
       0
       0
       0
       0
       0
       0
       0
       0
       0
       0
       0
       0
       0
       1
       0
       0
       0
       0
       0
       0
       0
       0
       0
       0
       1
       0
       0
       0
       0
       0
       0
       0
       0
       0
       0
       0
       0
       0
       0
       0
       0
       0
       0
       0
       0
       0
       0
       0
       1
       0
       0
       0
       0
       0
       0
       0
       0
       0
       0
       0
       1
       0
       0
       0
       0
       0
       0
       0
       0
       0
       0
       0
       0
       0
       0
       2
       0
       0
       0
       0
       0
       0
       0
       0
       0
       0
       0
       0
       0
       0
       0
       0
       0
       0
       0
       0
       0
       1
       0
       0
       0
       0
       0
       0
       0
       0
       0
       0
       0
       0
       0
       0
       0
       0
       0
       0
       0
       0
       0
       0
       0
       1
       1
       1
       0
       0
       0
       0
       0
       0
       0
       0
       0
       0
       0
       0
       0
       0
       0
       1
       0
       0
       0
       0
       0
       0
       0
       0
       0
       1
       0
       0
       0
       0
       0
       0
       0
       0
       0
       0
       0
       0
       0
       1
       0
       0
       0
       0
       0
       0
       0
       0
       0
       0
       0
       0
       0
       0
       0
       0
       0
       0
       0
       0
       0
       0
       0
       0
       1
       0
       0
       0
       0
       0
       0
       0
       0
       0
       0
       0
       0
       0
       0
       0
       0
       0
       0
       0
       0
       0
       0
       0
       0
       0
       0
       0
       0
       0
       0
       0
       0
       0
       0
       0
       0
       0
       0
       0
       0
       0
       0
       0
       0
       0
       0
       0
       0
       0
       0
       0
       0
       0
       0
       0
       0
       0
       1
       0
       0
       0
       0
       0
       0
       0
       0
       0
       0
       0
       0
       0
       0
       0
       0
       1
       0
       0
       0
       0
       0
       0
       0
       0
       0
       1
       0
       0
       0
       0
       0
       0
       1
       1
       0
       0
       0
       0
       0
       0
       0
       0
       0
       0
       0
       0
       0
       0
       0
       0
       0
       0
       0
       0
       1
       0
       0
       0
       0
       0
       0
       0
       0
       0
       0
       0
       0
       0
       0
       1
       1
       0
       0
       0
       0
       0
       1
       0
       0
       0
       0
       1
       0
       0
       0
       0
       0
       0
       0
       1
       0
       0
       0
       0
       0
       0
       0
       0
       0
       0
       0
       0
       0
       0
       0
       0
       0
       0
       0
       0
       0
       0
       0
       0
       0
       0
       0
       0
       0
       0
       0
       0
       0
       0
       0
       0
       0
       0
       0
       0
       0
       0
       1
       0
       0
       0
       0
       0
       0
       1
       0
       0
       0
       0
       0
       0
       0
       0
       0
       0
       0
       0
       0
       1
       0
       0
       1
       0
       0
       0
       0
       0
       0
       0
       0
       0
       1
       1
       0
       0
       0
       0
       0
       0
       0
       0
       0
       0
       0
       0
       1
       0
       0
       0
       0
       0
       0
       0
       0
       0
       0
       0
       0
       0
       0
       0
       0
       0
       0
       0
       0
       1
       0
       0
       0
       0
       0
       0
       0
       0
       0
       0
       0
       0
       0
       0
       0
       0
       0
       0
       0
       0
       0
       0
       0
       0
       0
       0
       0
       0
       0
       0
       0
       0
       0
       0
       0
       0
       0
       0
       0
       0
       0
       0
       0
       0
       0
       0
       0
       0
       0
       0
       0
       0
       0
       0
       0
       0
       0
       0
       0
       0
       0
       0
       0
       0
       0
       0
       0
       0
       0
       0
       0
       0
       0
       0
       0
       0
       0
       0
       0
       0
       0
       0
       0
       0
       0
       0
       0
       0
       0
       0
       0
       0
       1
       0
       0
       0
       0
       0
       0
       0
       0
       0
       0
       0
       0
       0
       0
       0
       0
       0
       1
       0
       0
       0
       0
       0
       1
       0
       0
       0
       0
       0
       0
       0
       0
       0
       0
       0
       0
       0
       0
       1
       0
       0
       0
       0
       0
       0
       0
       1
       0
       0
       0
       0
       0
       0
       0
       0
       0
       0
       0
       0
       0
       0
       0
       0
       0
       0
       0
       0
       0
       0
       0
       0
       0
       0
       0
       0
       0
       0
       0
       0
       0
       0
       0
       0
       0
       1
       0
       0
       0
       0
       0
       0
       0
       0
       0
       0
       0
       0
       0
       0
       0
       0
       0
       0
       0
       0
       0
       1
       0
       0
       0
       0
       0
       0
       0
       0
       0
       0
       0
       1
       0
       0
       0
       0
       0
       0
       0
       0
       0
       0
       0
       0
       0
       0
       0
       0
       0
       0
       0
       0
       0
       0
       0
       1
       0
       0
       0
       0
       0
       0
       0
       0
       0
       0
       0
       0
       0
       0
       0
       0
       0
       0
       0
       0
       1
       0
       0
       0
       0
       0
       0
       0
       0
       0
       0
       0
       0
       0
       0
       0
       0
       0
       0
       0
       0
       0
       0
       0
       0
       0
       0
       0
       0
       0
       0
       0
       0
       1
       0
       0
       1
       0
       0
       0
       0
       0
       1
       0
       0
       0
       0
       0
       0
       0
       0
       1
       0
       0
       0
       0
       1
       0
       0
       0
       0
       0
       0
       0
       0
       0
       0
       0
       0
       0
       0
       0
       0
       0
       0
       0
       0
       0
       0
       0
       0
       0
       0
       0
       0
       0
       0
       0
       1
       0
       0
       0
       0
       0
       0
       0
       0
       0
       0
       0
       0
       0
       0
       0
       0
       0
       0
       0
       0
       0
       0
       0
       0
       0
       0
       1
       0
       0
       0
       0
       0
       0
       0
       0
       0
       0
       0
       0
       0
       0
       0
       0
       0
       0
       0
       0
       0
       0
       0
       0
       0
       0
       0
       0
       0
       0
       0
       0
       0
       0
       0
       0
       0
       0
       0
       0
       0
       0
       0
       0
       1
       0
       0
       0
       0
       0
       1
       0
       0
       0
       1
       0
       0
       0
       0
       0
       0
       0
       0
       0
       0
       1
       0
       0
       0
       0
       0
       1
       0
       0
       0
       0
       0
       0
       0
       0
       0
       0
       0
       0
       0
       0
       0
       1
       0
       0
       0
       0
       0
       0
       0
       0
       0
       0
       0
       0
       0
       0
       0
       0
       0
       0
       0
       1
       0
       0
       0
       0
       0
       0
       0
       0
       0
       0
       0
       0
       0
       0
       0
       0
       0
       0
       0
       0
       0
       0
       0
       0
       1
       0
       0
       0
       1
       0
       0
       0
       0
       0
       0
       0
       0
       0
       0
       0
       0
       0
       0
       0
       0
       0
       0
       0
       0
       0
       0
       0
       0
       0
       0
       0
       0
       0
       0
       1
       0
       0
       0
       0
       0
       0
       0
       0
       0
       0
       0
       0
       0
       0
       0
       0
       0
       0
       0
       0
       0
       0
       0
       0
       0
       0
       0
       0
       0
       0
       1
       0
       0
       0
       0
       0
       0
       0
       0
       0
       0
       0
       0
       0
       0
       0
       0
       0
       0
       0
       0
       0
       0
       0
       0
       0
       0
       0
       0
       0
       0
       0
       0
       0
       0
       0
       0
       0
       0
       0
       0
       0
       0
       0
       0
       0
       0
       1
       0
       0
       0
       0
       0
       0
       0
       0
       0
       0
       0
       0
       0
       0
       0
       0
       0
       0
       0
       0
       0
       0
       0
       0
       0
       0
       0
       0
       0
       0
       0
       0
       1
       0
       0
       0
       0
       0
       0
       0
       0
       0
       0
       0
       0
       0
       0
       0
       0
       0
       0
       1
       0
       0
       0
       0
       0
       0
       0
       0
       0
       0
       0
       0
       0
       0
       0
       0
       0
       0
       0
       0
       0
       0
       0
       0
       1
       0
       0
       0
       0
       0
       0
       0
       0
       0
       0
       0
       0
       0
       0
       0
       0
       0
       0
       1
       0
       0
       0
       0
       0
       0
       0
       0
       0
       0
       0
       0
       0
       0
       0
       0
       0
       0
       0
       0
       0
       0
       0
       0
       1
       0
       0
       0
       0
       0
       0
       0
       0
       0
       0
       0
       0
       0
       1
       0
       0
       1
       0
       0
       0
       0
       0
       0
       0
       0
       0
       0
       0
       0
       0
       0
       0
       0
       0
       0
       0
       0
       0
       0
       0
       0
       0
       0
       0
       0
       0
       0
       0
       0
       0
       0
       0
       0
       0
       0
       0
       0
       0
       2
       0
       0
       1
       0
       0
       0
       0
       0
       0
       0
       0
       0
       0
       0
       0
       0
       0
       0
       0
       0
       0
       0
       0
       0
       0
       0
       0
       0
       0
       0
       0
       0
       0
       0
       0
       0
       0
       0
       0
       0
       0
       0
       0
       0
       0
       0
       0
       0
       0
       0
       0
       0
       0
       0
       0
       0
       0
       0
       0
       0
       0
       0
       0
       0
       0
       0
       0
       0
       0
       0
       0
       0
       0
       0
       0
       0
       0
       0
       0
       0
       0
       0
       0
       0
       0
       0
       0
       0
       0
       0
       0
       0
       0
       0
       0
       0
       0
       0
       0
       0
       0
       0
       0
       0
       0
       0
       0
       0
       0
       0
       0
       0
       0
       0
       0
       0
       0
       0
       0
       0
       0
       0
       0
       0
       0
       0
       0
       0
       0
       0
       0
       0
$ROI:
6
110 127
133 142
1901 1925
2163 2177
2374 2384
4256 4262
$PRESETS:
None
0
0
$ENER_FIT:
1.916382 0.612805
$MCA_CAL:
3
1.916382E+000 6.128052E-001 0.000000E+000 keV
$SHAPE_CAL:
3
2.905076E+000 5.086795E-004 0.000000E+000
