$SPEC_ID:
No sample description was entered.
$SPEC_REM:
DET# 1
DETDESC# DESKTOP-AKUPN2F Easy-MCA-8k SN 09022236
AP# Maestro Version 7.01
$DATE_MEA:
02/08/2017 11:48:34
$MEAS_TIM:
7650 7876
$DATA:
0 8191
       0
       0
       0
       0
       0
       0
       0
       0
       0
       0
       0
       0
       0
       0
       0
       0
       0
       0
       0
       0
       0
       0
       0
       0
       0
       0
       0
       0
       0
       0
       0
       0
       0
       0
       0
       0
       0
       0
       0
       0
       0
       0
       0
       0
       0
       0
       0
       0
       0
       0
       0
       0
       0
       0
       0
       0
       0
       5
      27
     121
     305
     362
    1237
    2261
     542
     114
     211
     332
     554
    2846
    3704
    3536
    3422
    3383
    3350
    3328
    3293
    3390
    3509
    3470
    3448
    3556
    3566
    3598
    3586
    3696
    3633
    3663
    3633
    3741
    3701
    3765
    3847
    3840
    3934
    4167
    4128
    4078
    4127
    4083
    4316
    4397
    4328
    4359
    4488
    4477
    4462
    4498
    4540
    4603
    4604
    4630
    4758
    4778
    4997
    6323
   10572
   14173
   14003
   13750
   19286
   22197
   14976
    7616
    4985
    4545
    4408
    4333
    4508
    4300
    4358
    4424
    4429
    4497
    5099
    7183
   10987
   12175
    9768
    6635
    6389
    6853
    5977
    4990
    4099
    4061
    3969
    4072
    3977
    4087
    4149
    4085
    4063
    4000
    4133
    3997
    4147
    4060
    4101
    4085
    4045
    4028
    4125
    4067
    3997
    3950
    4049
    4019
    4128
    4038
    4018
    4146
    4071
    4069
    3981
    4118
    3956
    4015
    3966
    4102
    3994
    4027
    3952
    3995
    3967
    4058
    4002
    3970
    4004
    4103
    3948
    4005
    3942
    3897
    3977
    3970
    3929
    3947
    3941
    4001
    3973
    3971
    3887
    4094
    3915
    3921
    4014
    3978
    3962
    3944
    4053
    3966
    3902
    3850
    3879
    3866
    3905
    3902
    3959
    3932
    3919
    3958
    3936
    3846
    3876
    3876
    3856
    3920
    3826
    3828
    3863
    3834
    3963
    3933
    3829
    3861
    3966
    3774
    3835
    3783
    3811
    3905
    3815
    3731
    3818
    3757
    3927
    3865
    3765
    3709
    3736
    3760
    3692
    3844
    3783
    3834
    3826
    3841
    3730
    3834
    3630
    3718
    3706
    3746
    3615
    3771
    3617
    3817
    3623
    3810
    3747
    3712
    3685
    3663
    3811
    3617
    3800
    3849
    3609
    3635
    3641
    3718
    3676
    3620
    3738
    3765
    3784
    3742
    3736
    3670
    3682
    3802
    3676
    3652
    3755
    3648
    3850
    3718
    3909
    3681
    3826
    3793
    3875
    3732
    3608
    3689
    3721
    3772
    3765
    3754
    3722
    3817
    3705
    3781
    3743
    3682
    3865
    3694
    3734
    3802
    3845
    3715
    3852
    3695
    3799
    3785
    3888
    3875
    3979
    3856
    3835
    3925
    3950
    3856
    3928
    4031
    3894
    3947
    4048
    4099
    4133
    4015
    4115
    4092
    4089
    4143
    4141
    4122
    4226
    4258
    4061
    4213
    4299
    4332
    4217
    4270
    4170
    4308
    4230
    4239
    4296
    4191
    4207
    4358
    4311
    4385
    4296
    4338
    4282
    4380
    4223
    4440
    4350
    4311
    4282
    4373
    4251
    4272
    4285
    4279
    4323
    4057
    4334
    4156
    4190
    4206
    4332
    4642
    4563
    4526
    4190
    4230
    4169
    4033
    4168
    4039
    3993
    4068
    3960
    3966
    4063
    4006
    4018
    3997
    3891
    3844
    3987
    3857
    3808
    3907
    3867
    3690
    3839
    3672
    3849
    3808
    3776
    3640
    3802
    3704
    3649
    3702
    3544
    3731
    3627
    3531
    3556
    3598
    3571
    3579
    3561
    3589
    3563
    3607
    3453
    3472
    3522
    3468
    3581
    3507
    3525
    3481
    3476
    3527
    3407
    3511
    3332
    3231
    3431
    3336
    3311
    3367
    3312
    3338
    3375
    3279
    3289
    3272
    3330
    3304
    3215
    3274
    3311
    3341
    3278
    3072
    3093
    3193
    3253
    3200
    3178
    3143
    3261
    3146
    3100
    3243
    3208
    3214
    3166
    3361
    3318
    3212
    3153
    3218
    3073
    3040
    3153
    3024
    3186
    3119
    3050
    3057
    3128
    3073
    3088
    3067
    3067
    2978
    2973
    3012
    2931
    3075
    3081
    3116
    3290
    3375
    3109
    3018
    2943
    2999
    2993
    3032
    2866
    2899
    2996
    2876
    2845
    2900
    2960
    2859
    2882
    2821
    2853
    2893
    2830
    2880
    2933
    2797
    2883
    2830
    2920
    2789
    2927
    2937
    2801
    2825
    2788
    2799
    2792
    2781
    2786
    2792
    2744
    2781
    2756
    2866
    2756
    2691
    2853
    2842
    2777
    2895
    2721
    2712
    2721
    2832
    2776
    2723
    2649
    2744
    2710
    2724
    2635
    2700
    2771
    2693
    2694
    2685
    2727
    2639
    2840
    2864
    3029
    2951
    2852
    2716
    2671
    2628
    2670
    2667
    2646
    2780
    2715
    2630
    2678
    2623
    2707
    2647
    2696
    2655
    2592
    2650
    2651
    2630
    2606
    2585
    2567
    2627
    2647
    2561
    2490
    2573
    2562
    2551
    2526
    2631
    2594
    2562
    2600
    2570
    2662
    2562
    2573
    2549
    2524
    2600
    2506
    2596
    2627
    2614
    2491
    2560
    2578
    2521
    2483
    2581
    2509
    2466
    2536
    2534
    2644
    2530
    2523
    2537
    2490
    2572
    2446
    2470
    2570
    2616
    2444
    2604
    2454
    2518
    2583
    2472
    2498
    2495
    2471
    2551
    2546
    2549
    2532
    2425
    2554
    2471
    2559
    2534
    2453
    2506
    2446
    2533
    2451
    2552
    2467
    2547
    2652
    2455
    2481
    2537
    2419
    2436
    2457
    2454
    2419
    2573
    2466
    2445
    2492
    2480
    2459
    2371
    2452
    2453
    2524
    2434
    2486
    2391
    2398
    2443
    2463
    2543
    2389
    2418
    2398
    2354
    2460
    2446
    2429
    2469
    2400
    2387
    2557
    2451
    2494
    2402
    2429
    2467
    2413
    2330
    2443
    2392
    2502
    2467
    2368
    2463
    2458
    2429
    2387
    2447
    2468
    2416
    2363
    2424
    2405
    2476
    2418
    2333
    2474
    2358
    2412
    2417
    2379
    2427
    2470
    2449
    2368
    2413
    2499
    2430
    2471
    2457
    2412
    2443
    2415
    2411
    2355
    2419
    2358
    2436
    2387
    2447
    2444
    2426
    2398
    2455
    2401
    2434
    2388
    2353
    2415
    2399
    2449
    2447
    2322
    2335
    2359
    2467
    2401
    2310
    2429
    2347
    2508
    2405
    2445
    2434
    2330
    2395
    2447
    2347
    2367
    2348
    2400
    2440
    2404
    2358
    2368
    2337
    2394
    2380
    2392
    2452
    2371
    2406
    2451
    2397
    2380
    2379
    2340
    2374
    2360
    2391
    2388
    2306
    2393
    2332
    2340
    2372
    2361
    2381
    2385
    2370
    2347
    2378
    2336
    2356
    2378
    2248
    2381
    2302
    2374
    2340
    2439
    2372
    2386
    2368
    2429
    2476
    2654
    3134
    3456
    3647
    3668
    3385
    3064
    2768
    2499
    2475
    2321
    2439
    2372
    2360
    2430
    2270
    2367
    2375
    2302
    2312
    2341
    2353
    2388
    2472
    2424
    2298
    2345
    2307
    2307
    2249
    2345
    2388
    2364
    2387
    2316
    2377
    2454
    2252
    2238
    2292
    2434
    2344
    2298
    2392
    2329
    2368
    2327
    2373
    2336
    2397
    2291
    2366
    2360
    2383
    2359
    2386
    2348
    2368
    2383
    2295
    2369
    2391
    2372
    2294
    2307
    2337
    2279
    2360
    2315
    2330
    2275
    2333
    2295
    2335
    2339
    2403
    2347
    2366
    2363
    2447
    2307
    2248
    2325
    2323
    2359
    2277
    2320
    2469
    2362
    2457
    2307
    2425
    2340
    2358
    2395
    2358
    2366
    2357
    2334
    2323
    2335
    2356
    2421
    2345
    2369
    2297
    2310
    2313
    2412
    2410
    2293
    2359
    2348
    2309
    2390
    2375
    2323
    2303
    2405
    2416
    2420
    2478
    2471
    2408
    2375
    2256
    2312
    2476
    2386
    2316
    2398
    2316
    2328
    2314
    2353
    2384
    2347
    2365
    2431
    2331
    2352
    2416
    2352
    2366
    2326
    2320
    2416
    2348
    2252
    2375
    2330
    2357
    2381
    2293
    2326
    2396
    2433
    2384
    2374
    2256
    2302
    2425
    2478
    2654
    2693
    2682
    2521
    2411
    2382
    2348
    2339
    2432
    2369
    2370
    2333
    2296
    2348
    2392
    2396
    2276
    2371
    2400
    2383
    2330
    2342
    2311
    2335
    2363
    2482
    2333
    2454
    2371
    2403
    2365
    2334
    2328
    2379
    2384
    2310
    2323
    2354
    2498
    2383
    2403
    2393
    2416
    2433
    2451
    2371
    2461
    2308
    2349
    2326
    2330
    2362
    2393
    2378
    2329
    2361
    2396
    2387
    2308
    2423
    2381
    2414
    2354
    2339
    2301
    2344
    2375
    2413
    2410
    2358
    2336
    2385
    2390
    2358
    2356
    2340
    2384
    2476
    2326
    2327
    2413
    2479
    2444
    2610
    2803
    2931
    2997
    2830
    2719
    2476
    2391
    2415
    2350
    2429
    2342
    2427
    2389
    2473
    2414
    2371
    2349
    2436
    2433
    2313
    2457
    2319
    2432
    2389
    2444
    2521
    2463
    2360
    2413
    2423
    2324
    2409
    2426
    2502
    2375
    2353
    2298
    2265
    2382
    2335
    2367
    2535
    2442
    2416
    2367
    2438
    2465
    2367
    2456
    2437
    2330
    2395
    2449
    2450
    2475
    2453
    2456
    2446
    2347
    2431
    2352
    2442
    2445
    2420
    2493
    2480
    2465
    2432
    2462
    2414
    2513
    2386
    2404
    2448
    2434
    2464
    2451
    2418
    2491
    2435
    2339
    2395
    2464
    2447
    2345
    2383
    2398
    2420
    2403
    2412
    2498
    2418
    2424
    2495
    2523
    2517
    2434
    2473
    2527
    2497
    2467
    2469
    2488
    2447
    2520
    2395
    2329
    2480
    2524
    2500
    2542
    2516
    2390
    2401
    2396
    2525
    2462
    2469
    2444
    2512
    2419
    2487
    2432
    2457
    2448
    2443
    2448
    2406
    2444
    2617
    2413
    2542
    2450
    2432
    2453
    2539
    2492
    2469
    2363
    2542
    2454
    2392
    2510
    2354
    2565
    2524
    2490
    2552
    2477
    2419
    2460
    2437
    2489
    2561
    2529
    2451
    2500
    2518
    2470
    2467
    2471
    2478
    2498
    2429
    2464
    2432
    2466
    2490
    2465
    2443
    2512
    2502
    2469
    2595
    2578
    2480
    2529
    2507
    2550
    2545
    2507
    2545
    2435
    2497
    2407
    2472
    2481
    2539
    2549
    2528
    2581
    2524
    2509
    2546
    2574
    2582
    2539
    2502
    2506
    2509
    2514
    2475
    2493
    2605
    2523
    2491
    2525
    2542
    2576
    2518
    2622
    2543
    2529
    2626
    2501
    2552
    2575
    2600
    2448
    2585
    2597
    2546
    2588
    2573
    2556
    2488
    2600
    2558
    2516
    2563
    2522
    2552
    2460
    2651
    2655
    2549
    2648
    2598
    2539
    2617
    2505
    2597
    2570
    2566
    2584
    2605
    2558
    2576
    2502
    2584
    2639
    2515
    2618
    2625
    2611
    2566
    2647
    2692
    2582
    2685
    2810
    2707
    2815
    2775
    2797
    2714
    2746
    2574
    2589
    2643
    2646
    2635
    2650
    2733
    2644
    2659
    2666
    2643
    2715
    2599
    2671
    2668
    2707
    2594
    2692
    2767
    2718
    2622
    2590
    2680
    2758
    2658
    2651
    2749
    2674
    2625
    2596
    2738
    2697
    2685
    2604
    2786
    2645
    2675
    2697
    2703
    2694
    2710
    2708
    2678
    2737
    2714
    2697
    2752
    2739
    2687
    2745
    2709
    2767
    2668
    2911
    2720
    2786
    2806
    2801
    2869
    2754
    2648
    2806
    2658
    2678
    2719
    2731
    2822
    2718
    2762
    2735
    2795
    2815
    2777
    2715
    2683
    2808
    2845
    2764
    2828
    2820
    2746
    2892
    2804
    2790
    2745
    2818
    2865
    2821
    2766
    2747
    2880
    2809
    2915
    2905
    2845
    2804
    2952
    2883
    2782
    2854
    2878
    2825
    2877
    2899
    2821
    2810
    2911
    2905
    2975
    2850
    3070
    2861
    2905
    2940
    2929
    2935
    2966
    3003
    2919
    2895
    3020
    2938
    2985
    3037
    2947
    2965
    2919
    2980
    2911
    2976
    2912
    3024
    3055
    3111
    3018
    3005
    3040
    3039
    3079
    3074
    3088
    3194
    3169
    3107
    3027
    3085
    3029
    3124
    2989
    3077
    2986
    3052
    3093
    3051
    3052
    3024
    3006
    3147
    3023
    2998
    3070
    2971
    3128
    3071
    3139
    3072
    3130
    3143
    3135
    3151
    3138
    3059
    3139
    3136
    3088
    3109
    3105
    3150
    3207
    3184
    3227
    3074
    3190
    3134
    3106
    3237
    3284
    3100
    3155
    3126
    3132
    3213
    3177
    3240
    3102
    3186
    3190
    3183
    3249
    3291
    3234
    3270
    3188
    3269
    3316
    3166
    3210
    3260
    3273
    3181
    3121
    3207
    3138
    3121
    3260
    3176
    3180
    3109
    3165
    3010
    3130
    3052
    3077
    2887
    2939
    3019
    2891
    2943
    2790
    2793
    2822
    2661
    2735
    2711
    2704
    2716
    2711
    2746
    2597
    2583
    2577
    2639
    2655
    2580
    2544
    2593
    2624
    2600
    2662
    2551
    2464
    2471
    2570
    2484
    2561
    2543
    2552
    2549
    2537
    2466
    2465
    2520
    2487
    2479
    2493
    2541
    2469
    2447
    2446
    2495
    2458
    2478
    2414
    2384
    2507
    2503
    2462
    2481
    2514
    2519
    2485
    2463
    2500
    2473
    2507
    2410
    2413
    2420
    2434
    2496
    2403
    2435
    2443
    2505
    2433
    2427
    2424
    2460
    2418
    2461
    2402
    2384
    2468
    2461
    2370
    2370
    2375
    2425
    2402
    2356
    2402
    2363
    2415
    2343
    2369
    2302
    2446
    2343
    2324
    2509
    2325
    2285
    2219
    2357
    2335
    2361
    2350
    2315
    2382
    2246
    2341
    2340
    2318
    2348
    2348
    2309
    2368
    2278
    2332
    2267
    2397
    2273
    2320
    2347
    2271
    2355
    2397
    2305
    2310
    2217
    2266
    2296
    2352
    2266
    2221
    2247
    2290
    2228
    2188
    2265
    2246
    2249
    2182
    2214
    2261
    2215
    2291
    2226
    2272
    2259
    2202
    2186
    2173
    2175
    2260
    2246
    2207
    2187
    2256
    2173
    2244
    2178
    2274
    2151
    2290
    2275
    2179
    2201
    2247
    2185
    2292
    2212
    2200
    2294
    2281
    2178
    2229
    2178
    2270
    2277
    2143
    2197
    2154
    2099
    2138
    2241
    2283
    2247
    2097
    2184
    2265
    2320
    2182
    2281
    2237
    2193
    2201
    2217
    2292
    2261
    2189
    2215
    2198
    2195
    2208
    2218
    2249
    2239
    2270
    2275
    2189
    2209
    2211
    2278
    2166
    2218
    2260
    2255
    2152
    2173
    2331
    2181
    2250
    2249
    2245
    2271
    2237
    2247
    2243
    2208
    2266
    2312
    2262
    2234
    2227
    2260
    2238
    2185
    2189
    2309
    2197
    2188
    2238
    2258
    2146
    2241
    2215
    2171
    2161
    2167
    2079
    2098
    2027
    2034
    2016
    2006
    1999
    1934
    1835
    1864
    1769
    1818
    1815
    1700
    1819
    1663
    1604
    1646
    1592
    1585
    1633
    1599
    1618
    1541
    1462
    1621
    1604
    1522
    1579
    1556
    1489
    1501
    1435
    1552
    1475
    1483
    1421
    1479
    1486
    1487
    1426
    1501
    1420
    1407
    1425
    1485
    1400
    1521
    1425
    1359
    1411
    1394
    1374
    1323
    1409
    1413
    1354
    1390
    1357
    1286
    1337
    1360
    1325
    1367
    1357
    1346
    1275
    1269
    1356
    1336
    1322
    1291
    1348
    1289
    1255
    1318
    1353
    1271
    1223
    1284
    1267
    1222
    1245
    1197
    1228
    1254
    1224
    1213
    1222
    1227
    1299
    1544
    2063
    3733
    7707
   16105
   30500
   49750
   64117
   61967
   42370
   20140
    6599
    2017
    1028
     953
     930
     917
     935
     847
     863
     827
     806
     863
     882
     807
     854
     852
     874
     843
     851
     765
     817
     801
     792
     794
     771
     791
     794
     786
     813
     780
     756
     753
     757
     744
     715
     728
     700
     719
     710
     680
     727
     673
     698
     710
     700
     703
     714
     656
     648
     670
     626
     585
     624
     638
     623
     630
     634
     614
     615
     633
     615
     588
     560
     581
     568
     573
     566
     572
     548
     617
     564
     522
     566
     556
     546
     501
     520
     515
     559
     483
     512
     487
     483
     518
     468
     467
     489
     510
     534
     485
     392
     446
     480
     482
     473
     496
     472
     500
     423
     461
     478
     457
     473
     483
     461
     426
     394
     437
     469
     409
     421
     411
     433
     419
     380
     398
     393
     393
     436
     399
     433
     392
     389
     391
     396
     420
     369
     350
     392
     386
     395
     349
     365
     403
     342
     355
     379
     333
     377
     364
     373
     391
     367
     315
     333
     383
     329
     359
     379
     351
     342
     347
     351
     340
     374
     370
     377
     341
     366
     350
     365
     345
     354
     323
     355
     339
     348
     351
     371
     330
     354
     342
     346
     356
     307
     330
     327
     312
     340
     345
     334
     344
     338
     354
     327
     344
     317
     333
     318
     318
     357
     332
     309
     331
     301
     339
     356
     338
     301
     342
     322
     289
     310
     306
     319
     335
     346
     325
     309
     295
     295
     331
     308
     316
     276
     281
     315
     323
     308
     328
     287
     327
     306
     309
     307
     326
     309
     306
     318
     281
     287
     274
     296
     291
     272
     284
     285
     282
     310
     305
     287
     281
     286
     282
     286
     308
     336
     414
     704
    1378
    2914
    6450
   12934
   24217
   40655
   57094
   63396
   52207
   30487
   12117
    3271
     575
     142
      80
      75
      66
      76
      65
      63
      61
      67
      64
      58
      61
      52
      56
      61
      50
      59
      63
      76
      68
      57
      59
      59
      59
      61
      62
      43
      48
      51
      44
      50
      53
      42
      39
      51
      46
      49
      65
      47
      50
      41
      57
      49
      54
      47
      40
      61
      42
      52
      37
      35
      55
      48
      57
      49
      49
      49
      43
      47
      36
      52
      46
      57
      50
      53
      55
      69
      48
      79
      57
      56
      49
      35
      53
      42
      41
      47
      52
      62
      48
      59
      53
      49
      39
      40
      44
      49
      49
      29
      34
      45
      40
      55
      47
      32
      51
      38
      47
      40
      35
      40
      48
      49
      44
      52
      49
      39
      60
      46
      47
      50
      46
      55
      45
      50
      56
      58
      47
      64
      47
      54
      43
      52
      53
      28
      36
      24
      38
      21
      40
      42
      30
      37
      37
      33
      39
      47
      40
      32
      32
      37
      39
      53
      32
      40
      45
      35
      49
      44
      32
      39
      31
      39
      41
      41
      43
      44
      45
      41
      43
      39
      41
      31
      34
      35
      41
      38
      37
      34
      36
      35
      34
      28
      43
      37
      33
      33
      37
      53
      35
      33
      43
      38
      33
      35
      36
      40
      32
      30
      34
      32
      30
      35
      44
      48
      47
      62
      87
     130
     228
     366
     562
     914
    1212
    1199
     744
     374
     121
      37
      25
      37
      29
      36
      30
      36
      30
      35
      31
      28
      27
      25
      30
      24
      33
      30
      39
      22
      35
      37
      30
      28
      28
      26
      30
      39
      24
      36
      23
      36
      21
      24
      28
      37
      32
      30
      33
      39
      37
      37
      22
      29
      22
      28
      30
      33
      30
      31
      33
      27
      31
      41
      27
      20
      33
      29
      31
      26
      27
      28
      30
      25
      35
      31
      29
      23
      29
      24
      31
      32
      35
      39
      33
      44
      38
      46
      24
      31
      28
      33
      30
      15
      26
      29
      30
      37
      29
      28
      36
      28
      29
      33
      27
      34
      35
      22
      25
      26
      16
      38
      20
      26
      28
      21
      29
      25
      30
      30
      25
      22
      22
      17
      30
      24
      26
      26
      30
      22
      19
      30
      34
      32
      24
      27
      28
      18
      35
      30
      20
      25
      21
      30
      22
      32
      23
      25
      30
      33
      27
      19
      22
      26
      26
      29
      18
      33
      29
      23
      25
      27
      17
      26
      43
      20
      28
      18
      34
      19
      29
      28
      22
      17
      29
      25
      24
      26
      24
      19
      22
      28
      25
      31
      26
      22
      26
      22
      26
      26
      23
      24
      26
      17
      24
      21
      33
      25
      17
      21
      27
      24
      23
      19
      23
      29
      37
      24
      29
      30
      21
      31
      22
      37
      34
      34
      32
      38
      31
      38
      39
      32
      33
      35
      27
      22
      12
      11
      17
      29
      30
      21
      26
      32
      19
      24
      21
      29
      27
      19
      21
      22
      21
      16
      17
      21
      10
      21
      22
      25
      19
      22
      22
      19
      26
      14
      23
      19
      14
      33
      21
      16
      24
      21
      33
      29
      34
      28
      28
      27
      21
      12
      17
      21
      23
      23
      26
      29
      19
      32
      30
      20
      18
      30
      19
      30
      27
      19
      13
      26
      19
      21
      17
      14
      24
      23
      21
      24
       8
      18
      21
      31
      25
      11
      18
      27
      23
      19
      23
      26
      31
      27
      14
      24
      23
      22
      17
      16
      16
      10
      20
      18
      17
      21
      24
      21
      15
      29
      15
      30
      16
      24
      24
      23
      24
      18
      21
      23
      10
      24
      23
      30
      18
      17
      22
      19
      16
      21
      19
      20
      25
      21
      19
      18
      12
      23
      16
      16
      20
      19
      27
      17
      22
      24
      16
      25
      21
      21
      27
      16
      18
      25
      25
      24
      25
      27
      23
      22
      16
      19
      16
      15
      12
      18
      23
      20
      17
      22
      19
      21
      14
      22
      24
      18
      19
      21
      21
      17
      17
      15
      21
      20
      13
      19
      22
      19
      16
      16
      21
      15
      23
      14
      17
      22
      19
      16
      23
      10
      19
      19
      13
      15
      24
      19
      23
      18
      16
      23
      20
      23
      16
      20
      26
      19
      22
      21
      13
      21
      14
      13
      21
      32
      16
      32
      24
      43
      24
      21
      15
      13
      12
      15
      14
      16
      14
      16
      19
      13
      19
      27
      18
      19
      13
      15
      17
      20
      24
      20
      22
      15
      14
      13
      12
      19
      14
      13
       9
      13
      15
      10
      16
      20
      16
      13
      16
      14
      14
      17
      14
      23
      18
      19
      16
      15
      17
      23
      21
      31
      37
      47
      84
      86
      76
      47
      31
      21
      10
       9
      21
      21
      16
      14
      20
      18
      13
      20
      18
      16
      14
       9
      15
      17
      23
      12
      11
      22
      22
      12
      15
      15
      15
      14
      15
      19
      15
      11
      16
      13
      17
      16
      18
      13
      19
      12
      17
      20
      10
      19
      23
      15
      19
      13
      15
      18
      25
      19
      19
      16
      20
      18
      11
      20
      15
      17
      18
      17
      19
      17
      14
      16
      12
      16
      15
      20
      19
      15
       9
      16
      14
      12
      15
      16
      20
       9
      17
      10
      16
      17
      11
      15
      18
      18
      15
      18
      14
      12
      18
      17
      22
      16
      19
      20
      17
      14
      15
      17
      13
      16
      18
      10
      16
      10
      10
      15
      20
      16
      14
      16
      17
      24
      13
      16
      18
      16
      14
      17
      12
      16
      17
      11
      20
      15
      18
      11
      21
      18
      27
      24
      18
      23
      18
      13
      13
      28
      12
      10
      15
      18
      27
       5
      12
      14
      16
      14
      15
      12
      14
      13
      13
      18
       4
      11
       9
      18
       5
      13
      17
      11
      11
      18
      13
      12
      21
      13
      12
      22
      11
       9
      13
      19
      12
      21
      16
      12
      14
      14
      19
      21
      12
      20
      18
      10
      16
      11
      15
      16
      16
      15
      19
      12
      15
       9
      16
      13
      15
      15
      14
      13
      14
      17
      14
      15
      21
       9
      12
      15
       9
      14
      10
      16
      16
      17
      13
      12
      18
       5
      12
      14
      11
      14
      15
      14
      11
      14
      16
      11
      19
      12
       9
       9
      12
      10
      16
      14
      18
       9
      10
       8
      12
      15
      12
      16
      14
      16
      11
      14
      10
      19
      14
       8
      13
      10
      13
       7
       8
       7
      14
      14
      14
       8
      12
       7
      18
       6
       7
      10
       9
       9
      13
       9
       5
       9
      14
      11
       9
       8
      10
      15
      16
      10
      16
      19
      11
      14
      12
      11
      10
      10
      10
      11
       9
       9
      12
      12
      11
       8
      11
      16
       8
      14
      12
      12
      12
      14
       7
      13
       7
      15
       6
      10
       6
      13
       9
      11
      18
      12
      14
      13
      14
       5
      12
      17
      18
      10
      13
      14
      16
       8
      14
       8
      15
      11
      13
      12
      16
       9
       9
      11
      10
      11
       8
       7
      11
      11
       9
       9
      14
      11
       7
      10
      14
      17
      12
      13
      14
       9
      15
      12
      10
      15
       8
      10
      18
       3
      13
      11
      11
      14
      14
      11
      16
      12
      16
      17
      11
      11
      13
      10
      10
      12
       9
      10
       8
      10
       8
       9
       8
       7
      12
      12
       9
      14
      13
      19
      16
      14
       4
       9
       7
       4
       9
       7
      16
       9
      15
      14
       6
      15
       9
      12
       9
      11
       8
      17
      10
      11
      12
      13
       9
      14
       2
       8
      11
      10
      12
      12
      12
      12
       7
       9
       7
       7
      10
      12
       4
      12
       7
      13
       5
      15
       9
       8
      10
      10
      11
       7
      12
       8
      13
       7
      15
      12
       8
      13
      11
       8
       9
       6
      10
      18
       8
       6
      10
       8
      10
      11
      13
       9
      15
      12
       8
       8
      11
       5
       6
      12
       8
       9
       4
       9
      10
       9
       6
      10
       9
      16
       8
       7
       8
      12
       7
      10
       9
       9
       5
       6
       5
      10
       7
      16
       4
      10
      10
       8
      11
       9
       6
      13
       8
      12
       9
       8
      14
      10
       8
       7
       6
       8
       6
       8
       6
       9
      14
       7
      10
       9
       6
      12
       8
       7
      10
       5
      16
      10
       7
       9
      13
      16
      13
      17
      19
      19
      21
      24
      21
      18
      18
      17
       9
       5
      10
      14
      10
       9
      15
      11
      14
       6
       8
       3
       4
       9
      11
      10
       9
       8
      16
      13
      17
      13
       7
      11
      12
      10
       5
       7
       7
       5
      11
      15
       8
      11
      10
       6
       9
       5
      10
       6
       3
       7
      12
      11
      11
       5
      11
       3
       7
      10
       9
      14
       7
      11
       6
       9
      10
       4
       8
      11
       8
       9
      13
       9
       4
       6
      14
       7
      10
      12
       6
      14
      10
      10
       1
      11
       8
       9
       4
      10
       8
      10
       8
      11
      10
       5
       4
       6
       4
      15
       8
       9
      10
      11
       7
      10
       7
       8
       8
      10
      10
       6
      13
       6
       3
       6
      11
       8
      12
       8
       8
       9
      10
       9
       5
       8
       4
       5
       9
       7
       6
       4
       7
       9
      10
       5
       3
       5
       6
       9
       6
       3
       5
       5
      13
       9
       7
       3
       6
       7
       4
       9
       7
      10
       6
       7
       6
      15
       7
       8
       8
       7
       9
       8
      17
      15
      22
      15
      29
      36
      18
      31
      16
      12
       7
      11
       3
      10
       9
      11
       5
       8
       3
       9
       7
      12
       5
       6
       8
       7
       4
       3
       7
       6
       8
       4
       6
       6
       7
      10
       7
       8
       6
      11
       8
       8
       5
      10
       7
       5
       4
       8
       8
       7
       4
       9
       5
       4
       5
       8
       9
       9
       3
       5
      11
       5
      10
       7
       7
       4
      11
       8
       5
      10
      10
       9
       4
      10
       7
       9
       4
       7
       4
       5
      11
       8
       6
      11
       7
       5
       7
      11
      11
       7
       8
       8
       8
       4
       6
       6
       8
       7
      10
       6
       9
      10
      10
      10
       6
       6
       6
       3
       5
      10
       4
       5
       7
       6
       9
       3
      14
       7
       7
       3
       8
       6
       6
       7
      11
      11
       3
      10
       5
       5
       7
       6
       4
       6
       7
       3
       7
      14
       7
       7
      10
       8
       3
       8
       4
       5
       7
       6
       5
      12
       8
       6
       9
       5
       9
      10
       7
       7
       8
       9
       6
       7
      10
       2
       5
       5
       1
      10
       4
       8
       9
       7
       9
       4
       4
      10
       3
       7
       3
       6
       7
       4
       9
       8
       8
       7
       8
       3
       3
       5
       4
       7
       6
       6
       7
       5
       7
       5
       4
      10
       5
       9
       7
      17
       6
      10
       6
       5
       2
       8
       6
      11
       4
       7
       9
      10
       8
       7
       6
       4
       7
       7
       4
       9
       4
       9
      11
       9
       3
       2
       5
       4
       4
       9
      10
       9
       6
       3
       4
       5
       6
       5
       8
       5
      11
       4
       7
       7
       6
       4
       8
      11
       4
       5
       9
       5
       8
       8
       6
       5
       8
       8
       7
       3
       6
       8
       5
       6
      12
       8
       2
       7
       4
       7
       8
       8
       9
       9
       8
       8
       6
       7
      14
       7
       6
       4
       9
       7
       8
       9
       4
       5
       8
       7
       6
       2
       1
       2
       4
       5
       4
       6
       7
       5
       3
       7
       5
       2
       2
       7
       7
       4
       3
       4
       5
       9
       3
       5
       6
       2
       8
       3
       4
       4
       6
       4
       2
       7
       3
       8
       3
       6
       6
       3
       3
       4
       6
       6
       2
       7
      10
       3
       2
       3
       3
       8
       2
       5
       3
       4
       4
       3
       3
       0
       4
       3
       1
       7
       2
       4
       1
       6
       5
       3
       5
       5
       3
       3
       4
       5
       6
       9
       5
       5
       2
       4
       3
       4
       2
       4
       0
       6
       4
       6
       3
       4
       2
       7
       6
       7
       4
       6
       3
       3
       4
       6
       5
       1
      11
       1
       3
      16
      14
       9
       8
       7
       6
       3
       1
       3
       3
       4
       2
       2
       4
       2
       6
       3
       4
       7
       4
       2
       5
       4
       4
       0
       1
       3
       7
       1
       4
       3
       3
       2
       2
       2
       4
       2
       5
       2
       4
       3
       4
       1
       4
       0
       3
       5
       2
       4
       1
       5
       1
       4
       6
       4
       5
       3
       2
       2
       2
       2
       1
       0
       1
       3
       0
       2
       3
       0
       2
       1
       1
       4
       4
       2
       3
       3
       1
       4
       0
       4
       3
       4
       1
       4
       1
       5
       1
       4
       7
       4
      12
      12
       6
       9
       8
       8
      10
       7
       4
       1
       6
       1
       2
       0
       0
       2
       0
       0
       4
       3
       2
       1
       2
       1
       0
       2
       2
       0
       2
       0
       0
       2
       2
       1
       0
       0
       0
       3
       0
       1
       1
       0
       1
       4
       2
       1
       3
       2
       3
       0
       0
       1
       0
       0
       1
       0
       2
       1
       2
       2
       0
       2
       1
       1
       3
       2
       0
       0
       0
       1
       1
       0
       1
       1
       1
       1
       1
       2
       3
       1
       2
       1
       0
       2
       1
       0
       1
       3
       1
       0
       0
       2
       0
       1
       2
       1
       1
       2
       1
       0
       1
       1
       1
       1
       0
       2
       1
       1
       1
       2
       0
       0
       1
       1
       0
       0
       1
       1
       1
       0
       0
       2
       0
       2
       0
       2
       2
       0
       1
       3
       1
       1
       0
       1
       0
       2
       2
       1
       3
       0
       0
       2
       1
       0
       1
       0
       1
       2
       0
       1
       1
       1
       1
       0
       1
       1
       1
       2
       1
       0
       0
       1
       0
       0
       3
       1
       3
       2
       1
       3
       4
       5
       8
       7
       8
      22
      19
      29
      30
      69
      93
     117
     106
     122
      88
      53
      17
       7
       1
       0
       0
       1
       1
       0
       0
       0
       0
       1
       0
       1
       0
       1
       1
       0
       1
       1
       0
       2
       0
       0
       1
       1
       0
       0
       0
       0
       0
       2
       0
       0
       1
       0
       0
       1
       1
       1
       1
       0
       0
       1
       2
       1
       0
       0
       1
       0
       2
       2
       1
       0
       2
       1
       1
       0
       1
       0
       1
       2
       0
       1
       3
       0
       1
       3
       0
       1
       1
       1
       2
       2
       1
       1
       0
       1
       1
       0
       2
       0
       0
       0
       0
       1
       1
       3
       1
       0
       0
       0
       0
       1
       1
       1
       0
       0
       0
       1
       0
       1
       0
       0
       0
       0
       0
       0
       0
       0
       0
       0
       0
       0
       0
       0
       1
       0
       0
       0
       0
       1
       1
       0
       0
       0
       0
       0
       0
       0
       0
       0
       1
       0
       0
       1
       0
       1
       1
       0
       0
       0
       0
       0
       0
       1
       0
       0
       1
       0
       0
       1
       0
       1
       0
       0
       0
       0
       1
       0
       1
       0
       1
       1
       1
       0
       0
       0
       1
       1
       2
       0
       1
       1
       1
       0
       0
       0
       0
       0
       1
       0
       1
       0
       0
       1
       0
       0
       0
       0
       0
       0
       0
       0
       0
       0
       1
       0
       0
       1
       0
       1
       0
       1
       0
       1
       0
       1
       0
       0
       0
       2
       0
       0
       0
       0
       0
       0
       0
       0
       0
       0
       0
       0
       0
       0
       1
       0
       0
       1
       0
       1
       0
       0
       0
       0
       0
       1
       0
       0
       0
       0
       1
       0
       0
       1
       0
       1
       0
       3
       0
       0
       0
       0
       0
       0
       0
       0
       1
       0
       3
       0
       1
       0
       0
       1
       0
       1
       0
       2
       1
       0
       1
       1
       0
       1
       0
       0
       0
       0
       0
       0
       0
       0
       0
       0
       2
       0
       0
       0
       0
       0
       0
       1
       0
       1
       0
       1
       0
       0
       0
       0
       0
       0
       0
       0
       0
       0
       0
       0
       1
       2
       1
       0
       0
       1
       0
       0
       0
       0
       2
       0
       0
       2
       0
       0
       0
       1
       0
       0
       1
       0
       0
       0
       0
       0
       1
       0
       0
       0
       0
       0
       0
       1
       0
       0
       0
       1
       1
       0
       1
       0
       1
       1
       1
       0
       0
       0
       0
       1
       0
       2
       2
       0
       1
       0
       0
       1
       0
       1
       1
       0
       0
       0
       0
       0
       0
       0
       0
       0
       0
       0
       2
       1
       0
       0
       1
       0
       1
       2
       0
       1
       0
       0
       0
       0
       0
       0
       0
       2
       0
       0
       0
       0
       1
       0
       0
       0
       0
       0
       0
       0
       0
       0
       0
       1
       0
       0
       0
       0
       0
       0
       0
       0
       1
       0
       0
       0
       1
       0
       0
       1
       0
       1
       0
       1
       0
       0
       0
       0
       0
       0
       0
       1
       0
       0
       0
       0
       1
       1
       0
       0
       0
       1
       0
       0
       0
       0
       0
       0
       0
       1
       1
       0
       0
       0
       0
       0
       0
       0
       0
       0
       0
       0
       0
       0
       0
       0
       0
       0
       0
       0
       1
       0
       2
       0
       1
       1
       0
       0
       1
       0
       1
       0
       0
       1
       0
       0
       0
       0
       1
       0
       0
       0
       0
       2
       0
       0
       0
       1
       0
       0
       0
       1
       0
       0
       0
       0
       0
       0
       0
       2
       0
       0
       0
       0
       0
       0
       0
       0
       1
       0
       1
       0
       0
       1
       0
       0
       0
       0
       0
       1
       0
       0
       2
       0
       0
       1
       0
       0
       0
       1
       0
       0
       0
       0
       1
       0
       0
       1
       0
       1
       0
       0
       0
       1
       0
       0
       0
       1
       0
       0
       0
       0
       1
       0
       0
       0
       0
       0
       0
       0
       0
       0
       0
       0
       0
       0
       0
       0
       0
       0
       0
       0
       0
       0
       0
       0
       0
       0
       0
       0
       0
       1
       0
       0
       0
       1
       0
       0
       0
       0
       0
       0
       0
       0
       0
       0
       1
       0
       0
       1
       0
       0
       1
       0
       0
       0
       0
       0
       0
       0
       0
       1
       2
       0
       1
       1
       1
       0
       0
       1
       0
       0
       0
       2
       0
       0
       0
       0
       0
       0
       0
       0
       1
       0
       0
       0
       0
       0
       0
       0
       0
       0
       0
       2
       0
       1
       1
       0
       0
       0
       0
       0
       0
       0
       0
       0
       0
       0
       1
       0
       0
       0
       1
       0
       0
       1
       0
       0
       0
       0
       0
       1
       0
       1
       1
       0
       0
       0
       0
       0
       0
       1
       0
       2
       0
       1
       1
       0
       0
       1
       0
       0
       0
       0
       0
       0
       0
       0
       1
       1
       0
       0
       0
       0
       0
       0
       1
       0
       0
       0
       0
       0
       0
       1
       1
       0
       0
       1
       0
       0
       0
       0
       0
       0
       0
       0
       0
       0
       0
       0
       1
       1
       0
       0
       0
       0
       0
       0
       1
       0
       0
       0
       0
       0
       0
       1
       0
       0
       0
       0
       0
       3
       0
       2
       0
       0
       0
       1
       1
       0
       1
       1
       0
       0
       0
       0
       0
       0
       0
       0
       0
       0
       0
       0
       0
       1
       0
       0
       0
       1
       1
       0
       1
       1
       0
       0
       0
       0
       0
       0
       0
       0
       0
       1
       0
       0
       0
       0
       0
       1
       0
       0
       0
       0
       0
       1
       0
       0
       1
       0
       0
       0
       0
       0
       0
       0
       1
       0
       0
       0
       0
       0
       0
       0
       1
       0
       0
       0
       0
       0
       0
       0
       0
       0
       0
       0
       1
       0
       1
       0
       0
       0
       0
       0
       0
       1
       0
       0
       0
       0
       0
       0
       0
       0
       0
       0
       0
       1
       0
       0
       1
       1
       0
       0
       2
       0
       0
       0
       0
       1
       0
       0
       0
       0
       0
       0
       0
       0
       0
       0
       0
       1
       0
       0
       1
       1
       0
       1
       0
       0
       0
       0
       0
       0
       0
       0
       0
       1
       0
       1
       0
       0
       0
       1
       0
       0
       0
       2
       0
       0
       0
       0
       0
       0
       0
       0
       0
       0
       0
       0
       0
       1
       0
       0
       0
       0
       0
       0
       0
       1
       0
       0
       0
       0
       0
       0
       0
       1
       0
       0
       0
       1
       0
       1
       1
       0
       0
       0
       0
       0
       0
       0
       0
       0
       0
       0
       0
       0
       0
       1
       1
       0
       0
       0
       0
       0
       0
       0
       0
       0
       1
       0
       0
       0
       0
       0
       1
       1
       0
       0
       0
       1
       1
       1
       0
       0
       0
       1
       0
       0
       0
       0
       0
       0
       0
       0
       0
       0
       0
       0
       0
       0
       0
       0
       0
       0
       0
       0
       1
       0
       0
       0
       0
       0
       0
       0
       0
       0
       0
       1
       0
       0
       0
       0
       0
       0
       0
       1
       0
       0
       0
       0
       0
       0
       0
       0
       0
       0
       0
       1
       0
       0
       2
       1
       0
       0
       0
       0
       0
       0
       0
       0
       0
       0
       0
       0
       0
       0
       0
       1
       0
       1
       0
       0
       1
       0
       0
       0
       0
       1
       1
       0
       0
       0
       1
       0
       0
       0
       1
       0
       0
       0
       0
       0
       0
       1
       0
       0
       0
       0
       0
       1
       0
       0
       0
       0
       0
       0
       0
       0
       0
       0
       0
       0
       0
       0
       0
       0
       1
       0
       0
       1
       0
       0
       0
       0
       0
       1
       2
       0
       0
       0
       0
       1
       0
       0
       0
       0
       0
       0
       0
       0
       0
       0
       1
       0
       0
       0
       0
       0
       1
       0
       0
       0
       0
       0
       0
       0
       0
       0
       0
       0
       0
       0
       0
       0
       1
       0
       0
       0
       0
       0
       0
       0
       0
       0
       0
       0
       0
       0
       2
       0
       0
       0
       0
       0
       1
       0
       0
       0
       1
       0
       0
       0
       0
       0
       0
       0
       0
       1
       1
       0
       0
       0
       0
       0
       0
       0
       0
       0
       0
       0
       0
       0
       0
       0
       0
       0
       0
       0
       0
       0
       1
       0
       0
       0
       0
       0
       0
       0
       0
       0
       0
       0
       0
       0
       0
       0
       1
       0
       1
       0
       0
       1
       0
       0
       0
       0
       0
       0
       0
       0
       0
       1
       0
       0
       0
       0
       0
       0
       0
       0
       1
       0
       0
       0
       0
       0
       0
       0
       0
       0
       0
       0
       0
       0
       0
       0
       0
       0
       1
       1
       0
       0
       0
       0
       0
       0
       0
       0
       0
       0
       0
       0
       1
       0
       2
       0
       0
       0
       0
       0
       0
       0
       0
       1
       0
       0
       0
       1
       0
       1
       0
       0
       0
       0
       0
       1
       0
       0
       2
       1
       1
       1
       0
       0
       0
       0
       0
       0
       0
       0
       1
       0
       0
       0
       0
       0
       0
       0
       0
       0
       0
       0
       0
       0
       1
       0
       0
       0
       1
       1
       0
       0
       0
       0
       1
       0
       0
       0
       0
       0
       0
       0
       0
       0
       0
       0
       0
       0
       0
       0
       0
       0
       0
       0
       0
       0
       0
       0
       0
       0
       0
       1
       0
       0
       0
       2
       0
       0
       0
       0
       1
       0
       0
       0
       0
       0
       0
       0
       0
       0
       1
       0
       0
       0
       0
       0
       0
       1
       0
       0
       0
       0
       0
       0
       0
       0
       0
       0
       0
       0
       0
       0
       0
       1
       0
       1
       0
       0
       0
       1
       0
       0
       1
       0
       0
       0
       0
       0
       0
       0
       1
       0
       0
       0
       0
       0
       0
       0
       0
       0
       0
       1
       0
       0
       0
       1
       1
       0
       0
       0
       0
       0
       0
       0
       1
       1
       0
       0
       0
       0
       0
       0
       0
       1
       0
       1
       0
       0
       0
       0
       0
       0
       0
       0
       0
       0
       0
       0
       0
       0
       0
       0
       0
       0
       0
       0
       0
       0
       0
       0
       0
       0
       0
       0
       0
       0
       1
       0
       0
       0
       0
       0
       0
       0
       0
       0
       0
       0
       0
       0
       0
       0
       0
       0
       0
       0
       1
       0
       0
       0
       0
       0
       0
       0
       0
       0
       0
       1
       2
       0
       0
       0
       1
       0
       0
       0
       0
       0
       1
       0
       0
       1
       0
       0
       0
       1
       1
       0
       0
       0
       0
       0
       0
       0
       0
       0
       0
       0
       0
       0
       0
       0
       0
       0
       0
       0
       0
       0
       0
       0
       0
       0
       0
       0
       0
       0
       0
       1
       0
       0
       0
       0
       0
       0
       0
       0
       0
       1
       0
       0
       1
       0
       0
       1
       0
       1
       1
       0
       1
       0
       0
       0
       0
       0
       0
       0
       0
       0
       0
       1
       0
       0
       0
       1
       1
       0
       0
       0
       0
       0
       0
       0
       0
       0
       2
       0
       1
       0
       0
       0
       0
       0
       0
       0
       0
       0
       0
       0
       0
       0
       0
       1
       0
       0
       0
       1
       0
       0
       0
       0
       0
       0
       0
       0
       0
       0
       2
       0
       0
       1
       0
       0
       1
       0
       0
       1
       0
       1
       0
       1
       0
       0
       0
       0
       0
       2
       0
       1
       0
       0
       0
       0
       0
       0
       0
       0
       0
       0
       1
       1
       1
       0
       1
       0
       0
       0
       0
       0
       0
       0
       0
       0
       0
       0
       0
       0
       0
       0
       0
       0
       0
       0
       0
       0
       0
       0
       0
       0
       0
       0
       0
       0
       1
       0
       0
       0
       0
       0
       0
       0
       0
       0
       0
       0
       0
       0
       0
       0
       0
       0
       0
       0
       0
       0
       0
       0
       0
       0
       1
       0
       0
       0
       0
       0
       0
       0
       0
       0
       0
       0
       0
       0
       1
       0
       0
       0
       0
       1
       1
       0
       1
       0
       0
       1
       0
       0
       0
       0
       0
       0
       0
       0
       0
       0
       2
       0
       0
       0
       0
       0
       0
       0
       0
       0
       0
       0
       1
       0
       0
       0
       0
       0
       0
       0
       0
       0
       0
       0
       0
       0
       0
       0
       0
       0
       0
       0
       0
       0
       0
       0
       0
       0
       0
       0
       1
       0
       0
       1
       0
       1
       0
       0
       0
       0
       0
       1
       2
       0
       0
       0
       0
       0
       0
       2
       1
       0
       1
       1
       0
       0
       0
       0
       1
       0
       0
       0
       0
       0
       0
       0
       1
       0
       0
       0
       0
       0
       0
       0
       0
       0
       0
       0
       0
       0
       0
       0
       0
       0
       0
       0
       0
       1
       0
       0
       0
       0
       1
       0
       0
       0
       0
       0
       0
       0
       0
       0
       0
       0
       0
       2
       0
       0
       0
       0
       0
       0
       0
       0
       0
       0
       0
       0
       1
       1
       0
       0
       0
       0
       0
       0
       0
       0
       0
       0
       1
       2
       0
       0
       0
       0
       0
       0
       0
       1
       0
       0
       0
       0
       0
       0
       0
       0
       0
       0
       1
       0
       0
       0
       0
       0
       0
       0
       0
       0
       0
       0
       0
       0
       0
       0
       0
       0
       0
       0
       0
       1
       0
       0
       0
       0
       0
       0
       0
       0
       0
       0
       0
       0
       0
       0
       0
       0
       0
       0
       0
       0
       1
       0
       0
       0
       1
       1
       0
       0
       0
       0
       0
       0
       0
       1
       0
       0
       0
       0
       1
       2
       1
       1
       0
       0
       1
       0
       1
       0
       0
       0
       0
       1
       1
       0
       0
       1
       0
       0
       0
       0
       0
       0
       0
       1
       0
       0
       0
       1
       0
       0
       0
       0
       0
       0
       0
       0
       0
       0
       1
       0
       2
       0
       0
       0
       0
       0
       0
       0
       0
       0
       0
       0
       1
       0
       0
       0
       0
       0
       0
       0
       0
       0
       0
       0
       0
       0
       0
       0
       0
       0
       0
       0
       0
       1
       0
       0
       0
       0
       0
       0
       0
       0
       0
       1
       1
       0
       0
       0
       0
       0
       0
       0
       1
       0
       0
       0
       0
       0
       0
       1
       0
       0
       0
       0
       1
       0
       0
       0
       1
       0
       0
       0
       0
       0
       0
       0
       0
       0
       0
       0
       0
       0
       0
       0
       1
       0
       0
       0
       1
       0
       0
       0
       0
       0
       0
       0
       0
       0
       0
       0
       0
       0
       0
       0
       0
       0
       0
       0
       2
       0
       1
       0
       0
       0
       0
       1
       0
       0
       0
       0
       0
       0
       0
       0
       0
       0
       0
       0
       1
       0
       0
       0
       0
       0
       0
       1
       0
       0
       0
       0
       0
       0
       0
       0
       0
       0
       0
       0
       0
       0
       0
       0
       0
       1
       0
       0
       0
       0
       1
       0
       0
       0
       0
       0
       0
       0
       0
       0
       1
       0
       0
       0
       0
       0
       0
       0
       0
       0
       0
       0
       0
       0
       0
       0
       0
       1
       0
       0
       0
       0
       0
       0
       0
       0
       0
       0
       0
       0
       0
       0
       0
       0
       1
       0
       0
       0
       0
       0
       0
       0
       1
       0
       1
       0
       0
       0
       0
       1
       0
       0
       0
       0
       0
       0
       1
       0
       0
       0
       0
       0
       0
       0
       0
       0
       0
       1
       0
       0
       0
       0
       0
       0
       0
       0
       0
       0
       0
       0
       0
       0
       0
       0
       0
       0
       0
       0
       0
       0
       0
       0
       0
       0
       0
       0
       0
       0
       0
       0
       0
       0
       0
       0
       0
       0
       0
       0
       0
       0
       0
       0
       0
       0
       0
       0
       0
       1
       1
       0
       0
       1
       0
       0
       0
       0
       0
       3
       0
       0
       0
       0
       0
       0
       0
       0
       0
       0
       0
       0
       0
       0
       0
       1
       0
       1
       0
       0
       0
       0
       0
       0
       0
       0
       0
       0
       0
       0
       0
       0
       0
       0
       0
       1
       0
       0
       0
       0
       0
       0
       0
       1
       0
       0
       0
       0
       0
       0
       0
       0
       0
       1
       0
       0
       0
       0
       0
       0
       0
       0
       0
       0
       1
       0
       0
       0
       0
       0
       1
       0
       1
       0
       0
       1
       0
       0
       0
       0
       0
       3
       0
       0
       0
       0
       0
       1
       0
       0
       0
       0
       0
       0
       0
       0
       0
       1
       0
       0
       0
       1
       0
       0
       1
       0
       1
       0
       1
       0
       0
       0
       0
       0
       0
       0
       0
       1
       0
       0
       1
       0
       0
       0
       1
       0
       0
       0
       1
       0
       0
       0
       0
       1
       0
       0
       0
       0
       0
       0
       0
       0
       0
       0
       0
       0
       0
       0
       0
       0
       0
       0
       0
       0
       0
       0
       0
       0
       0
       0
       0
       0
       0
       0
       0
       0
       0
       1
       1
       0
       0
       0
       1
       1
       0
       0
       0
       0
       1
       0
       0
       0
       0
       0
       0
       0
       1
       0
       0
       0
       0
       0
       1
       0
       0
       0
       0
       0
       0
       1
       0
       0
       0
       1
       0
       0
       0
       0
       0
       0
       0
       1
       0
       0
       0
       0
       0
       0
       0
       0
       0
       0
       2
       0
       1
       0
       0
       0
       1
       0
       0
       1
       0
       0
       0
       0
       0
       0
       0
       0
       0
       1
       0
       0
       0
       0
       1
       1
       0
       0
       1
       0
       0
       1
       1
       0
       0
       1
       0
       1
       0
       0
       0
       0
       0
       0
       0
       0
       0
       0
       0
       0
       0
       0
       0
       0
       0
       0
       1
       0
       0
       1
       0
       0
       0
       0
       0
       0
       0
       0
       0
       0
       0
       0
       0
       0
       0
       0
       0
       0
       1
       0
       0
       0
       0
       0
       0
       0
       0
       1
       0
       0
       0
       0
       0
       0
       0
       0
       0
       0
       0
       0
       1
       0
       0
       0
       0
       0
       0
       0
       0
       0
       0
       0
       0
       0
       1
       0
       0
       0
       0
       0
       0
       0
       1
       0
       0
       1
       0
       0
       1
       0
       0
       0
       0
       0
       0
       0
       0
       0
       0
       0
       1
       2
       0
       0
       0
       0
       0
       0
       0
       0
       0
       0
       2
       0
       0
       0
       0
       1
       0
       0
       0
       0
       0
       0
       0
       0
       0
       0
       0
       0
       0
       0
       0
       0
       0
       0
       0
       1
       0
       1
       0
       0
       0
       1
       0
       0
       1
       1
       0
       0
       1
       0
       1
       0
       0
       0
       0
       0
       1
       0
       0
       0
       0
       0
       0
       1
       1
       0
       0
       0
       0
       0
       0
       1
       0
       0
       1
       0
       0
       0
       0
       0
       0
       0
       0
       0
       0
       0
       0
       0
       0
       0
       0
       0
       0
       1
       0
       0
       0
       0
       0
       1
       0
       1
       0
       1
       1
       0
       0
       0
       0
       0
       0
       0
       0
       0
       0
       0
       0
       0
       0
       0
       0
       0
       0
       0
       0
       0
       0
       0
       0
       0
       0
       0
       0
       0
       0
       0
       1
       0
       0
       0
       0
       0
       0
       0
       0
       0
       0
       1
       0
       0
       0
       0
       0
       1
       0
       0
       0
       0
       0
       0
       0
       0
       0
       0
       0
       0
       0
       0
       0
       0
       0
       0
       0
       1
       0
       0
       0
       0
       0
       1
       1
       0
       0
       0
       0
       0
       0
       0
       0
       0
       0
       0
       0
       0
       0
       0
       0
       0
       1
       1
       0
       1
       0
       0
       0
       0
       0
       0
       0
       0
       1
       0
       0
       0
       0
       0
       0
       0
       0
       0
       0
       0
       0
       0
       0
       0
       0
       0
       0
       0
       0
       0
       0
       0
       0
       0
       0
       0
       0
       0
       0
       0
       1
       0
       1
       0
       0
       0
       0
       0
       0
       0
       0
       0
       0
       0
       0
       0
       0
       0
       0
       0
       0
       0
       1
       0
       1
       0
       1
       0
       0
       1
       0
       0
       1
       0
       1
       1
       1
       0
       0
       0
       0
       0
       0
       0
       0
       0
       0
       0
       0
       0
       0
       0
       0
       0
       0
       1
       0
       0
       0
       0
       1
       0
       0
       0
       0
       0
       0
       0
       0
       0
       0
       0
       0
       0
       0
       0
       0
       0
       0
       0
       0
       0
       0
       0
       0
       0
       0
       0
       0
       0
       0
       0
       0
       1
       1
       0
       0
       0
       0
       0
       0
       0
       1
       0
       0
       0
       0
       0
       2
       0
       0
       0
       0
       0
       1
       0
       0
       0
       0
       0
       0
       0
       1
       0
       0
       0
       0
       0
       0
       1
       1
       0
       0
       0
       0
       0
       0
       0
       0
       0
       0
       0
       1
       0
       0
       1
       0
       1
       0
       0
       0
       0
       0
       0
       0
       0
       0
       0
       0
       1
       0
       0
       0
       1
       0
       0
       0
       0
       1
       0
       0
       0
       0
       0
       0
       0
       0
       1
       0
       0
       0
       0
       0
       0
       0
       0
       0
       0
       0
       0
       0
       1
       0
       0
       0
       1
       0
       0
       0
       0
       0
       0
       0
       0
       0
       0
       0
       0
       0
       0
       0
       0
       1
       0
       0
       1
       1
       1
       0
       0
       0
       0
       0
       0
       0
       0
       1
       0
       0
       0
       0
       0
       0
       0
       0
       0
       0
       0
       0
       0
       0
       0
       1
       0
       0
       1
       0
       0
       0
       0
       0
       0
       0
       0
       0
       0
       0
       0
       0
       0
       0
       0
       0
       1
       0
       0
       0
       0
       0
       0
       0
       0
       0
       0
       0
       1
       0
       0
       0
       0
       0
       0
       0
       0
       0
       0
       0
       0
       0
       1
       0
       0
       0
       0
       0
       0
       0
       0
       0
       0
       0
       0
       0
       0
       0
       0
       0
       0
       0
       0
       0
       0
       0
       1
       0
       1
       0
       0
       0
       0
       0
       0
       0
       0
       0
       0
       0
       0
       0
       0
       0
       0
       1
       0
       0
       0
       0
       0
       0
       0
       0
       0
       0
       0
       0
       0
       0
       0
       1
       0
       0
       0
       0
       0
       0
       0
       0
       0
       0
       0
       0
       0
       0
       0
       0
       0
       0
       0
       1
       0
       0
       0
       0
       0
       0
       1
       0
       0
       0
       0
       0
       0
       0
       0
       0
       0
       0
       0
       0
       0
       0
       0
       0
       1
       0
       0
       0
       0
       0
       0
       0
       0
       0
       0
       0
       0
       0
       1
       2
       0
       0
       0
       0
       0
       0
       0
       0
       0
       0
       0
       0
       1
       0
       0
       0
       0
       0
       1
       1
       0
       0
       0
       0
       0
       0
       0
       0
       0
       0
       0
       1
       0
       0
       0
       0
       0
       0
       0
       0
       0
       0
       0
       0
       1
       0
       0
       0
       0
       1
       1
       0
       0
       0
       0
       0
       0
       0
       1
       0
       0
       0
       0
       0
       0
       1
       1
       0
       0
       0
       0
       0
       0
       0
       0
       0
       0
       0
       0
       0
       0
       0
       0
       0
       0
       1
       1
       0
       0
       0
       0
       0
       0
       1
       0
       0
       0
       0
       0
       0
       1
       0
       0
       1
       0
       0
       0
       0
       0
       1
       0
       0
       0
       0
       0
       0
       0
       0
       0
       0
       0
       0
       0
       0
       1
       0
       0
       0
       0
       0
       0
       0
       0
       0
       0
       0
       0
       0
       0
       0
       1
       1
       0
       0
       0
       0
       0
       0
       0
       0
       0
       0
       0
       1
       0
       0
       0
       0
       0
       0
       0
       0
       2
       0
       0
       0
       0
       0
       0
       0
       0
       0
       0
       0
       0
       0
       0
       0
       0
       1
       0
       0
       0
       0
       0
       0
       1
       0
       0
       0
       0
       0
       0
       0
       0
       0
       0
       0
       0
       0
       0
       1
       0
       0
       0
       1
       0
       1
       0
       0
       1
       0
       0
       0
       0
       0
       0
       0
       0
       1
       0
       2
       0
       1
       0
       1
       0
       0
       0
       0
       0
       0
       0
       1
       0
       0
       0
       1
       0
       0
       0
       1
       0
       0
       0
       0
       0
       0
       1
       0
       0
       0
       0
       0
       0
       0
       0
       0
       0
       1
       0
       2
       0
       0
       0
       1
       0
       1
       0
       0
       0
       0
       1
       0
       0
       0
       0
       0
       0
       0
       1
       0
       0
       0
       0
       0
       0
       0
       0
       0
       0
       0
       0
       0
       1
       0
       0
       0
       0
       0
       0
       0
       0
       0
       0
       1
       0
       0
       0
       0
       1
       0
       0
       0
       0
       0
       0
       0
       0
       0
       0
       0
       1
       0
       0
       0
       0
       0
       0
       1
       0
       0
       0
       0
       0
       0
       0
       0
       0
       0
       0
       0
       0
       0
       0
       0
       0
       1
       0
       0
       0
       0
       0
       0
       1
       0
       0
       0
       0
       0
       1
       0
       1
       0
       0
       0
       0
       0
       0
       1
       0
       0
       0
       0
       0
       0
       0
       0
       0
       0
       0
       0
       0
       0
       0
       0
       0
       0
       0
       0
       0
       0
       0
       0
       0
       0
       0
       0
       0
       0
       0
       0
       0
       0
       0
       0
       0
       0
       0
       0
       0
       0
       0
       0
       1
       0
       1
       1
       1
       0
       0
       0
       0
       0
       0
       0
       0
       0
       0
       0
       0
       0
       0
       0
       0
       0
       0
       0
       0
       0
       0
       0
       0
       0
       0
       0
       0
       0
       0
       0
       0
       0
       0
       0
       0
       0
       0
       0
       0
       0
       0
       0
       0
       0
       0
       0
       0
       0
       0
       0
       0
       0
       0
       0
       0
       0
       0
       0
       0
       0
       0
       0
       0
       0
       0
       0
       0
       0
       0
       0
       0
       0
       0
       0
       0
       0
       0
       0
       0
       0
       0
       0
       0
       0
       0
       0
       0
       0
       0
       0
       0
       0
       0
       0
       0
       0
       0
       0
       0
       0
       0
       0
       0
       0
       0
       0
       0
       0
       0
       0
       0
       0
       0
       0
       0
       0
       0
       0
       0
       0
       0
       0
       0
       0
       0
       0
       0
       0
$ROI:
6
110 127
133 142
1901 1925
2163 2177
2374 2384
4256 4262
$PRESETS:
None
0
0
$ENER_FIT:
1.916382 0.612805
$MCA_CAL:
3
1.916382E+000 6.128052E-001 0.000000E+000 keV
$SHAPE_CAL:
3
2.905076E+000 5.086795E-004 0.000000E+000
