$SPEC_ID:
No sample description was entered.
$SPEC_REM:
DET# 1
DETDESC# DESKTOP-AKUPN2F Easy-MCA-8k SN 09022236
AP# Maestro Version 7.01
$DATE_MEA:
02/08/2017 10:07:35
$MEAS_TIM:
3029 3117
$DATA:
0 8191
       0
       0
       0
       0
       0
       0
       0
       0
       0
       0
       0
       0
       0
       0
       0
       0
       0
       0
       0
       0
       0
       0
       0
       0
       0
       0
       0
       0
       0
       0
       0
       0
       0
       0
       0
       0
       0
       0
       0
       0
       0
       0
       0
       0
       0
       0
       0
       0
       0
       0
       0
       0
       0
       0
       0
       0
       0
       1
      13
      46
     115
     139
     403
     695
     151
      38
      68
     124
     214
    1201
    1508
    1431
    1348
    1356
    1387
    1413
    1305
    1372
    1380
    1389
    1445
    1457
    1508
    1387
    1388
    1506
    1386
    1422
    1433
    1502
    1402
    1442
    1498
    1502
    1587
    1626
    1582
    1563
    1623
    1680
    1614
    1677
    1811
    1714
    1677
    1787
    1714
    1804
    1730
    1787
    1850
    2082
    1923
    1846
    1961
    2466
    3906
    5434
    5428
    5401
    7428
    8488
    6231
    3119
    1836
    1825
    1710
    1764
    1717
    1753
    1733
    1748
    1797
    1743
    2061
    2780
    4096
    4764
    3822
    2663
    2460
    2662
    2349
    1931
    1634
    1682
    1547
    1566
    1614
    1665
    1602
    1678
    1608
    1666
    1591
    1586
    1608
    1636
    1631
    1629
    1578
    1593
    1702
    1574
    1516
    1573
    1625
    1637
    1569
    1575
    1631
    1581
    1626
    1556
    1608
    1574
    1590
    1553
    1630
    1588
    1603
    1619
    1584
    1586
    1484
    1512
    1567
    1559
    1579
    1629
    1585
    1505
    1536
    1493
    1503
    1598
    1553
    1595
    1594
    1541
    1514
    1544
    1550
    1546
    1594
    1536
    1484
    1526
    1556
    1546
    1531
    1493
    1526
    1593
    1544
    1451
    1548
    1493
    1512
    1556
    1508
    1533
    1575
    1459
    1516
    1515
    1548
    1517
    1489
    1488
    1581
    1536
    1528
    1500
    1525
    1466
    1487
    1515
    1480
    1542
    1474
    1470
    1546
    1535
    1461
    1502
    1477
    1477
    1450
    1446
    1437
    1533
    1463
    1495
    1460
    1435
    1460
    1480
    1504
    1419
    1479
    1514
    1453
    1426
    1403
    1448
    1420
    1487
    1362
    1372
    1468
    1473
    1411
    1450
    1409
    1482
    1375
    1346
    1451
    1404
    1396
    1461
    1367
    1376
    1426
    1447
    1518
    1386
    1400
    1353
    1433
    1445
    1419
    1492
    1428
    1367
    1467
    1430
    1454
    1495
    1400
    1415
    1544
    1471
    1445
    1457
    1394
    1380
    1438
    1398
    1430
    1415
    1470
    1469
    1446
    1477
    1477
    1427
    1421
    1461
    1493
    1507
    1466
    1509
    1461
    1471
    1485
    1491
    1583
    1416
    1473
    1533
    1524
    1546
    1463
    1583
    1470
    1590
    1568
    1595
    1606
    1587
    1592
    1576
    1671
    1578
    1584
    1632
    1681
    1697
    1712
    1724
    1707
    1640
    1646
    1683
    1678
    1652
    1697
    1664
    1658
    1635
    1665
    1681
    1636
    1645
    1649
    1628
    1686
    1626
    1709
    1705
    1669
    1708
    1692
    1660
    1727
    1627
    1659
    1655
    1656
    1707
    1699
    1721
    1700
    1639
    1716
    1743
    1773
    1753
    1656
    1590
    1651
    1667
    1685
    1589
    1612
    1577
    1582
    1566
    1461
    1520
    1528
    1541
    1533
    1572
    1548
    1507
    1496
    1462
    1532
    1515
    1493
    1404
    1471
    1474
    1443
    1412
    1410
    1442
    1455
    1405
    1467
    1372
    1455
    1431
    1407
    1422
    1370
    1368
    1402
    1403
    1407
    1312
    1375
    1308
    1274
    1368
    1345
    1432
    1365
    1315
    1358
    1380
    1294
    1234
    1232
    1274
    1305
    1257
    1313
    1297
    1275
    1270
    1322
    1287
    1292
    1222
    1255
    1200
    1252
    1244
    1222
    1215
    1215
    1199
    1226
    1214
    1251
    1222
    1230
    1203
    1230
    1239
    1262
    1204
    1217
    1202
    1250
    1265
    1286
    1270
    1180
    1226
    1141
    1189
    1112
    1190
    1163
    1133
    1109
    1163
    1151
    1119
    1141
    1156
    1140
    1072
    1197
    1112
    1152
    1162
    1172
    1142
    1212
    1176
    1133
    1155
    1115
    1126
    1133
    1138
    1071
    1091
    1060
    1058
    1105
    1109
    1107
    1117
    1103
    1070
    1077
    1078
    1096
     992
    1027
    1013
    1042
    1070
    1004
    1057
    1129
    1062
    1029
    1085
    1047
    1048
    1027
    1045
    1072
    1060
    1001
    1080
    1029
     955
    1033
    1027
    1004
    1059
    1058
    1082
    1018
    1051
    1002
    1030
     986
     970
    1041
    1027
     987
    1046
     975
     969
    1006
    1026
     994
    1018
     967
    1010
     978
    1044
    1100
    1128
    1074
     987
     982
     985
     990
     952
     947
    1002
     947
     988
     923
     914
     975
     997
     956
     915
     987
     984
     949
     973
     893
     949
     911
     939
     995
     963
     947
     940
     925
     964
     903
     855
     974
     931
     988
     888
     989
     915
     977
     978
     914
     970
     928
     943
     937
     922
     961
     902
     955
     964
     950
     942
     960
     964
     935
     920
     904
     890
     935
     900
     939
     882
     946
     879
     857
     965
     873
     946
     904
     952
     955
     917
     961
     848
     896
     882
     965
     893
     891
     863
     969
     896
     954
     871
     879
     874
     852
     902
     910
     900
     875
     870
     948
     888
     853
     904
     867
     903
     924
     881
     879
     875
     859
     840
     906
     892
     870
     890
     853
     903
     890
     886
     860
     948
     917
     919
     892
     895
     905
     953
     917
     868
     882
     869
     857
     871
     849
     846
     855
     886
     881
     860
     855
     930
     846
     863
     927
     899
     873
     882
     954
     884
     862
     889
     877
     890
     898
     859
     854
     903
     885
     899
     899
     861
     869
     854
     887
     842
     893
     841
     915
     855
     855
     922
     858
     938
     903
     849
     893
     891
     872
     851
     869
     811
     916
     904
     864
     861
     854
     863
     912
     842
     908
     858
     835
     807
     857
     900
     792
     899
     821
     847
     867
     847
     861
     848
     830
     839
     834
     853
     873
     856
     824
     842
     937
     839
     846
     928
     885
     855
     854
     869
     895
     872
     905
     915
     875
     875
     797
     788
     884
     885
     876
     871
     791
     892
     870
     873
     866
     897
     868
     855
     805
     887
     896
     856
     878
     857
     923
     870
     884
     816
     865
     866
     868
     872
     881
     843
     919
     856
     832
     857
     916
     973
     980
    1146
    1210
    1406
    1364
    1277
    1096
    1037
     874
     962
     855
     891
     892
     881
     843
     839
     885
     907
     853
     874
     904
     882
     883
     854
     813
     846
     827
     814
     880
     913
     844
     893
     864
     854
     887
     863
     817
     830
     873
     823
     832
     846
     855
     840
     894
     864
     851
     840
     859
     856
     874
     854
     886
     886
     845
     843
     847
     838
     862
     880
     853
     879
     883
     809
     874
     813
     871
     816
     837
     839
     904
     874
     868
     847
     906
     892
     899
     845
     841
     860
     912
     850
     863
     817
     866
     839
     862
     890
     845
     790
     833
     913
     775
     878
     920
     904
     883
     912
     884
     914
     838
     866
     844
     882
     840
     880
     868
     923
     907
     803
     807
     853
     864
     824
     889
     824
     875
     858
     957
     856
     951
     990
     898
     884
     866
     786
     885
     843
     857
     842
     826
     822
     878
     831
     888
     876
     866
     906
     863
     925
     835
     812
     902
     855
     905
     785
     891
     918
     840
     805
     874
     898
     894
     877
     899
     885
     854
     836
     875
     849
     867
     868
     921
     957
     984
     949
     871
     874
     864
     868
     803
     791
     860
     855
     872
     905
     925
     862
     886
     880
     867
     923
     899
     897
     848
     866
     938
     824
     891
     923
     922
     874
     898
     828
     825
     859
     912
     862
     876
     875
     933
     882
     841
     872
     907
     809
     885
     947
     872
     879
     901
     880
     893
     858
     883
     895
     934
     802
     861
     857
     817
     859
     909
     877
     886
     826
     882
     844
     925
     873
     872
     928
     872
     890
     835
     895
     844
     862
     842
     871
     869
     892
     851
     861
     869
     887
     905
     976
     996
    1028
    1068
     986
     908
     945
     871
     921
     879
     864
     853
     840
     869
     878
     875
     886
     896
     865
     968
     905
     927
     856
     890
     829
     889
     932
     923
     898
     854
     889
     879
     842
     921
     935
     927
     847
     876
     926
     880
     857
     901
     901
     899
     882
     928
     882
     871
     886
     868
     882
     873
     905
     915
     835
     870
     942
     892
     892
     876
     858
     943
     914
     859
     881
     913
     937
     954
     892
     933
     895
     838
     891
     897
     904
     926
     921
     903
     966
     863
     909
     957
     886
     925
     904
     881
     917
     909
     866
     902
     895
     899
     931
     922
     962
     916
     905
     898
     851
     960
     923
     961
     900
     901
     840
     904
     936
     919
     913
     940
     927
     960
     915
     861
     897
     929
     907
     916
     917
     878
     935
     951
     919
     909
     887
     835
     955
     950
     900
     924
     899
     944
     928
     972
     958
     888
     909
     886
     953
     921
     954
     913
     930
     869
     943
     904
     869
     926
     895
     906
     937
     971
     973
     946
     931
     875
     904
     973
     953
     968
     965
     974
     941
     937
     911
     979
     990
     926
     956
     936
     927
     944
     950
     956
    1006
     964
     932
     993
     952
     952
     896
     923
     987
     977
     961
     950
     963
     946
     904
     910
     981
     936
     955
     905
     944
     964
     991
     914
     946
     959
     911
     934
     888
     934
     972
     943
     932
     959
     928
     924
     925
     919
     992
     952
     924
     973
     945
    1003
     932
     935
     961
     943
     985
     930
     933
     950
     981
     978
     955
     953
     968
     991
     954
     943
     969
     970
     941
     977
     975
     981
     936
     959
     969
     975
     961
     986
     898
     989
    1029
     970
     944
     905
     932
     935
     965
     943
    1008
     961
    1038
     980
     946
     994
    1048
    1073
    1059
     999
     970
     964
     993
     962
    1045
     991
    1016
     994
    1005
     980
     956
     942
     963
     933
    1055
     949
    1026
    1000
    1041
     985
    1017
     996
     954
     974
     980
     970
     981
     975
     976
     988
    1010
     970
     961
    1009
    1030
    1032
     986
     976
    1010
    1023
    1008
    1008
     999
    1005
    1014
    1007
    1045
     987
     935
    1030
    1026
    1022
    1020
    1037
    1007
    1028
    1044
    1054
    1046
    1061
    1004
    1026
    1016
    1017
     989
    1039
    1068
    1030
    1011
    1049
    1046
    1089
    1006
    1068
     986
    1020
    1068
    1036
    1015
     990
    1007
    1023
    1027
    1038
    1063
     991
     983
    1078
    1012
     974
    1065
    1020
    1053
    1033
    1022
    1026
    1105
    1060
    1025
    1004
    1073
    1071
    1067
    1057
    1050
    1080
    1113
    1102
    1104
    1076
    1100
    1059
    1055
    1132
    1117
    1031
    1102
    1118
    1096
    1083
    1069
    1021
    1120
    1108
    1109
    1104
    1027
    1088
    1102
    1114
    1060
    1109
    1073
    1151
    1075
    1057
    1120
    1101
    1085
    1119
    1102
    1135
    1135
    1210
    1216
    1135
    1123
    1082
    1095
    1196
    1145
    1108
    1185
    1119
    1143
    1133
    1122
    1117
    1171
    1148
    1186
    1135
    1194
    1167
    1158
    1141
    1175
    1180
    1141
    1182
    1101
    1252
    1148
    1155
    1177
    1122
    1144
    1192
    1169
    1149
    1235
    1202
    1144
    1149
    1184
    1154
    1176
    1141
    1179
    1153
    1202
    1230
    1222
    1221
    1168
    1194
    1176
    1205
    1166
    1182
    1192
    1177
    1245
    1188
    1257
    1277
    1175
    1201
    1174
    1167
    1178
    1214
    1238
    1226
    1157
    1103
    1168
    1159
    1172
    1157
    1177
    1190
    1163
    1228
    1156
    1151
    1143
    1183
    1110
    1039
    1068
    1105
    1129
    1007
    1089
    1043
    1034
    1011
    1023
    1044
     969
     964
    1001
    1021
    1019
    1056
     960
    1020
     954
     990
     891
     989
    1022
     967
    1049
     912
     959
     964
     935
     968
     973
     934
     988
     983
     932
     984
     910
    1021
     936
     960
     989
     986
     950
     930
     929
     975
     931
     931
     914
     941
     967
     906
     956
     895
     905
     944
     956
     925
     949
     990
     947
     861
     910
     932
     917
     881
     952
     885
     902
     936
     961
     925
     840
     952
     903
     922
     913
     911
     927
     906
     931
     878
     883
     895
     904
     902
     886
     902
     913
     925
     915
     906
     943
     913
     918
     864
     926
     931
     961
     856
     897
     910
     846
     872
     900
     905
     886
     899
     889
     926
     868
     899
     839
     920
     805
     872
     853
     896
     904
     871
     851
     898
     842
     882
     901
     866
     854
     876
     835
     861
     842
     842
     874
     855
     807
     869
     839
     876
     847
     838
     903
     868
     851
     869
     832
     890
     846
     820
     807
     849
     848
     854
     882
     814
     831
     867
     893
     851
     862
     860
     824
     843
     823
     927
     809
     894
     878
     850
     877
     891
     869
     858
     851
     858
     863
     883
     869
     852
     911
     888
     927
     828
     839
     861
     876
     874
     839
     868
     937
     888
     892
     886
     832
     887
     832
     854
     881
     884
     891
     878
     866
     847
     861
     894
     887
     921
     890
     872
     862
     884
     846
     876
     888
     891
     877
     860
     821
     862
     926
     899
     873
     929
     894
     921
     920
     873
     908
     902
     888
     906
     889
     911
     827
     904
     902
     886
     882
     875
     907
     900
     873
     819
     917
     884
     875
     796
     827
     822
     767
     803
     754
     813
     785
     750
     768
     745
     736
     673
     720
     674
     680
     663
     638
     645
     688
     687
     667
     657
     638
     600
     678
     647
     614
     643
     623
     663
     647
     628
     621
     626
     681
     596
     571
     601
     574
     637
     584
     570
     659
     620
     596
     557
     613
     589
     591
     603
     605
     532
     539
     564
     521
     618
     584
     541
     599
     571
     594
     555
     564
     515
     578
     601
     530
     590
     534
     552
     525
     562
     512
     551
     523
     528
     498
     525
     491
     550
     518
     551
     481
     538
     507
     511
     568
     678
     832
    1398
    2815
    6797
   14643
   24708
   30443
   25755
   14854
    5765
    1648
     574
     382
     394
     360
     405
     338
     320
     374
     333
     351
     327
     342
     355
     326
     353
     320
     330
     343
     322
     292
     335
     348
     319
     304
     328
     329
     302
     295
     297
     299
     301
     280
     313
     308
     337
     287
     299
     326
     301
     280
     285
     302
     276
     277
     303
     310
     269
     267
     279
     272
     290
     306
     240
     265
     256
     250
     273
     252
     243
     274
     242
     227
     225
     251
     286
     263
     246
     218
     257
     239
     244
     229
     213
     202
     248
     250
     243
     219
     223
     227
     234
     228
     227
     243
     216
     213
     203
     211
     202
     225
     202
     205
     217
     196
     204
     212
     201
     199
     217
     202
     226
     226
     216
     211
     211
     187
     203
     201
     214
     210
     202
     211
     207
     165
     191
     193
     192
     187
     160
     201
     174
     172
     167
     187
     158
     176
     169
     183
     170
     180
     146
     162
     204
     180
     177
     160
     167
     146
     186
     174
     164
     174
     157
     167
     169
     172
     139
     190
     177
     171
     170
     158
     171
     161
     167
     164
     193
     160
     139
     158
     174
     152
     174
     155
     159
     174
     179
     179
     143
     150
     184
     184
     152
     192
     188
     149
     190
     167
     176
     155
     158
     184
     179
     160
     152
     128
     169
     162
     182
     164
     178
     162
     147
     163
     156
     161
     164
     141
     152
     161
     168
     133
     168
     165
     171
     145
     146
     130
     160
     165
     148
     158
     149
     174
     152
     159
     162
     158
     138
     186
     165
     160
     142
     155
     116
     145
     135
     152
     155
     160
     137
     177
     157
     151
     126
     136
     148
     149
     147
     151
     137
     152
     169
     159
     144
     165
     235
     302
     511
     988
    2142
    4924
   10964
   20258
   28378
   29564
   20783
   10171
    3368
     736
     148
      39
      20
      23
      27
      21
      29
      20
      29
      38
      27
      25
      22
      28
      25
      14
      22
      21
      17
      19
      24
      17
      18
      16
      20
      12
      31
      17
      20
      18
      20
      22
      24
      21
      24
      20
      21
      22
      16
      25
      24
      25
      15
      20
      19
      11
      15
      23
      29
      18
      15
      16
      18
      14
      23
      13
      14
      15
      22
      15
      15
      14
      21
      19
      16
      21
      25
      26
      24
      20
      24
      27
      12
      25
      17
      19
      15
      17
      19
      20
      26
      19
      21
      13
      21
      18
      20
      20
      23
      19
      15
      23
       9
      16
      22
      16
      17
      21
      23
      14
      19
      19
       9
      22
      18
      29
      11
      17
      19
      13
      20
      12
      14
      24
      13
      17
      26
      23
      18
      20
      14
      11
      16
       9
       9
      15
      19
      14
      14
      16
      17
      17
      19
      16
      10
      16
      12
      15
      13
      14
      12
      15
      16
      20
      15
      16
      18
      20
      16
      14
      24
      17
      10
      19
      11
      12
      14
      11
       7
       9
      18
      18
      15
      18
      18
      11
       9
      14
      12
      21
      19
      14
      12
      13
      10
      14
       9
      18
      20
      14
      14
      19
      18
      13
      25
      17
      11
      15
      13
      14
      12
      16
      20
      10
      15
      25
      20
      26
      46
      89
     113
     223
     371
     448
     485
     396
     174
      66
      34
       8
      18
      13
      16
      16
       6
      11
       8
      11
      12
      12
      10
      10
       6
       9
      12
      18
       9
      18
      18
      19
      13
      10
      17
      11
       7
       7
      11
      15
      14
      12
      14
      12
      17
      10
      11
      20
      11
       8
      10
      12
      17
       9
      10
      21
      14
       9
      12
      16
      11
      12
      15
      16
       9
      16
       5
      13
       8
      22
      15
      12
      20
       7
      12
      12
       8
      11
      11
      10
      12
      15
      13
      10
      18
      22
      10
      10
      12
       8
       5
       9
      12
       8
      12
      11
      10
      11
       7
      12
      11
      12
      15
       9
      11
       9
      10
       5
      10
       9
      11
       8
      12
      14
      18
      10
      15
       8
      14
      16
       8
       8
       7
      14
      13
       3
      10
      13
       9
       9
      10
      17
      12
       6
      12
       8
      17
      13
       9
       4
      11
       8
      14
      13
      13
       9
       8
      17
      10
      14
      10
       9
      10
       7
      12
       8
       7
       8
      10
      10
      14
       8
      16
      10
      20
      16
       8
      12
      11
       6
       9
      16
      11
      12
       5
      12
      13
       5
      12
       3
      10
      14
      15
       7
      12
       9
      13
      14
       9
       7
      10
       6
      12
      11
      11
       8
       9
      16
       9
       8
      12
       8
       7
       8
      13
      12
      10
      11
      10
       7
      13
      15
      24
      14
      15
      17
      17
      14
      12
      13
      17
      15
      11
      11
      12
       3
       9
      11
       6
       7
       8
       8
       7
       7
      12
       5
      11
       7
      11
       7
      10
       9
       6
       8
       5
       6
       7
       9
       8
       9
      11
       4
      12
       8
       9
      10
       7
      12
      12
       7
      12
       5
       4
       9
       3
      10
      12
      10
       9
      13
       4
       5
       5
      15
       8
       5
       8
       8
       9
       9
      10
      13
      11
      12
       8
       3
       7
       7
       7
       7
       8
       3
      12
      10
      11
       5
       7
       2
       9
      10
       8
      15
      12
       7
      11
       7
       5
      11
      10
       5
       7
       2
       8
       3
      10
       6
       7
       2
       8
       8
       7
       7
       8
       9
      11
       7
       8
      10
      10
       9
       8
      10
       4
       6
      12
       4
       5
       7
       9
       3
       7
       6
       7
       7
      11
      14
       6
       7
       4
      14
       8
       5
      10
       6
       5
       7
       4
      10
       4
       9
       9
       2
       8
       8
       7
       6
      10
      13
       7
      10
      10
       9
      10
      11
       4
       6
       9
       9
       7
       5
       6
       6
       8
       7
      11
       9
       4
       3
      12
       5
      13
       8
      10
      10
      12
       4
       3
      14
      12
       5
       9
       6
      10
       9
       9
       4
       8
       7
       4
       8
       9
       8
       8
       9
       4
      10
      10
      10
       3
       7
       6
       4
       5
       5
       9
       6
       9
       7
      14
       3
       8
       2
       4
       3
      10
       8
       7
      11
       6
       4
       8
       8
       9
      14
      13
       8
       7
       8
      10
      14
       4
       8
       6
       5
      10
       6
      14
       5
       4
       1
       7
      10
       6
       4
       7
       3
       5
       9
       8
      10
       3
       6
       7
       7
       7
       5
       9
      13
       3
       7
       5
       7
      10
       3
       8
       3
       5
       7
      10
      10
      14
       8
       8
       8
       8
       7
      12
      16
      30
      32
      44
      45
      43
      28
       5
       7
       7
       5
       7
       7
       8
       7
       6
       5
       4
       8
       4
       5
       2
       4
       6
      10
       9
       6
       5
       5
       3
       8
       8
      10
      10
       8
       3
       8
       6
       5
       4
       6
       3
      11
       9
       1
       8
       7
       5
       4
       8
       2
       6
       3
       8
       4
       4
       4
       9
       5
       6
       5
       4
       2
       6
       2
       7
       9
      13
       6
       7
       9
       6
       6
       6
       8
       5
       3
       6
       7
       3
       2
       1
      10
       8
       7
       8
       6
       5
      11
       5
       6
       8
       9
      11
       6
       9
       5
       5
       6
       6
       6
       4
       8
       5
       9
       7
      10
      13
       6
       5
       5
       5
       3
       4
       3
       9
       6
       2
      11
      11
       4
       7
       6
       3
       4
       8
       7
       8
       5
      13
      11
       6
      11
       7
      14
       8
       5
       6
       9
       6
       6
       3
       6
       6
      11
      12
       3
       6
       4
       3
       4
       6
       5
       6
      14
       3
       6
       4
       2
       5
       4
       5
       5
       8
       7
       6
       4
       3
       7
      11
       4
       7
       8
       9
       3
       5
       9
       4
       8
       5
       6
       3
       9
       6
       4
       8
       6
       1
       4
       2
       6
       7
       8
       5
       9
       5
       6
       5
       4
       8
       2
       4
       7
       7
       3
       7
       5
       9
       2
       6
       7
       6
      10
       5
       9
      11
       4
       5
       7
       4
      13
       5
       8
       7
       2
       3
       7
       4
       3
       5
       2
       2
       6
       5
       9
      11
       5
       6
       4
       3
       7
       6
       5
       4
       5
       5
       3
       4
       5
       7
       4
       5
       3
      10
       6
       4
       8
       3
       7
       2
       8
      11
       7
       4
       4
       5
       5
       2
       4
       8
       3
       5
       2
       5
       6
       2
       6
      11
       6
       4
       6
       1
       3
       5
       5
       6
       6
       6
       4
       4
       3
       5
       7
       3
       4
       5
       3
       5
       2
       6
       2
       8
       6
       4
       6
       5
       9
       2
       7
       8
       2
       2
       2
       6
       6
       4
       8
       9
       6
       5
       4
       3
       5
       6
       6
       8
       7
       7
       5
       7
       2
       7
       2
       6
       4
       3
       5
       9
       8
      12
       5
       3
       3
       5
       3
       5
       1
       7
       7
       5
       4
       4
       4
       8
       4
       4
       2
       7
       4
       4
       6
       2
       5
       3
       5
       3
       2
       8
       2
       5
       2
       7
       5
       4
       8
       5
       4
       1
       5
       2
       6
       4
       7
       6
       4
       1
       6
       2
       6
      10
       7
       7
       9
       6
       3
       4
       6
       0
       3
       5
       3
       3
       8
       3
       3
       6
       7
       3
       5
       3
       4
       3
       4
       5
       3
       4
       2
       3
       4
       4
       6
       5
       4
       3
       3
       7
       4
       4
       4
       5
       2
       3
       3
       7
       5
       3
       5
       2
       4
       2
       5
       5
       2
       5
       4
       4
       7
       1
       2
       4
       4
       4
       1
       4
       4
       5
       3
       6
       1
       5
       5
       3
       3
       4
       4
       4
       3
       7
       8
       5
       2
       7
       4
       2
       4
       4
       4
       6
       4
       2
       9
       4
       0
       4
       4
       5
       3
       5
       2
       1
       2
       2
       5
       2
      10
       6
       4
       1
       4
       8
       5
       4
       0
       1
       7
       2
       2
       5
       2
       4
       7
       4
       4
       1
      12
       1
       6
       5
       3
       9
       2
       3
       5
       4
       1
       2
       4
       3
       2
       4
       8
       2
       1
       3
       4
       4
       2
       3
       4
       3
       2
       1
       5
       5
       2
       6
       6
       3
       6
       2
       3
       6
       7
       8
      10
       8
      13
       5
       7
       7
       2
       3
       2
       4
       2
       3
       3
       2
       4
       1
       2
       2
       6
       2
       4
       2
       1
       3
       5
       4
      11
       5
       7
       3
       6
       4
       1
       2
       2
       2
       1
       4
       3
       4
       4
       4
       2
       2
       3
       3
       2
       5
       4
       4
       5
       0
       2
       4
       3
       2
       4
       5
       2
       3
       2
       0
       3
       3
       2
       3
       7
       5
       3
       2
       5
       3
       6
       4
       2
       7
       5
       5
       3
       5
       5
       2
       2
       3
       5
       2
       7
       5
       4
       3
       1
       2
       7
       0
       2
       3
       3
       3
       3
       1
       4
       3
       1
       1
       1
       2
       4
       3
       4
       2
       2
       3
       2
       1
       4
       2
       4
       4
       4
       3
       2
       2
       2
       2
       1
       4
       3
       4
       1
       2
       3
       1
       6
       0
       2
       7
       3
       4
       3
       5
       0
       3
       5
       5
       2
       6
       4
       2
       4
       2
       2
       2
       2
       2
       3
       3
       3
       1
       4
       2
       5
       3
       3
      10
      11
      10
      19
      12
       7
       5
       6
       1
       2
       2
       3
       2
       3
       4
       1
       6
       3
       2
       3
       5
       1
       2
       1
       4
       4
       5
       4
       3
       1
       6
       0
       3
       3
       6
       1
       3
       3
       2
       5
       3
       1
       3
       5
       4
       4
       3
       4
       3
       3
       5
       3
       4
       0
       3
       3
       3
       3
       3
       4
       4
       0
       2
       5
       4
       2
       2
       3
       4
       2
       1
       2
       5
       6
       3
       2
       4
       2
       3
       5
       0
       5
       4
       1
       4
       0
       2
       3
       1
       1
       0
       3
       3
       4
       5
       5
       6
       3
       2
       6
       5
       4
       3
       2
       5
       2
       6
       4
       4
       3
       1
       1
       2
       1
       3
       2
       5
       1
       2
       2
       1
       2
       1
       1
       5
       2
       1
       4
       4
       2
       4
       3
       4
       1
       3
       1
       4
       3
       7
       0
       5
       2
       2
       3
       3
       5
       4
       3
       3
       6
       1
       2
       2
       0
       1
       3
       1
       0
       1
       1
       1
       2
       0
       4
       4
       2
       3
       3
       3
       2
       3
       4
       5
       3
       2
       3
       4
       2
       3
       3
       4
       3
       6
       3
       3
       2
       2
       2
       2
       4
       3
       1
       2
       4
       2
       2
       4
       2
       6
       1
       3
       4
       1
       3
       2
       2
       4
       2
       1
       2
       2
       2
       0
       4
       3
       1
       4
       0
       2
       0
       1
       4
       2
       2
       1
       1
       3
       2
       2
       4
       2
       3
       3
       6
       3
       6
       1
       1
       3
       6
       2
       1
       4
       3
       4
       3
       3
       2
       1
       2
       3
       2
       0
       2
       5
       2
       2
       4
       1
       5
       5
       2
       1
       3
       6
       1
       1
       2
       1
       1
       7
       4
       4
       4
       0
       4
       5
       6
       3
       2
       2
       5
       2
       5
       5
       2
       2
       2
       4
       2
       3
       3
       1
       2
       3
       1
       2
       1
       2
       1
       4
       1
       2
       1
       2
       2
       2
       6
       1
       3
       1
       3
       3
       0
       3
       0
       0
       1
       5
       4
       5
       0
       2
       4
       3
       2
       2
       0
       3
       6
       2
       0
       1
       1
       3
       3
       2
       0
       2
       3
       2
       4
       1
       2
       1
       2
       1
       2
       4
       1
       0
       2
       0
       1
       4
       0
       1
       0
       5
       4
       1
       1
       0
       4
       2
       4
       1
       1
       0
       6
       0
       1
       2
       4
       2
       1
       1
       2
       2
       0
       0
       3
       1
       2
       2
       2
       1
       3
       0
       1
       0
       1
       0
       1
       6
       2
       1
       0
       4
       3
       2
       5
       2
       2
       1
       3
       1
       3
       2
       1
       1
       1
       5
       1
       2
       2
       1
       3
       1
       2
       2
       2
       1
       1
       3
       3
       2
       2
       4
       1
       2
       2
       1
       0
       0
       2
       1
       4
       0
       1
       0
       1
       0
       0
       3
       1
       2
       0
       0
       4
       0
       2
       0
       0
       0
       0
       2
       0
       2
       2
       0
       3
       0
       0
       1
       4
       0
       0
       0
       0
       0
       5
       0
       0
       1
       0
       5
       0
       2
       1
       1
       2
       2
       3
       0
       0
       3
       1
       2
       2
       1
       1
       4
       4
       5
       7
       5
       0
       1
       2
       1
       0
       2
       0
       0
       0
       0
       1
       3
       1
       0
       0
       1
       0
       0
       0
       2
       1
       0
       0
       0
       0
       2
       1
       0
       1
       0
       2
       1
       0
       0
       0
       2
       1
       0
       1
       0
       0
       0
       0
       1
       0
       0
       1
       1
       1
       0
       2
       0
       1
       0
       1
       0
       2
       1
       1
       0
       0
       0
       1
       0
       0
       0
       1
       1
       0
       2
       0
       0
       1
       0
       0
       0
       0
       0
       0
       1
       0
       0
       1
       1
       0
       1
       1
       2
       0
       1
       1
       1
       2
       0
       0
       0
       0
       0
       0
       0
       1
       0
       0
       0
       0
       0
       0
       0
       1
       1
       0
       1
       1
       0
       0
       0
       0
       0
       2
       0
       0
       0
       0
       0
       0
       0
       0
       1
       1
       0
       0
       0
       1
       0
       1
       0
       0
       0
       1
       0
       0
       0
       0
       1
       1
       0
       1
       0
       1
       1
       1
       1
       3
       1
       1
       0
       0
       2
       1
       0
       0
       0
       2
       3
       2
       3
       4
       3
       8
       8
      16
      14
      35
      43
      45
      43
      31
      16
      12
       3
       1
       0
       0
       0
       0
       0
       1
       1
       1
       2
       0
       0
       0
       0
       0
       1
       1
       0
       1
       0
       0
       0
       0
       0
       0
       0
       0
       0
       0
       0
       0
       0
       0
       0
       2
       1
       1
       1
       1
       0
       1
       0
       0
       2
       1
       0
       1
       0
       1
       1
       1
       0
       1
       0
       0
       0
       0
       0
       0
       1
       0
       1
       0
       0
       1
       1
       0
       2
       2
       0
       0
       0
       0
       0
       2
       3
       0
       1
       0
       0
       0
       0
       1
       0
       0
       0
       0
       0
       0
       0
       0
       0
       0
       0
       1
       0
       1
       0
       0
       0
       0
       0
       0
       0
       0
       0
       0
       2
       1
       0
       0
       0
       0
       0
       0
       0
       1
       0
       0
       0
       0
       0
       1
       0
       0
       0
       0
       1
       0
       1
       0
       1
       0
       0
       0
       0
       0
       0
       1
       0
       0
       0
       0
       0
       1
       0
       0
       0
       0
       0
       0
       0
       0
       0
       0
       0
       1
       0
       0
       1
       0
       0
       0
       0
       0
       0
       0
       0
       0
       0
       0
       0
       0
       1
       0
       0
       0
       0
       1
       0
       0
       2
       0
       0
       0
       0
       0
       0
       0
       0
       0
       1
       0
       0
       0
       0
       0
       0
       0
       0
       0
       0
       0
       0
       0
       0
       0
       0
       0
       0
       0
       0
       2
       0
       0
       0
       0
       0
       0
       1
       0
       0
       0
       0
       0
       0
       0
       0
       0
       0
       0
       0
       0
       0
       0
       0
       0
       0
       0
       0
       0
       0
       0
       0
       0
       0
       1
       0
       0
       0
       0
       0
       0
       1
       0
       0
       0
       0
       0
       0
       0
       0
       0
       1
       0
       0
       0
       1
       0
       1
       0
       1
       0
       0
       0
       0
       1
       0
       0
       0
       0
       0
       0
       0
       0
       0
       0
       0
       0
       0
       0
       0
       0
       0
       0
       0
       0
       0
       0
       0
       0
       0
       0
       0
       0
       1
       1
       0
       0
       0
       0
       1
       0
       0
       0
       0
       0
       0
       0
       0
       0
       0
       0
       0
       0
       0
       0
       1
       0
       0
       0
       0
       0
       0
       2
       0
       0
       0
       0
       0
       0
       0
       0
       0
       0
       0
       0
       1
       0
       0
       0
       0
       0
       0
       0
       0
       0
       0
       0
       0
       0
       0
       0
       0
       1
       0
       0
       1
       0
       0
       0
       0
       0
       0
       0
       0
       0
       0
       0
       0
       0
       0
       0
       0
       0
       0
       0
       0
       0
       0
       0
       0
       0
       0
       0
       0
       2
       0
       0
       0
       2
       0
       0
       0
       0
       0
       0
       1
       0
       0
       0
       1
       0
       0
       1
       1
       0
       0
       1
       0
       0
       0
       0
       0
       0
       1
       0
       0
       0
       0
       0
       0
       0
       0
       0
       0
       0
       0
       1
       0
       0
       0
       0
       1
       0
       1
       0
       0
       0
       0
       0
       0
       0
       0
       0
       0
       0
       0
       0
       0
       0
       1
       0
       0
       0
       0
       1
       0
       0
       0
       0
       0
       0
       1
       0
       0
       0
       0
       0
       0
       0
       0
       0
       0
       0
       0
       1
       0
       0
       1
       0
       0
       1
       0
       0
       0
       0
       0
       0
       0
       0
       0
       0
       0
       0
       0
       0
       0
       0
       0
       0
       0
       0
       0
       0
       0
       0
       0
       0
       0
       0
       0
       0
       0
       0
       1
       0
       0
       0
       0
       0
       0
       0
       0
       0
       1
       0
       0
       0
       1
       0
       0
       0
       0
       0
       0
       0
       0
       0
       0
       0
       0
       1
       0
       0
       0
       0
       0
       0
       0
       0
       1
       0
       0
       0
       0
       0
       0
       0
       0
       1
       0
       1
       0
       1
       0
       0
       0
       0
       0
       1
       0
       0
       0
       0
       0
       0
       0
       0
       0
       0
       0
       0
       0
       0
       0
       0
       0
       0
       1
       1
       0
       0
       0
       0
       0
       0
       1
       0
       0
       0
       0
       0
       0
       0
       0
       0
       0
       0
       0
       0
       0
       0
       0
       0
       0
       0
       0
       0
       0
       0
       0
       0
       0
       1
       0
       0
       0
       1
       0
       0
       0
       0
       0
       0
       0
       0
       0
       0
       0
       0
       0
       0
       0
       0
       0
       0
       0
       0
       0
       0
       0
       0
       1
       0
       0
       0
       0
       0
       0
       0
       1
       0
       0
       0
       0
       1
       0
       0
       0
       0
       0
       0
       0
       0
       0
       0
       0
       0
       0
       0
       0
       0
       1
       0
       0
       0
       0
       1
       0
       0
       0
       0
       0
       0
       1
       1
       0
       0
       0
       0
       0
       0
       1
       0
       0
       0
       0
       0
       0
       0
       1
       0
       0
       0
       0
       0
       0
       0
       0
       0
       0
       0
       0
       0
       0
       0
       0
       0
       0
       0
       0
       0
       0
       0
       0
       0
       0
       0
       0
       0
       0
       0
       0
       0
       0
       0
       0
       0
       0
       0
       0
       0
       1
       0
       0
       0
       0
       0
       0
       0
       0
       0
       0
       0
       0
       0
       0
       0
       0
       0
       0
       0
       0
       0
       0
       0
       0
       0
       0
       0
       0
       0
       0
       0
       0
       1
       0
       0
       0
       0
       1
       0
       0
       0
       0
       1
       0
       0
       0
       0
       0
       1
       0
       0
       0
       0
       0
       0
       0
       0
       0
       0
       0
       0
       0
       0
       0
       0
       0
       0
       0
       0
       0
       0
       0
       0
       0
       1
       1
       1
       0
       0
       0
       0
       0
       0
       0
       0
       0
       0
       0
       0
       0
       1
       0
       0
       0
       0
       0
       0
       0
       0
       0
       0
       0
       0
       0
       0
       1
       0
       0
       0
       0
       0
       0
       0
       0
       0
       0
       0
       1
       0
       0
       0
       0
       0
       1
       0
       0
       0
       0
       0
       0
       0
       0
       0
       0
       0
       0
       0
       0
       0
       0
       0
       0
       0
       0
       0
       0
       0
       0
       1
       0
       0
       0
       0
       0
       0
       0
       0
       0
       0
       0
       0
       0
       0
       1
       0
       0
       0
       0
       0
       0
       0
       0
       0
       0
       0
       0
       1
       0
       0
       0
       0
       0
       0
       0
       0
       0
       0
       1
       0
       0
       0
       0
       0
       0
       0
       0
       1
       0
       0
       0
       0
       0
       0
       0
       0
       0
       0
       0
       0
       1
       0
       0
       0
       0
       0
       0
       0
       0
       0
       0
       0
       0
       0
       0
       0
       1
       0
       0
       0
       0
       0
       0
       0
       0
       0
       0
       0
       0
       0
       0
       0
       0
       0
       1
       0
       0
       0
       0
       1
       0
       1
       0
       0
       0
       0
       0
       0
       1
       0
       0
       0
       0
       0
       0
       0
       0
       0
       0
       0
       0
       0
       0
       0
       0
       0
       0
       0
       0
       0
       0
       0
       0
       0
       1
       0
       0
       0
       0
       0
       0
       0
       0
       0
       0
       0
       0
       0
       0
       0
       0
       0
       0
       1
       0
       1
       0
       0
       0
       0
       0
       0
       0
       0
       0
       0
       0
       0
       1
       0
       0
       0
       0
       0
       0
       0
       0
       0
       0
       0
       0
       0
       0
       0
       0
       0
       0
       1
       0
       0
       0
       0
       0
       0
       0
       0
       0
       1
       0
       0
       0
       0
       0
       0
       0
       0
       0
       0
       0
       0
       0
       0
       0
       1
       0
       0
       0
       0
       0
       0
       0
       0
       0
       0
       0
       1
       0
       0
       0
       0
       0
       0
       0
       0
       0
       0
       0
       1
       0
       0
       0
       0
       0
       0
       0
       0
       0
       0
       0
       0
       0
       0
       0
       1
       0
       0
       0
       0
       0
       0
       0
       0
       0
       0
       0
       0
       0
       0
       0
       0
       0
       0
       0
       0
       0
       0
       0
       0
       0
       0
       1
       0
       0
       0
       0
       0
       0
       0
       0
       0
       0
       0
       0
       1
       0
       0
       0
       0
       0
       0
       0
       0
       0
       0
       0
       1
       0
       0
       0
       0
       0
       0
       0
       0
       0
       0
       0
       0
       1
       2
       1
       1
       0
       0
       0
       0
       0
       0
       0
       0
       0
       0
       0
       0
       0
       0
       0
       0
       0
       0
       0
       0
       0
       0
       0
       0
       0
       0
       1
       0
       0
       0
       0
       0
       0
       0
       1
       0
       0
       0
       0
       0
       1
       0
       0
       0
       0
       0
       0
       0
       0
       0
       0
       0
       0
       0
       0
       0
       0
       0
       0
       0
       0
       0
       0
       0
       0
       0
       0
       0
       0
       1
       0
       0
       0
       0
       0
       0
       0
       0
       0
       0
       0
       0
       0
       0
       0
       0
       0
       0
       0
       0
       0
       0
       0
       0
       0
       0
       0
       0
       0
       0
       0
       0
       0
       0
       0
       0
       0
       0
       0
       0
       0
       0
       0
       0
       0
       0
       0
       0
       0
       0
       0
       0
       0
       0
       0
       0
       0
       0
       0
       0
       0
       0
       0
       1
       0
       0
       0
       0
       0
       0
       0
       0
       0
       0
       0
       0
       0
       0
       0
       0
       0
       0
       0
       0
       0
       0
       0
       0
       0
       0
       0
       0
       0
       1
       0
       0
       0
       1
       0
       0
       0
       0
       0
       0
       0
       0
       0
       1
       0
       0
       0
       0
       0
       0
       0
       0
       0
       0
       0
       1
       0
       0
       0
       0
       0
       0
       0
       0
       0
       0
       0
       0
       0
       0
       0
       0
       0
       0
       0
       0
       0
       0
       0
       1
       0
       0
       0
       0
       0
       0
       1
       0
       0
       0
       0
       0
       0
       0
       0
       0
       0
       0
       0
       0
       0
       0
       0
       0
       0
       0
       1
       0
       0
       0
       0
       0
       0
       0
       0
       0
       0
       1
       0
       0
       0
       0
       0
       0
       0
       0
       0
       0
       1
       0
       0
       0
       0
       0
       0
       0
       1
       0
       0
       0
       0
       0
       0
       1
       0
       0
       0
       0
       0
       0
       0
       0
       0
       0
       0
       0
       0
       1
       0
       0
       2
       0
       0
       0
       0
       0
       0
       1
       0
       0
       0
       0
       0
       0
       0
       0
       0
       0
       0
       0
       0
       0
       0
       0
       0
       0
       1
       0
       0
       0
       0
       0
       0
       0
       0
       0
       0
       1
       0
       0
       0
       0
       0
       0
       0
       0
       0
       0
       0
       0
       0
       0
       0
       0
       0
       0
       0
       0
       0
       0
       0
       0
       0
       0
       0
       0
       0
       0
       0
       0
       0
       0
       0
       0
       0
       0
       0
       0
       0
       0
       0
       0
       0
       0
       0
       0
       0
       0
       0
       0
       0
       0
       0
       0
       0
       0
       0
       0
       0
       0
       0
       0
       0
       0
       0
       0
       0
       0
       0
       0
       0
       0
       0
       0
       0
       0
       0
       0
       0
       0
       0
       0
       0
       0
       0
       0
       0
       0
       0
       0
       1
       0
       0
       1
       0
       0
       0
       0
       0
       0
       0
       0
       0
       0
       0
       0
       0
       0
       0
       0
       0
       0
       0
       1
       0
       0
       0
       0
       0
       0
       0
       1
       0
       0
       0
       0
       0
       0
       0
       0
       0
       1
       0
       0
       0
       0
       0
       0
       0
       0
       0
       0
       0
       0
       0
       1
       0
       0
       1
       0
       1
       0
       0
       0
       0
       0
       0
       0
       0
       0
       0
       0
       0
       0
       0
       0
       0
       0
       0
       0
       0
       0
       0
       0
       0
       0
       0
       0
       0
       0
       0
       0
       0
       0
       0
       0
       0
       0
       0
       0
       0
       0
       0
       0
       0
       1
       0
       0
       0
       0
       0
       0
       0
       0
       0
       0
       0
       0
       0
       0
       0
       0
       0
       0
       0
       0
       0
       0
       0
       1
       0
       0
       0
       0
       0
       0
       0
       0
       0
       0
       0
       1
       0
       0
       0
       0
       0
       0
       0
       0
       0
       1
       0
       0
       0
       0
       0
       0
       1
       0
       0
       0
       0
       0
       0
       0
       0
       0
       0
       0
       0
       0
       0
       0
       0
       0
       0
       0
       0
       0
       0
       0
       0
       0
       0
       0
       0
       1
       0
       0
       0
       0
       0
       0
       0
       1
       0
       0
       0
       0
       0
       0
       0
       0
       0
       0
       0
       0
       0
       0
       0
       0
       0
       0
       0
       0
       1
       0
       0
       0
       0
       0
       0
       0
       1
       0
       1
       1
       0
       0
       0
       0
       0
       0
       0
       0
       1
       0
       0
       1
       0
       0
       0
       0
       0
       0
       0
       0
       0
       0
       0
       0
       0
       0
       0
       0
       0
       0
       0
       0
       0
       0
       0
       0
       0
       0
       0
       0
       0
       0
       0
       0
       0
       0
       0
       0
       0
       0
       0
       0
       0
       0
       0
       0
       0
       0
       0
       0
       1
       0
       0
       0
       0
       0
       0
       0
       0
       0
       0
       0
       0
       0
       0
       0
       0
       0
       0
       0
       0
       0
       0
       0
       0
       0
       0
       0
       0
       0
       0
       0
       0
       0
       0
       0
       0
       0
       0
       0
       0
       0
       0
       0
       0
       1
       1
       0
       0
       0
       0
       0
       0
       0
       0
       0
       0
       0
       0
       0
       2
       0
       0
       0
       0
       0
       0
       0
       0
       0
       0
       0
       0
       0
       0
       0
       0
       0
       0
       1
       0
       0
       1
       0
       0
       0
       0
       1
       1
       0
       0
       0
       0
       0
       0
       0
       0
       0
       0
       0
       0
       0
       0
       0
       0
       0
       0
       0
       0
       0
       0
       0
       0
       0
       0
       0
       0
       1
       1
       0
       1
       0
       0
       0
       0
       0
       2
       0
       0
       0
       0
       0
       0
       0
       0
       0
       0
       1
       0
       0
       0
       1
       0
       0
       1
       0
       0
       0
       0
       0
       1
       0
       0
       0
       0
       0
       0
       0
       0
       0
       0
       0
       1
       0
       0
       0
       1
       0
       0
       1
       0
       1
       0
       0
       0
       0
       0
       1
       0
       0
       0
       0
       0
       0
       1
       0
       0
       0
       0
       0
       0
       0
       0
       0
       0
       0
       0
       0
       0
       0
       0
       0
       0
       0
       1
       0
       0
       0
       0
       0
       0
       0
       0
       0
       0
       0
       0
       0
       0
       0
       0
       0
       0
       0
       0
       0
       0
       0
       0
       0
       0
       0
       0
       0
       0
       0
       0
       0
       0
       0
       0
       0
       0
       0
       1
       0
       0
       0
       2
       0
       0
       0
       0
       0
       0
       0
       0
       0
       0
       0
       0
       0
       0
       0
       0
       0
       0
       0
       0
       0
       0
       0
       0
       0
       0
       0
       0
       0
       0
       0
       0
       0
       0
       0
       0
       0
       1
       0
       0
       0
       0
       0
       1
       0
       0
       1
       0
       0
       0
       0
       0
       0
       1
       0
       1
       0
       0
       0
       0
       0
       0
       0
       1
       0
       0
       0
       0
       0
       0
       0
       0
       1
       0
       0
       0
       1
       1
       0
       0
       1
       0
       0
       0
       1
       0
       0
       0
       0
       0
       0
       0
       0
       0
       0
       0
       0
       0
       0
       0
       0
       0
       1
       1
       0
       0
       0
       0
       1
       1
       0
       0
       0
       0
       0
       0
       0
       0
       0
       0
       0
       0
       0
       0
       0
       0
       0
       0
       0
       0
       0
       0
       0
       0
       0
       0
       0
       0
       0
       0
       0
       0
       0
       0
       0
       0
       0
       0
       0
       0
       0
       0
       0
       0
       0
       0
       0
       0
       0
       0
       0
       0
       0
       0
       0
       0
       0
       0
       0
       0
       0
       0
       0
       0
       0
       0
       1
       0
       0
       0
       0
       0
       0
       0
       0
       0
       0
       0
       0
       0
       0
       0
       0
       0
       0
       0
       0
       0
       0
       0
       1
       0
       0
       0
       0
       0
       0
       0
       0
       0
       0
       0
       0
       0
       0
       0
       0
       0
       0
       0
       0
       0
       1
       0
       0
       0
       0
       0
       0
       1
       0
       0
       0
       0
       0
       0
       0
       0
       0
       0
       0
       0
       0
       0
       0
       0
       0
       0
       0
       0
       0
       0
       0
       0
       0
       0
       0
       1
       0
       0
       0
       0
       0
       0
       1
       0
       0
       0
       0
       0
       0
       0
       0
       0
       0
       0
       0
       0
       0
       0
       0
       0
       0
       0
       0
       0
       0
       0
       0
       0
       0
       0
       0
       0
       0
       0
       0
       0
       0
       0
       0
       0
       0
       0
       0
       0
       0
       0
       0
       0
       1
       0
       0
       0
       0
       0
       0
       0
       0
       0
       0
       0
       0
       0
       0
       0
       0
       0
       0
       0
       0
       0
       0
       0
       0
       0
       0
       0
       0
       0
       0
       1
       0
       0
       0
       0
       0
       0
       0
       0
       0
       0
       1
       0
       0
       0
       0
       0
       0
       0
       0
       0
       0
       0
       0
       0
       0
       0
       1
       0
       0
       0
       0
       0
       0
       1
       0
       1
       1
       0
       0
       0
       0
       0
       0
       0
       0
       0
       0
       0
       1
       0
       0
       0
       0
       0
       0
       0
       0
       0
       0
       0
       0
       0
       0
       0
       0
       0
       0
       0
       0
       0
       0
       0
       0
       0
       0
       0
       0
       0
       1
       0
       0
       0
       1
       0
       0
       0
       0
       0
       0
       0
       0
       0
       0
       0
       0
       0
       0
       0
       0
       0
       0
       0
       0
       1
       0
       0
       0
       0
       0
       0
       0
       0
       0
       0
       0
       0
       0
       0
       0
       0
       0
       0
       1
       0
       0
       0
       0
       0
       0
       0
       0
       0
       0
       0
       0
       0
       0
       0
       0
       0
       0
       0
       0
       0
       0
       0
       0
       0
       0
       0
       0
       1
       0
       0
       0
       0
       0
       0
       0
       0
       0
       0
       0
       0
       0
       0
       0
       0
       0
       0
       0
       0
       0
       0
       0
       0
       0
       0
       0
       0
       0
       0
       0
       2
       0
       0
       0
       0
       0
       0
       1
       0
       0
       0
       0
       0
       0
       0
       0
       0
       0
       0
       0
       0
       0
       0
       0
       0
       0
       0
       0
       0
       0
       0
       0
       0
       0
       0
       0
       0
       0
       0
       0
       0
       0
       0
       1
       0
       0
       0
       0
       0
       0
       0
       0
       0
       0
       0
       0
       0
       0
       0
       0
       0
       0
       0
       0
       0
       0
       0
       0
       0
       0
       0
       0
       0
       0
       0
       0
       0
       0
       0
       0
       0
       0
       0
       0
       0
       0
       0
       0
       0
       0
       0
       0
       0
       0
       0
       0
       0
       0
       0
       0
       0
       0
       0
       0
       0
       0
       0
       0
       0
       0
       0
       0
       0
       0
       0
       0
       0
       0
       0
       0
       1
       0
       1
       0
       0
       0
       0
       0
       0
       0
       1
       0
       0
       0
       0
       0
       0
       0
       0
       0
       0
       0
       0
       0
       1
       0
       0
       0
       0
       0
       0
       1
       0
       0
       0
       0
       0
       0
       0
       0
       0
       0
       0
       0
       0
       0
       0
       0
       0
       0
       0
       0
       0
       0
       0
       0
       0
       0
       0
       0
       0
       0
       0
       0
       0
       0
       0
       0
       0
       0
       0
       0
       0
       0
       0
       0
       0
       0
       0
       0
       0
       0
       0
       0
       0
       0
       0
       0
       0
       0
       0
       0
       0
       1
       0
       0
       0
       0
       0
       0
       0
       0
       0
       0
       0
       0
       0
       0
       0
       0
       1
       0
       0
       0
       0
       0
       0
       0
       0
       0
       0
       0
       0
       0
       0
       0
       0
       0
       0
       0
       0
       0
       0
       1
       0
       0
       0
       0
       0
       0
       0
       0
       0
       1
       2
       0
       0
       0
       0
       0
       0
       0
       0
       0
       0
       0
       0
       0
       0
       0
       0
       0
       0
       0
       0
       0
       0
       0
       0
       0
       0
       0
       0
       0
       0
       0
       0
       0
       0
       0
       0
       0
       0
       0
       0
       0
       0
       0
       0
       0
       0
       0
       0
       0
       0
       0
       0
       0
       0
       0
       0
       0
       0
       0
       0
       0
       0
       0
       0
       0
       0
       0
       0
       0
       0
       0
       0
       1
       0
       0
       0
       0
       0
       0
       0
       0
       0
       0
       0
       0
       0
       0
       0
       0
       0
       0
       0
       0
       0
       1
       0
       0
       0
       0
       0
       0
       0
       0
       0
       0
       0
       0
       0
       0
       0
       0
       0
       0
       0
       0
       0
       0
       0
       0
       0
       0
       0
       0
       0
       0
       0
       0
       0
       0
       0
       0
       1
       0
       0
       0
       0
       0
       0
       0
       0
       0
       0
       0
       0
       0
       1
       0
       0
       0
       1
       0
       0
       0
       0
       0
       1
       0
       0
       0
       0
       0
       0
       0
       0
       0
       0
       0
       0
       0
       0
       0
       0
       0
       0
       0
       0
       0
       0
       0
       0
       0
       0
       1
       0
       0
       0
       0
       0
       0
       0
       0
       0
       0
       0
       0
       0
       0
       0
       0
       0
       0
       0
       0
       0
       1
       0
       0
       0
       0
       0
       1
       0
       0
       0
       1
       0
       0
       0
       0
       0
       0
       0
       0
       0
       0
       0
       0
       0
       0
       0
       0
       0
       0
       0
       0
       0
       1
       0
       0
       0
       0
       0
       0
       0
       0
       0
       0
       0
       0
       0
       0
       0
       0
       0
       0
       0
       0
       0
       0
       0
       0
       0
       0
       0
       0
       0
       0
       0
       0
       0
       0
       0
       0
       0
       0
       0
       0
       0
       0
       0
       0
       0
       0
       0
       0
       0
       0
       0
       0
       0
       0
       0
       0
       0
       0
       0
       0
       0
       0
       0
       0
       0
       0
       0
       0
       0
       0
       1
       0
       0
       0
       0
       0
       1
       0
       0
       0
       0
       0
       0
       0
       0
       0
       0
       0
       0
       0
       0
       0
       0
       0
       0
       0
       0
       0
       0
       1
       0
       0
       0
       1
       1
       0
       0
       0
       0
       0
       0
       0
       0
       0
       0
       0
       0
       0
       0
       0
       0
       0
       0
       0
       0
       1
       0
       0
       0
       0
       0
       0
       0
       0
       0
       0
       0
       0
       0
       0
       0
       0
       0
       0
       0
       0
       0
       0
       0
       0
       0
       0
       0
       0
       0
       0
       2
       0
       0
       0
       0
       0
       0
       1
       0
       0
       0
       0
       0
       0
       0
       0
       0
       0
       0
       0
       0
       0
       0
       0
       1
       0
       0
       1
       0
       0
       0
       0
       0
       0
       0
       0
       0
       0
       0
       0
       0
       0
       0
       0
       1
       0
       0
       1
       0
       0
       0
       0
       0
       1
       0
       0
       0
       0
       0
       0
       0
       0
       0
       0
       1
       0
       0
       0
       0
       0
       0
       0
       0
       0
       0
       0
       0
       0
       0
       0
       0
       0
       0
       0
       0
       0
       0
       0
       0
       0
       0
       0
       0
       0
       0
       0
       0
       0
       1
       0
       0
       0
       0
       0
       0
       1
       0
       0
       0
       0
       0
       0
       0
       0
       0
       0
       0
       0
       0
       0
       0
       0
       0
       0
       0
       0
       0
       0
       0
       0
       1
       0
       0
       0
       0
       0
       0
       0
       0
       0
       0
       0
       0
       0
       0
       0
       0
       0
       0
       0
       0
       0
       0
       1
       0
       0
       0
       0
       0
       0
       0
       0
       0
       0
       0
       0
       0
       0
       0
       0
       0
       0
       0
       0
       0
       0
       1
       0
       0
       0
       0
       0
       0
       0
       0
       0
       0
       0
       0
       0
       0
       0
       0
       0
       0
       0
       0
       0
       0
       0
       0
       0
       0
       0
       0
       0
       0
       0
       0
       0
       0
       0
       0
       0
       0
       0
       0
       1
       0
       0
       0
       0
       0
       0
       0
       0
       0
       0
       0
       0
       0
       0
       0
       0
       1
       0
       0
       0
       0
       0
       0
       0
       0
       0
       0
       0
       0
       0
       0
       0
       1
       0
       0
       0
       0
       0
       0
       0
       0
       0
       0
       0
       0
       0
       0
       1
       0
       0
       0
       1
       0
       0
       0
       0
       0
       0
       0
       0
       0
       0
       0
       0
       0
       0
       0
       0
       0
       1
       0
       0
       0
       0
       0
       0
       0
       0
       0
       0
       0
       0
       0
       0
       0
       0
       0
       0
       0
       0
       0
       0
       0
       0
       0
       0
       0
       0
       0
       0
       0
       0
       0
       0
       0
       0
       0
       0
       0
       0
       0
       0
       0
       0
       0
       0
       0
       0
       0
       0
       0
       0
       0
       0
       0
       0
       0
       0
       0
       0
       0
       0
       0
       0
       0
       0
       0
       0
       0
       0
       0
       1
       0
       0
       0
       0
       0
       0
       0
       0
       0
       0
       0
       0
       0
       0
       0
       0
       0
       0
       0
       0
       0
       0
       1
       0
       0
       1
       0
       0
       0
       0
       0
       0
       0
       0
       0
       0
       0
       0
       0
       0
       0
       0
       0
       0
       0
       0
       0
       0
       0
       0
       0
       0
       0
       0
       0
       0
       0
       0
       0
       0
       0
       0
       0
       0
       0
       0
       0
       0
       0
       0
       0
       0
       0
       0
       0
       0
       0
       0
       0
       0
       0
       0
       0
       0
       0
       0
       0
       0
       0
       0
       0
       0
       0
       0
       0
       0
       0
       0
       0
       0
       0
       0
       0
       0
       0
       0
       0
       0
       0
       0
       0
       0
       0
       0
       0
       0
       0
       0
       0
       0
       0
       0
       0
       0
       0
       0
       0
       0
       0
       0
       0
       0
       0
       0
       0
       0
       0
       0
       0
       0
       0
       0
       0
       0
       0
       0
       0
       0
       0
       0
       0
       0
       0
       0
       0
       0
       0
       0
       0
       0
       0
       0
       0
       0
       0
       0
       0
       0
       0
       0
       0
       0
       0
       0
       0
       0
       0
       0
       0
       0
       0
       0
       0
       0
       0
       0
       0
       0
$ROI:
1
1901 1925
$PRESETS:
None
0
0
$ENER_FIT:
3.319389 0.594734
$MCA_CAL:
3
3.319389E+000 5.947341E-001 0.000000E+000 keV
$SHAPE_CAL:
3
2.857754E+000 -1.166080E-003 0.000000E+000
