$SPEC_ID:
No sample description was entered.
$SPEC_REM:
DET# 1
DETDESC# DESKTOP-AKUPN2F Easy-MCA-8k SN 09022236
AP# Maestro Version 7.01
$DATE_MEA:
02/08/2017 14:54:22
$MEAS_TIM:
3551 3655
$DATA:
0 8191
       0
       0
       0
       0
       0
       0
       0
       0
       0
       0
       0
       0
       0
       0
       0
       0
       0
       0
       0
       0
       0
       0
       0
       1
       0
       0
       0
       0
       0
       0
       0
       0
       0
       0
       0
       0
       0
       0
       0
       0
       0
       0
       0
       0
       0
       0
       0
       0
       0
       0
       0
       0
       0
       0
       0
       0
       0
       1
       8
      73
     127
     169
     526
     762
     103
      31
      93
     148
     239
    1405
    1728
    1562
    1518
    1557
    1553
    1476
    1617
    1582
    1703
    1735
    1662
    1638
    1707
    1714
    1708
    1736
    1723
    1759
    1703
    1713
    1733
    1756
    1839
    1772
    1896
    1966
    1951
    1936
    1965
    1907
    1985
    2051
    2092
    2090
    2079
    2083
    2055
    2139
    2056
    2122
    2266
    2164
    2240
    2315
    2464
    3107
    5012
    6787
    6354
    6480
    9281
   10297
    6973
    3417
    2351
    2139
    2138
    2121
    2068
    2051
    2046
    2129
    2069
    2158
    2474
    3436
    5240
    5635
    4387
    3061
    3078
    3174
    2758
    2223
    1965
    1890
    1972
    1983
    1993
    1925
    1996
    2042
    1930
    1892
    1942
    1872
    1962
    1939
    1910
    1998
    1897
    1889
    1922
    1947
    1917
    1915
    1894
    1938
    1969
    1905
    1931
    1942
    1909
    1946
    1935
    1995
    1991
    1933
    1918
    1965
    1831
    1917
    1885
    1905
    1955
    1901
    1947
    1976
    1875
    1968
    1892
    1922
    1901
    1947
    1856
    1887
    1949
    1872
    1923
    1839
    1854
    1889
    1861
    1922
    1907
    1941
    1916
    1864
    1914
    1948
    1865
    1829
    1861
    1845
    1877
    1791
    1838
    1892
    1825
    1865
    1897
    1824
    1880
    1941
    1819
    1865
    1785
    1753
    1810
    1836
    1914
    1830
    1768
    1850
    1897
    1917
    1836
    1839
    1819
    1779
    1912
    1814
    1804
    1782
    1876
    1837
    1824
    1837
    1731
    1839
    1866
    1828
    1825
    1788
    1904
    1788
    1750
    1732
    1781
    1842
    1706
    1797
    1781
    1748
    1728
    1759
    1769
    1742
    1799
    1772
    1859
    1820
    1804
    1812
    1745
    1702
    1713
    1762
    1673
    1775
    1772
    1729
    1766
    1766
    1761
    1867
    1775
    1750
    1766
    1761
    1790
    1820
    1784
    1701
    1820
    1758
    1709
    1656
    1748
    1792
    1804
    1806
    1805
    1832
    1803
    1773
    1829
    1834
    1847
    1791
    1685
    1763
    1777
    1764
    1790
    1791
    1777
    1826
    1747
    1822
    1813
    1756
    1792
    1827
    1746
    1824
    1757
    1840
    1845
    1779
    1842
    1830
    1873
    1843
    1910
    1819
    1872
    1957
    1901
    2037
    1915
    1973
    1919
    1836
    1966
    1989
    1983
    2016
    1963
    2023
    2039
    2015
    1912
    2028
    2034
    1957
    1989
    1976
    1909
    1955
    1991
    2075
    1952
    1962
    1925
    1951
    1892
    1997
    1926
    1969
    2038
    1999
    1890
    1941
    1987
    1908
    1908
    2009
    1988
    2016
    1954
    1864
    1933
    1932
    1978
    1922
    2028
    2050
    2113
    2064
    1971
    1908
    1910
    1971
    1880
    1960
    1897
    1843
    1788
    1905
    1872
    1895
    1889
    1872
    1854
    1757
    1774
    1837
    1748
    1809
    1809
    1776
    1751
    1791
    1773
    1736
    1748
    1796
    1664
    1748
    1745
    1677
    1687
    1655
    1630
    1680
    1710
    1689
    1635
    1685
    1690
    1654
    1599
    1662
    1640
    1614
    1630
    1608
    1630
    1646
    1600
    1638
    1574
    1558
    1550
    1539
    1612
    1615
    1593
    1531
    1581
    1591
    1584
    1498
    1494
    1546
    1494
    1486
    1495
    1519
    1482
    1523
    1532
    1596
    1561
    1536
    1466
    1527
    1493
    1533
    1480
    1449
    1446
    1456
    1424
    1496
    1467
    1459
    1546
    1594
    1542
    1508
    1469
    1415
    1512
    1457
    1428
    1445
    1477
    1430
    1448
    1467
    1461
    1336
    1400
    1424
    1414
    1382
    1374
    1379
    1377
    1388
    1391
    1442
    1494
    1545
    1394
    1431
    1387
    1434
    1375
    1338
    1335
    1273
    1316
    1317
    1345
    1316
    1335
    1341
    1334
    1386
    1320
    1348
    1331
    1328
    1294
    1321
    1336
    1336
    1398
    1289
    1338
    1309
    1310
    1318
    1325
    1316
    1250
    1336
    1278
    1348
    1265
    1312
    1295
    1289
    1272
    1245
    1338
    1366
    1369
    1363
    1300
    1358
    1290
    1231
    1261
    1296
    1234
    1293
    1229
    1322
    1269
    1296
    1190
    1278
    1236
    1224
    1238
    1202
    1228
    1400
    1404
    1384
    1386
    1197
    1220
    1239
    1285
    1237
    1259
    1189
    1261
    1238
    1201
    1182
    1164
    1241
    1282
    1146
    1147
    1234
    1186
    1190
    1183
    1235
    1107
    1195
    1186
    1113
    1131
    1167
    1174
    1207
    1150
    1182
    1177
    1185
    1181
    1214
    1185
    1142
    1133
    1163
    1194
    1104
    1145
    1153
    1232
    1154
    1190
    1156
    1163
    1143
    1129
    1206
    1193
    1196
    1180
    1154
    1152
    1246
    1203
    1132
    1068
    1107
    1148
    1170
    1156
    1127
    1198
    1141
    1143
    1172
    1208
    1134
    1209
    1128
    1097
    1093
    1107
    1224
    1099
    1150
    1137
    1148
    1141
    1107
    1145
    1151
    1167
    1098
    1158
    1100
    1136
    1099
    1115
    1150
    1085
    1119
    1108
    1084
    1171
    1136
    1149
    1123
    1135
    1098
    1146
    1124
    1104
    1132
    1128
    1054
    1092
    1146
    1135
    1112
    1071
    1187
    1129
    1125
    1052
    1079
    1146
    1110
    1135
    1107
    1157
    1178
    1098
    1111
    1142
    1127
    1144
    1062
    1150
    1155
    1127
    1089
    1096
    1132
    1114
    1085
    1124
    1145
    1118
    1009
    1092
    1070
    1161
    1131
    1176
    1117
    1085
    1221
    1114
    1100
    1156
    1128
    1099
    1115
    1148
    1113
    1174
    1075
    1100
    1100
    1097
    1101
    1020
    1125
    1175
    1104
    1144
    1096
    1137
    1092
    1117
    1081
    1081
    1095
    1099
    1146
    1114
    1155
    1146
    1062
    1076
    1102
    1058
    1124
    1099
    1097
    1079
    1104
    1012
    1099
    1100
    1116
    1066
    1129
    1084
    1153
    1066
    1063
    1118
    1122
    1108
    1121
    1032
    1167
     981
    1087
    1077
    1083
    1093
    1117
    1106
    1157
    1130
    1081
    1094
    1050
    1076
    1056
    1119
    1137
    1058
    1104
    1099
    1107
    1040
    1067
    1045
    1106
    1057
    1110
    1129
    1041
    1058
    1072
    1115
    1076
    1048
    1110
    1076
    1053
    1104
    1095
    1100
    1056
    1098
    1045
    1077
    1112
    1078
    1210
    1193
    1418
    1531
    1657
    1636
    1580
    1320
    1205
    1171
    1097
    1102
    1103
    1087
    1051
    1145
    1142
    1048
    1057
    1066
    1052
    1124
    1050
    1032
    1029
    1056
    1020
    1043
    1115
    1108
    1084
    1106
    1070
    1118
    1057
    1084
    1089
    1055
    1100
    1035
    1051
    1108
    1084
    1088
    1104
    1062
    1096
    1089
    1125
    1053
    1082
    1097
    1037
    1095
    1062
     994
    1039
    1093
    1081
    1077
    1099
    1021
    1007
    1099
    1149
    1094
    1094
    1044
    1085
    1086
    1046
    1079
    1081
    1002
    1166
    1083
    1083
    1056
    1029
    1127
    1093
    1105
    1094
    1042
    1075
    1121
    1050
    1032
    1090
    1074
    1069
    1098
    1066
    1143
    1135
    1070
    1018
    1068
    1109
    1059
    1133
    1110
    1103
    1054
    1060
    1028
    1038
    1174
    1041
    1034
    1022
     987
    1046
    1133
    1086
    1074
    1063
    1114
    1134
    1078
    1094
    1203
    1179
    1190
    1184
    1075
    1043
    1087
    1020
    1018
    1074
    1089
    1023
    1050
    1122
    1042
    1090
    1061
    1080
    1048
    1106
    1097
    1090
    1008
    1085
    1073
    1109
    1061
    1087
    1142
    1053
    1064
    1121
    1091
    1020
    1103
    1111
    1046
    1090
    1059
    1046
    1108
    1084
    1191
    1231
    1296
    1240
    1204
    1072
    1079
    1045
    1092
    1160
    1051
    1041
    1073
    1098
    1076
    1076
    1082
    1080
    1137
    1029
    1030
    1076
    1063
    1075
    1103
    1051
    1105
    1020
    1097
    1090
    1024
    1111
    1039
    1078
    1094
    1045
    1040
    1016
    1129
    1100
    1076
    1054
    1051
    1053
    1053
    1067
    1057
    1067
    1081
    1101
    1138
    1082
    1091
    1117
    1064
    1077
    1053
    1106
    1129
    1143
    1016
    1141
    1048
    1131
    1063
    1028
    1042
    1132
    1089
    1059
    1080
    1065
    1049
    1111
    1077
    1081
    1120
    1043
    1087
    1134
    1042
    1119
    1108
    1098
    1134
    1287
    1368
    1424
    1355
    1287
    1079
    1097
    1119
    1070
    1066
    1038
    1084
    1066
    1058
    1158
    1113
    1105
    1141
    1103
    1090
    1052
    1146
    1090
    1086
    1096
    1049
    1075
    1101
    1078
    1124
    1062
    1091
    1090
    1028
    1085
    1064
    1109
    1062
    1056
    1102
    1092
    1131
    1132
    1025
    1104
    1102
    1107
    1148
    1061
    1089
    1104
    1067
    1092
    1089
    1126
    1156
    1117
    1082
    1133
    1105
    1120
    1148
    1078
    1092
    1072
    1105
    1090
    1083
    1104
    1065
    1116
    1044
    1080
    1093
    1143
    1138
    1133
    1139
    1119
    1091
    1156
    1040
    1084
    1092
    1124
    1096
    1084
    1075
    1108
    1112
    1132
    1117
    1152
    1108
    1128
    1105
    1079
    1099
    1084
    1125
    1147
    1125
    1139
    1143
    1125
    1128
    1139
    1104
    1190
    1142
    1184
    1165
    1094
    1109
    1106
    1134
    1114
    1126
    1107
    1106
    1145
    1048
    1058
    1119
    1102
    1150
    1164
    1208
    1113
    1169
    1113
    1116
    1090
    1118
    1069
    1123
    1141
    1152
    1101
    1103
    1103
    1150
    1180
    1143
    1175
    1142
    1087
    1155
    1087
    1142
    1109
    1155
    1139
    1125
    1147
    1152
    1171
    1153
    1090
    1171
    1138
    1077
    1088
    1147
    1167
    1193
    1129
    1139
    1114
    1153
    1113
    1149
    1174
    1131
    1141
    1164
    1129
    1148
    1160
    1195
    1142
    1111
    1135
    1117
    1147
    1113
    1148
    1101
    1107
    1121
    1206
    1178
    1169
    1155
    1148
    1189
    1173
    1146
    1204
    1100
    1119
    1157
    1199
    1118
    1193
    1134
    1186
    1142
    1141
    1199
    1180
    1156
    1161
    1177
    1181
    1154
    1166
    1154
    1155
    1132
    1157
    1119
    1145
    1141
    1191
    1168
    1156
    1188
    1155
    1157
    1132
    1180
    1165
    1160
    1174
    1206
    1151
    1238
    1155
    1183
    1235
    1115
    1220
    1171
    1160
    1181
    1146
    1178
    1134
    1191
    1174
    1199
    1225
    1203
    1126
    1206
    1207
    1185
    1168
    1196
    1246
    1207
    1300
    1297
    1227
    1255
    1237
    1182
    1167
    1220
    1172
    1242
    1195
    1171
    1156
    1176
    1267
    1176
    1214
    1225
    1251
    1196
    1233
    1152
    1212
    1261
    1223
    1261
    1215
    1244
    1193
    1146
    1267
    1197
    1252
    1284
    1210
    1153
    1218
    1208
    1275
    1273
    1187
    1208
    1250
    1329
    1240
    1160
    1224
    1175
    1214
    1236
    1205
    1291
    1191
    1243
    1214
    1203
    1220
    1260
    1245
    1315
    1330
    1204
    1355
    1240
    1237
    1258
    1259
    1247
    1258
    1271
    1166
    1329
    1274
    1251
    1233
    1232
    1307
    1277
    1351
    1259
    1310
    1296
    1259
    1263
    1303
    1272
    1214
    1257
    1302
    1287
    1322
    1275
    1240
    1334
    1377
    1319
    1264
    1224
    1318
    1296
    1278
    1333
    1304
    1288
    1283
    1311
    1397
    1319
    1282
    1402
    1369
    1330
    1291
    1302
    1294
    1330
    1366
    1298
    1295
    1331
    1346
    1291
    1355
    1324
    1348
    1352
    1358
    1319
    1301
    1377
    1371
    1341
    1273
    1380
    1361
    1396
    1349
    1400
    1387
    1386
    1331
    1328
    1341
    1309
    1389
    1400
    1453
    1405
    1414
    1378
    1398
    1369
    1345
    1349
    1397
    1418
    1397
    1433
    1393
    1397
    1421
    1403
    1404
    1426
    1383
    1419
    1388
    1417
    1364
    1353
    1395
    1380
    1454
    1399
    1423
    1442
    1373
    1413
    1450
    1452
    1390
    1429
    1440
    1449
    1498
    1456
    1428
    1429
    1418
    1408
    1469
    1542
    1491
    1422
    1476
    1442
    1431
    1432
    1414
    1445
    1454
    1421
    1440
    1434
    1443
    1477
    1435
    1484
    1467
    1378
    1409
    1466
    1475
    1423
    1435
    1386
    1495
    1519
    1458
    1499
    1480
    1446
    1356
    1364
    1405
    1397
    1439
    1427
    1377
    1331
    1294
    1271
    1284
    1286
    1272
    1301
    1180
    1287
    1259
    1261
    1216
    1156
    1222
    1225
    1228
    1201
    1141
    1169
    1176
    1191
    1145
    1126
    1116
    1146
    1120
    1200
    1171
    1153
    1091
    1126
    1135
    1129
    1095
    1235
    1190
    1181
    1074
    1174
    1146
    1164
    1107
    1156
    1127
    1102
    1197
    1135
    1157
    1083
    1107
    1152
    1153
    1133
    1130
    1061
    1116
    1079
    1088
    1077
    1103
    1034
    1132
    1127
    1159
    1086
    1027
    1118
    1105
    1046
    1113
    1099
    1042
    1108
    1151
    1103
    1099
    1099
    1047
    1142
    1074
    1117
    1040
    1067
    1087
    1096
    1078
    1098
    1094
    1101
    1039
    1071
    1111
    1132
    1050
    1048
    1064
    1013
    1101
    1052
    1115
    1054
    1074
    1100
    1073
    1073
    1045
    1038
    1084
    1087
    1048
    1057
    1103
    1018
    1033
    1052
    1088
    1035
    1055
    1071
    1055
     982
    1102
    1044
    1090
    1071
    1047
    1075
    1005
    1037
    1053
    1021
    1049
    1048
    1091
    1056
    1004
    1083
    1074
    1044
    1075
    1015
    1036
     978
    1066
     990
    1021
     964
    1022
    1087
    1005
    1052
    1044
     998
    1044
     994
    1044
    1038
    1001
    1028
     985
    1039
     968
    1009
     990
     999
    1049
     972
    1013
    1017
    1005
    1039
     975
     994
    1002
     983
    1042
    1011
    1015
    1007
    1008
    1068
    1041
    1072
    1017
    1015
    1062
     987
    1012
     987
    1030
     990
     981
     978
    1030
    1038
    1038
     999
     927
     993
    1081
    1019
    1021
    1012
    1031
    1019
    1023
    1011
    1003
    1020
     995
     993
    1047
    1017
    1080
     970
     990
    1041
    1011
    1016
    1009
    1071
     993
     988
     996
    1014
    1043
     989
    1036
    1049
    1017
    1040
    1026
    1005
    1013
     959
    1004
    1040
    1030
    1024
    1003
    1046
    1035
    1037
    1005
     952
     970
     958
     969
     966
     932
     930
     931
     865
     842
     795
     846
     822
     801
     805
     824
     804
     767
     726
     757
     735
     756
     696
     725
     695
     703
     720
     687
     711
     660
     655
     685
     729
     663
     665
     648
     708
     752
     649
     670
     671
     675
     673
     675
     641
     643
     696
     666
     639
     666
     662
     607
     644
     663
     627
     609
     634
     630
     594
     603
     586
     621
     593
     589
     574
     612
     597
     597
     569
     601
     563
     603
     625
     605
     588
     575
     578
     602
     574
     554
     555
     575
     547
     583
     567
     599
     572
     555
     573
     468
     534
     553
     604
     938
    1590
    3192
    6151
   10951
   17222
   24003
   27846
   24398
   15309
    6545
    2083
     699
     406
     434
     459
     398
     417
     387
     419
     390
     400
     364
     386
     411
     391
     389
     386
     389
     366
     382
     366
     376
     383
     333
     390
     351
     347
     368
     376
     334
     335
     370
     332
     326
     331
     318
     355
     321
     331
     285
     296
     302
     303
     350
     341
     309
     313
     314
     313
     315
     306
     306
     285
     291
     299
     280
     279
     284
     249
     288
     246
     276
     276
     259
     255
     286
     265
     245
     260
     267
     260
     234
     237
     245
     260
     249
     272
     246
     235
     243
     228
     242
     201
     219
     231
     219
     213
     234
     233
     218
     231
     202
     197
     229
     212
     203
     205
     206
     228
     219
     217
     213
     204
     226
     199
     206
     218
     190
     179
     194
     191
     218
     204
     199
     181
     200
     197
     194
     180
     189
     180
     183
     180
     188
     182
     167
     159
     152
     173
     193
     159
     180
     170
     188
     190
     173
     191
     162
     172
     171
     165
     150
     167
     184
     173
     160
     169
     149
     175
     188
     181
     161
     168
     162
     186
     161
     162
     162
     178
     142
     140
     165
     161
     170
     173
     162
     167
     150
     151
     150
     167
     155
     170
     159
     165
     174
     139
     167
     153
     164
     143
     152
     151
     152
     141
     164
     159
     156
     168
     148
     144
     122
     151
     152
     123
     159
     148
     162
     156
     146
     157
     146
     141
     149
     157
     128
     131
     120
     123
     173
     130
     138
     152
     137
     137
     126
     138
     159
     159
     155
     139
     127
     157
     160
     149
     126
     147
     141
     120
     133
     136
     137
     133
     130
     123
     138
     123
     124
     138
     137
     146
     127
     136
     145
     137
     138
     184
     256
     570
    1272
    2774
    5323
    8982
   13954
   20869
   26014
   26192
   19231
   10311
    3790
     912
     185
      46
      48
      28
      33
      29
      39
      27
      35
      36
      23
      33
      37
      29
      35
      28
      22
      25
      27
      22
      31
      27
      17
      22
      27
      25
      27
      27
      21
      22
      23
      33
      18
      27
      13
      16
      19
      21
      21
      35
      21
      20
      23
      17
      22
      30
      31
      24
      21
      22
      30
      17
      22
      27
      17
      29
      20
      23
      24
      24
      18
      32
      25
      19
      24
      25
      28
      28
      51
      32
      24
      22
      29
      15
      13
      23
      14
      17
      23
      17
      32
      13
      23
      22
      29
      20
      12
      12
      12
      22
      20
      17
      21
      17
      19
      19
      17
      17
      28
      24
      16
       9
      19
      25
      12
      23
      19
      18
      22
      18
      19
      30
      18
      25
      21
      25
      25
      21
      28
      28
      17
      32
      12
      15
      13
      15
      20
      19
      18
      19
      20
      24
      20
      12
      21
      16
      22
      14
      22
      21
      12
      19
      17
      18
      15
      20
      17
      20
      20
      14
      17
      25
       9
      12
      24
      12
      19
      18
      22
      16
      18
      14
      22
      18
      23
      18
      23
      17
      26
      17
       9
      16
      19
      25
      11
      21
      22
      14
      17
      15
      15
      16
      20
      25
      14
      13
      20
      16
      18
      20
      19
      22
      10
      14
      14
      16
      20
      41
      46
      64
     113
     235
     342
     522
     632
     534
     322
     136
      67
      28
      27
      10
      15
      10
      18
      16
      11
      15
      16
      12
      14
      16
      15
      14
      16
      13
      22
      16
      17
      18
      10
      16
       8
      17
      13
      19
      13
      13
      14
      15
      13
      16
      11
      16
      22
      11
       8
      15
      23
       6
      22
      11
      17
      15
      14
       9
      16
      22
      12
      15
      18
      19
       6
      10
      14
      13
      10
      17
      14
      10
      11
      16
      19
      18
      15
      10
      11
      11
      15
      12
      13
      15
      22
      27
      22
      20
      16
      10
      14
      20
       6
      11
      13
      10
      11
      17
       6
      18
      13
       9
      10
      10
      13
      19
      12
      10
       7
      14
      12
      15
      18
       9
      14
      10
       6
      10
      11
       8
       6
       8
       7
      15
       8
      13
      11
      11
      14
      15
      10
      17
      10
      15
       9
      15
      10
      15
      12
      10
      12
      12
      11
       7
      13
      10
      14
      13
      13
      14
      10
      10
      21
       4
      12
      18
      14
      20
      12
       7
       8
      13
      13
       9
      15
      11
      10
       8
      14
      12
      12
      13
      16
      13
       8
      15
      13
      16
      10
      14
      13
       9
      16
       7
      12
      12
      10
       9
      22
       6
      11
       7
      15
      17
      11
      12
      10
      13
       8
       9
      11
      11
      10
      13
      22
      12
      12
       9
      12
      13
      20
      16
      13
      15
      19
      12
      19
      12
      11
      20
      18
      29
      20
      19
      11
      17
      10
       8
       9
       5
      13
       7
      11
      16
       9
      18
      14
       7
       9
       8
       7
      14
      12
      10
      11
      11
      10
      12
      11
      11
       9
       7
      10
      10
       9
      11
      12
      12
       7
       7
      12
      11
      10
      12
      16
      16
      23
      17
      21
       8
      12
      13
      10
      11
       7
       6
      13
       9
      10
       8
      14
      15
      11
       9
       7
       6
      10
      12
       6
       6
       7
      14
      13
       6
      11
      13
      11
      14
       6
      14
       8
      10
       7
      12
       7
      10
      11
      14
      18
       9
       9
      11
      11
      11
       4
      14
       7
       6
       8
       2
       8
       9
      11
      18
       9
       9
      18
       6
      11
      13
      14
      11
       6
       9
       8
      10
      13
      10
       6
      10
       6
      10
       8
       5
      11
      12
       4
      10
      14
       3
       5
      10
      13
       8
       5
       6
       3
      15
      15
      10
       8
      11
       9
       9
       3
       9
       8
       7
       7
      13
      10
       7
       3
      12
       8
       9
       7
      12
      12
       7
       8
      10
       5
      10
       8
      16
      13
      13
      11
      14
       7
      11
       6
       9
       6
       6
      10
      10
      11
      12
       8
      10
      12
       6
       7
      14
       8
       8
      17
      11
       8
      11
       9
       4
      14
      12
      13
       6
       3
       6
       9
      11
       5
      10
       5
       3
      10
      14
      10
      11
       6
       7
       8
       6
       8
       5
      10
      10
      10
       3
      10
      14
       9
      13
      12
      15
      14
       3
      10
       5
       6
       7
       6
      12
       6
       5
       8
       6
      10
      10
      10
       8
       6
      12
       8
      14
      10
      10
       5
      13
      12
       5
       8
       8
       8
       4
      10
       4
       8
       7
      10
       8
       7
       8
       6
      10
       8
       3
      10
       3
       3
       6
       8
       6
       9
      14
      13
      14
      16
      27
      38
      49
      48
      23
      20
      10
       8
      10
      11
       7
       7
       9
       7
       7
       5
       7
       5
       5
       6
       7
       9
      11
       7
      13
       7
      13
       6
       4
       8
       3
      11
      14
       8
       3
       6
       8
      11
       2
      10
       5
       3
       5
       6
       5
       6
       9
       5
       5
       6
       6
       4
       5
      12
       5
       5
       7
       5
       6
       8
       8
       4
      11
       3
       6
       8
       9
       7
      10
       6
       7
       4
       8
       7
      16
       3
       4
       8
       9
       6
       7
      11
      10
       8
       4
       6
       9
       6
       5
       6
       6
       7
       2
      11
       5
       6
       1
       6
       8
       7
       9
       6
       7
       3
       7
       5
       4
       1
       6
       3
       9
       6
      13
       9
       6
       7
       7
       3
       7
      12
       4
       4
       5
       9
       5
       3
       5
       9
       6
       8
       6
      11
       8
       8
       6
       8
      11
      16
      13
       9
       7
       7
       9
       6
       8
       7
       5
       7
       6
       7
       5
       6
       7
      11
       6
      10
       6
       3
       8
       8
       6
       5
       9
       8
       5
       4
       6
       8
       2
       5
       7
       5
       7
       6
       5
       5
       4
      11
       5
      12
      10
       2
       5
       5
       7
       4
       5
       6
       3
       2
       4
       6
       5
       6
      11
       6
       5
       5
       4
       7
       2
       4
       6
       5
       4
       9
       9
       3
       9
       7
      11
      12
       4
       2
       6
       5
       6
       4
       8
       7
       4
       7
       7
      10
       4
       1
      11
       5
       6
       6
      12
       9
       3
       6
       6
       3
       5
       5
       2
       3
       8
       5
      10
       1
       2
       6
       9
       3
       4
       2
       3
       8
       4
       8
       7
       7
       5
       2
       6
       6
       7
       4
       6
       5
       7
       2
       5
       6
       3
       6
       7
       6
       5
       3
       7
       4
       5
       6
       4
       9
       5
       4
       8
       8
       3
       9
       8
      11
       5
       9
       6
       8
       1
       7
       2
       4
       6
       6
       7
       8
       5
       6
       3
       6
       8
       9
       5
       2
       3
       7
       2
       2
      11
       6
       4
       3
       8
       6
       3
       8
       8
       5
       6
       4
       3
       4
       5
       6
       4
       7
       6
       6
       5
      10
       2
       3
       3
       6
       5
       3
      10
       4
       7
       3
       3
       4
       4
       5
       7
       9
       5
       5
       4
       3
       6
       4
       7
       7
       4
       9
       5
       4
       4
       3
       2
       3
       4
       6
       5
       4
       6
       1
       1
       4
       8
       5
       6
       5
       8
       5
       7
       6
       8
       6
       5
       4
       6
       3
       9
       7
       3
       7
       9
       6
       7
       6
       2
       2
       3
       5
       7
       7
       5
       6
       7
       5
       6
       5
       6
       6
       2
       5
       4
       4
       5
       7
       3
       3
       3
       4
       6
       8
       2
       5
       1
       4
       3
       5
       1
       6
       1
       4
       6
       2
       4
       6
       4
       7
       4
       3
       6
       3
       6
       4
       7
       5
       5
       5
       5
       6
       6
       6
       2
       3
       4
       4
       4
       4
       8
       8
       9
       3
       3
       2
       3
       2
       2
       7
       6
       2
       4
       8
       5
       6
       6
       6
       7
       1
       6
       6
       6
       4
       6
       9
       6
       7
       1
       2
       8
       6
       2
       6
       3
       5
       1
       3
       2
       1
       1
       3
       7
       3
       2
       3
       2
       7
       7
       6
       8
       3
       2
       5
       3
       3
       2
       7
       2
       5
       5
       3
       3
       2
       5
       3
       3
       2
       2
       2
       6
       1
       4
       3
       2
       4
       5
       2
       5
       5
       6
       5
       3
       7
       5
       4
       3
       2
       9
       3
       8
       3
      12
       7
       7
       6
      16
      18
       9
       5
       3
       6
       4
       7
       6
       8
       2
       6
       4
       6
       5
       2
       2
       4
       7
       3
       6
       7
       4
       2
      10
       9
       2
       4
      10
       3
       4
       3
       3
       3
       1
       1
       2
       4
       2
       5
       6
       3
       7
       3
       3
       2
       3
       0
       3
       4
       4
       1
       1
       3
       7
       3
       2
       2
       5
       4
       7
       9
       3
       2
       4
       5
       8
       2
       0
       1
       4
       4
       5
       0
       3
       3
       3
       4
       4
       9
       3
       4
       5
       3
       5
       7
       8
       4
       4
      10
       3
       3
       5
       5
       2
       1
       2
       3
       4
       7
       3
       7
       8
       2
       2
       5
       7
       3
       2
       3
       3
       4
       2
       3
       3
       3
       5
       1
       5
       3
       4
       2
       7
       4
       4
       2
       1
       4
       0
       2
       3
       3
       4
       0
       2
       4
       4
       3
       5
       4
       3
       5
       2
       3
       6
       3
       5
       3
       2
       2
       5
       5
       3
       4
       3
       7
       2
       4
       6
       6
       5
       9
      10
      12
      12
      13
       7
       2
       3
       3
       1
       2
       6
       4
       2
       7
       5
       5
       5
       6
       1
       3
       3
       3
       1
       5
       5
       2
       3
       1
       2
       5
       0
       2
       5
       6
       3
       6
       3
       2
       5
       6
       4
       1
       5
       4
       4
       3
       1
       4
       2
       3
       1
       3
       1
       3
       6
       2
       6
       1
       4
       3
       6
       6
       4
       1
       2
       3
       1
       4
       1
       4
       3
       4
       5
       1
       0
       5
       1
       4
       2
       3
       4
       1
       1
       3
       3
       1
       2
       2
       5
       5
       6
       1
       3
       8
       4
       1
       0
       5
       8
       8
       4
       4
       4
       4
       2
       5
       2
       3
       4
       1
       1
       5
       4
       4
       3
       4
       1
       3
       2
       4
       3
       3
       2
       1
       5
       3
       2
       5
       5
       2
       6
       5
       1
       5
       7
       3
       3
       4
       5
       2
       4
       6
       5
       4
       5
       2
       1
       2
       5
       4
       4
       4
       8
       2
       2
       6
       1
       0
       4
       4
       4
       3
       6
       1
       9
       3
       5
       3
       3
       4
       2
       4
       5
       2
       1
       5
       1
       0
       6
       3
       5
       3
       0
       3
       0
       5
       4
       0
       2
       3
       2
       8
       4
       1
       3
       2
       1
       3
       3
       4
       2
       1
       5
       3
       3
       4
       0
       4
       3
       3
       1
       3
       3
       3
       3
       4
       0
       4
       8
       6
       2
       3
       2
       8
       4
       5
       3
       3
       6
       4
       2
       3
       4
       3
       2
       4
       5
       2
       5
       4
       4
       1
       2
       4
       1
       5
       3
       5
       4
       4
       1
       8
       3
       1
       5
       1
       1
       0
       4
       1
       2
       1
       2
       3
       2
       2
       2
       6
       2
       1
       1
       3
       2
       3
       3
       5
       4
       2
       0
       2
       8
       4
       2
       1
       3
       1
       1
       6
       1
       2
       1
       2
       2
      10
       5
       1
       2
       2
       1
       0
       3
       1
       5
       6
       1
       3
       0
       2
       0
       2
       1
       2
       1
       2
       2
       4
       1
       1
       0
       2
       5
       1
       2
       2
       3
       0
       1
       3
       0
       4
       3
       2
       2
       2
       0
       2
       3
       1
       1
       5
       1
       2
       2
       4
       2
       1
       4
       1
       2
       2
       5
       2
       2
       3
       1
       2
       0
       2
       4
       2
       2
       1
       0
       3
       2
       3
       6
       4
       2
       3
       4
       2
       0
       2
       3
       0
       0
       1
       0
       1
       1
       5
       4
       1
       0
       2
       3
       1
       0
       1
       4
       3
       2
       6
       3
       3
       3
       3
       6
       4
       6
       2
       1
       3
       1
       3
       4
       3
       2
       2
       1
       3
       2
       1
       1
       1
       1
       0
       1
       0
       0
       0
       0
       1
       2
       1
       1
       0
       3
       3
       1
       0
       1
       2
       1
       2
       3
       4
       0
       0
       2
       0
       1
       1
       0
       0
       2
       0
       2
       2
       1
       0
       1
       3
       2
       1
       0
       2
       0
       0
       0
       0
       3
       2
       3
       1
       2
       1
       5
       0
       0
       1
       3
       1
       1
       1
       2
       2
       1
       2
       3
       0
       1
       2
       2
       2
       5
       6
       1
       4
       2
       3
       4
       3
       8
       3
       1
       2
       4
       1
       0
       0
       0
       3
       1
       2
       1
       1
       2
       0
       2
       2
       0
       0
       1
       1
       0
       1
       1
       0
       0
       1
       0
       2
       2
       0
       0
       0
       1
       1
       2
       1
       1
       3
       1
       0
       1
       0
       1
       0
       0
       0
       0
       1
       0
       1
       0
       0
       1
       0
       2
       0
       0
       0
       3
       0
       0
       1
       0
       3
       1
       1
       0
       0
       1
       0
       0
       0
       0
       1
       0
       1
       0
       0
       1
       2
       1
       1
       1
       0
       0
       0
       0
       0
       1
       0
       0
       0
       1
       0
       0
       2
       0
       0
       1
       1
       1
       0
       0
       2
       0
       0
       2
       0
       1
       2
       1
       0
       0
       0
       1
       0
       0
       2
       0
       0
       0
       1
       0
       1
       0
       0
       0
       1
       2
       1
       1
       0
       0
       2
       0
       2
       1
       1
       0
       2
       0
       1
       0
       0
       0
       0
       0
       0
       0
       1
       0
       0
       0
       1
       0
       0
       1
       0
       0
       0
       1
       0
       1
       3
       0
       6
       5
       8
       7
      11
      13
      24
      33
      44
      50
      74
      56
      37
      16
       9
       6
       0
       0
       3
       1
       0
       0
       0
       0
       1
       0
       1
       0
       0
       0
       0
       0
       0
       1
       0
       0
       0
       1
       0
       0
       0
       0
       0
       0
       1
       1
       0
       0
       1
       0
       1
       1
       0
       0
       1
       0
       0
       0
       0
       0
       2
       0
       1
       0
       0
       0
       0
       0
       2
       0
       0
       0
       0
       1
       0
       0
       0
       1
       1
       0
       0
       1
       0
       1
       0
       1
       2
       0
       0
       1
       1
       1
       0
       1
       1
       0
       0
       0
       0
       0
       0
       0
       0
       1
       0
       0
       0
       0
       1
       0
       0
       0
       0
       0
       0
       0
       0
       0
       0
       0
       0
       0
       0
       0
       0
       0
       0
       0
       1
       2
       0
       0
       0
       0
       1
       0
       0
       0
       0
       0
       0
       0
       1
       0
       1
       0
       0
       1
       0
       0
       0
       0
       0
       0
       0
       0
       1
       0
       0
       0
       0
       0
       0
       0
       1
       0
       0
       1
       0
       0
       0
       0
       0
       0
       0
       0
       0
       0
       1
       0
       0
       0
       0
       0
       1
       0
       2
       0
       0
       0
       1
       0
       1
       0
       0
       0
       0
       0
       0
       2
       0
       0
       0
       0
       1
       1
       0
       0
       0
       0
       0
       0
       0
       0
       0
       0
       0
       0
       0
       0
       0
       0
       0
       0
       0
       0
       0
       0
       0
       0
       0
       0
       0
       0
       0
       1
       0
       0
       0
       0
       0
       0
       0
       0
       0
       1
       1
       0
       0
       0
       1
       0
       0
       1
       0
       0
       0
       0
       1
       0
       0
       0
       1
       0
       1
       0
       0
       0
       0
       0
       0
       0
       1
       0
       0
       0
       0
       0
       0
       0
       0
       0
       0
       0
       0
       0
       0
       1
       0
       0
       0
       0
       0
       0
       1
       0
       0
       0
       0
       0
       0
       0
       0
       0
       0
       0
       0
       0
       0
       0
       0
       0
       0
       0
       0
       0
       0
       0
       0
       0
       0
       1
       0
       1
       0
       0
       0
       0
       0
       0
       0
       0
       0
       0
       0
       0
       0
       0
       0
       0
       0
       0
       0
       0
       0
       1
       0
       0
       0
       0
       0
       0
       0
       0
       0
       0
       0
       2
       0
       0
       0
       1
       0
       0
       1
       0
       0
       0
       0
       0
       0
       0
       0
       0
       0
       0
       0
       0
       0
       0
       0
       0
       0
       0
       0
       0
       0
       0
       0
       0
       0
       0
       0
       0
       0
       0
       0
       0
       0
       0
       0
       0
       0
       1
       0
       1
       0
       0
       0
       0
       0
       0
       0
       0
       0
       0
       0
       0
       1
       0
       0
       0
       0
       0
       0
       0
       0
       1
       0
       1
       0
       0
       0
       0
       0
       0
       0
       0
       0
       0
       0
       1
       0
       1
       0
       0
       0
       0
       1
       0
       0
       0
       0
       0
       0
       0
       0
       0
       0
       0
       0
       0
       0
       0
       0
       0
       1
       0
       0
       0
       0
       0
       0
       0
       0
       0
       0
       0
       0
       0
       0
       1
       0
       0
       0
       0
       0
       0
       0
       0
       0
       0
       0
       0
       0
       0
       0
       0
       0
       0
       0
       0
       0
       0
       1
       0
       0
       0
       0
       0
       0
       0
       0
       0
       0
       0
       1
       0
       0
       0
       0
       0
       0
       0
       0
       1
       0
       0
       1
       0
       0
       0
       0
       0
       0
       0
       0
       0
       0
       0
       0
       0
       0
       0
       0
       0
       0
       0
       0
       0
       0
       0
       2
       0
       1
       0
       1
       0
       0
       0
       0
       0
       0
       0
       0
       0
       0
       0
       0
       1
       1
       0
       0
       0
       0
       0
       0
       0
       0
       0
       0
       1
       1
       0
       1
       0
       0
       0
       0
       1
       0
       1
       0
       0
       0
       0
       0
       0
       0
       0
       0
       0
       0
       0
       0
       0
       0
       0
       0
       0
       0
       0
       0
       0
       0
       0
       0
       0
       0
       1
       0
       0
       0
       0
       0
       0
       0
       0
       1
       0
       0
       0
       0
       1
       0
       0
       0
       0
       0
       0
       0
       0
       0
       0
       0
       1
       0
       0
       0
       0
       0
       0
       0
       0
       0
       0
       0
       0
       0
       0
       0
       0
       0
       0
       0
       0
       0
       0
       0
       0
       1
       0
       0
       0
       0
       0
       0
       0
       0
       0
       0
       0
       0
       1
       0
       0
       0
       0
       0
       0
       0
       0
       0
       0
       0
       0
       0
       0
       1
       1
       0
       0
       0
       0
       0
       1
       0
       0
       0
       0
       0
       0
       1
       0
       0
       0
       0
       0
       0
       0
       0
       0
       0
       0
       0
       0
       1
       0
       0
       0
       0
       0
       0
       0
       0
       1
       0
       0
       0
       0
       0
       0
       0
       0
       0
       1
       0
       0
       0
       0
       0
       1
       0
       0
       0
       0
       0
       1
       0
       2
       1
       0
       0
       0
       0
       0
       0
       0
       0
       0
       0
       0
       0
       0
       0
       1
       0
       0
       1
       0
       0
       0
       0
       0
       0
       0
       0
       0
       0
       0
       0
       0
       0
       0
       0
       0
       0
       0
       0
       1
       1
       0
       0
       0
       0
       0
       0
       0
       0
       0
       0
       0
       1
       0
       0
       0
       0
       0
       0
       0
       1
       0
       1
       1
       0
       0
       0
       0
       0
       1
       0
       0
       0
       0
       0
       0
       0
       0
       0
       1
       0
       1
       0
       0
       1
       0
       0
       0
       0
       0
       0
       0
       0
       0
       0
       0
       0
       0
       0
       0
       0
       0
       0
       0
       0
       0
       0
       0
       1
       0
       0
       0
       1
       0
       1
       0
       0
       0
       0
       0
       0
       0
       0
       0
       0
       0
       0
       0
       0
       0
       0
       0
       0
       0
       0
       0
       0
       0
       0
       0
       0
       0
       0
       0
       0
       0
       0
       0
       0
       1
       0
       0
       0
       0
       0
       0
       0
       0
       0
       0
       0
       0
       0
       0
       1
       0
       0
       0
       0
       0
       0
       0
       0
       0
       0
       0
       0
       0
       0
       0
       0
       0
       0
       0
       0
       0
       0
       0
       0
       0
       0
       0
       0
       1
       0
       0
       0
       0
       0
       0
       0
       1
       0
       0
       0
       0
       0
       0
       0
       0
       0
       0
       0
       0
       0
       0
       0
       0
       1
       0
       0
       0
       1
       1
       0
       0
       0
       0
       0
       0
       0
       0
       0
       0
       0
       0
       0
       0
       0
       0
       0
       0
       0
       0
       0
       0
       0
       0
       0
       0
       0
       0
       0
       1
       0
       0
       0
       0
       0
       0
       1
       0
       0
       0
       1
       0
       0
       0
       0
       0
       0
       0
       0
       0
       0
       0
       0
       0
       0
       0
       0
       0
       0
       0
       0
       0
       1
       0
       0
       0
       0
       0
       1
       1
       0
       0
       0
       0
       0
       0
       0
       0
       0
       0
       0
       0
       0
       0
       0
       0
       0
       0
       0
       0
       0
       0
       0
       0
       0
       0
       0
       0
       0
       0
       0
       0
       0
       0
       1
       0
       0
       0
       0
       0
       1
       0
       0
       0
       0
       0
       0
       0
       0
       0
       0
       0
       0
       0
       0
       0
       0
       0
       0
       0
       0
       0
       1
       0
       0
       0
       0
       0
       0
       0
       0
       0
       0
       0
       0
       0
       0
       1
       0
       0
       0
       0
       1
       1
       0
       0
       0
       0
       0
       0
       0
       0
       0
       0
       0
       0
       0
       0
       0
       0
       0
       0
       0
       1
       0
       0
       0
       0
       0
       0
       0
       0
       0
       0
       0
       0
       0
       0
       0
       0
       0
       0
       0
       0
       0
       0
       1
       0
       0
       0
       0
       0
       0
       0
       0
       0
       0
       0
       0
       0
       0
       0
       0
       0
       0
       0
       0
       0
       0
       0
       0
       0
       0
       0
       0
       0
       0
       0
       0
       0
       0
       0
       0
       0
       0
       0
       0
       0
       0
       1
       0
       0
       0
       0
       0
       0
       0
       0
       0
       0
       0
       0
       0
       0
       0
       0
       0
       0
       0
       2
       0
       0
       0
       0
       0
       1
       0
       0
       0
       0
       0
       0
       0
       0
       0
       0
       0
       0
       0
       0
       0
       0
       0
       0
       0
       0
       1
       0
       0
       0
       0
       0
       0
       0
       0
       0
       0
       0
       0
       0
       0
       0
       0
       0
       0
       0
       0
       0
       0
       0
       0
       0
       0
       0
       0
       0
       0
       0
       0
       0
       0
       0
       0
       0
       0
       0
       0
       0
       0
       1
       0
       0
       1
       0
       0
       0
       0
       0
       0
       0
       0
       0
       0
       0
       0
       0
       0
       0
       0
       1
       0
       0
       0
       0
       0
       0
       0
       0
       0
       0
       0
       0
       0
       0
       0
       0
       0
       0
       0
       0
       0
       0
       0
       0
       0
       0
       0
       0
       0
       0
       0
       0
       1
       0
       0
       1
       0
       0
       0
       0
       0
       0
       1
       0
       0
       0
       0
       0
       0
       0
       0
       0
       0
       0
       0
       0
       1
       0
       0
       0
       0
       1
       0
       1
       0
       0
       0
       0
       1
       0
       0
       0
       0
       0
       0
       0
       0
       0
       0
       0
       0
       0
       0
       0
       0
       0
       0
       1
       0
       0
       0
       0
       0
       0
       0
       0
       0
       0
       0
       0
       0
       0
       1
       0
       1
       0
       0
       0
       0
       0
       0
       0
       0
       0
       0
       0
       0
       0
       1
       0
       0
       0
       0
       0
       0
       0
       0
       0
       0
       0
       0
       0
       0
       0
       0
       0
       0
       0
       0
       0
       0
       0
       1
       0
       0
       0
       0
       0
       0
       0
       0
       0
       0
       0
       0
       0
       0
       0
       0
       0
       0
       0
       0
       0
       0
       0
       1
       1
       0
       0
       0
       0
       0
       0
       0
       0
       0
       0
       0
       0
       0
       0
       1
       0
       0
       0
       0
       0
       0
       0
       1
       0
       0
       0
       0
       0
       0
       0
       0
       0
       0
       0
       0
       0
       0
       0
       0
       0
       0
       0
       0
       0
       0
       0
       0
       0
       0
       0
       0
       0
       0
       0
       0
       0
       0
       0
       0
       0
       0
       0
       0
       0
       0
       0
       0
       0
       0
       0
       0
       0
       0
       0
       0
       0
       0
       0
       0
       0
       0
       0
       0
       0
       0
       0
       0
       0
       0
       0
       0
       0
       0
       0
       0
       0
       0
       1
       0
       0
       0
       0
       0
       0
       0
       1
       0
       0
       0
       0
       0
       0
       1
       0
       0
       0
       0
       0
       0
       0
       0
       0
       0
       0
       0
       0
       0
       0
       0
       0
       0
       0
       1
       1
       0
       0
       0
       0
       1
       0
       0
       0
       0
       0
       0
       0
       0
       0
       0
       0
       1
       0
       0
       0
       0
       0
       0
       0
       0
       0
       0
       0
       0
       0
       0
       1
       1
       0
       0
       0
       0
       0
       0
       0
       1
       0
       0
       0
       0
       0
       0
       0
       0
       0
       0
       0
       0
       0
       0
       0
       0
       0
       0
       0
       0
       0
       0
       0
       0
       0
       0
       0
       0
       0
       0
       0
       0
       0
       0
       0
       0
       0
       0
       0
       0
       0
       0
       0
       0
       0
       0
       0
       0
       0
       0
       0
       0
       0
       0
       0
       0
       0
       0
       0
       0
       0
       0
       0
       0
       1
       0
       0
       0
       0
       0
       0
       0
       0
       0
       0
       0
       0
       0
       0
       0
       0
       0
       0
       0
       0
       0
       0
       0
       0
       0
       0
       1
       0
       0
       0
       0
       0
       0
       0
       0
       0
       0
       0
       1
       0
       0
       0
       0
       0
       0
       0
       0
       0
       0
       0
       0
       0
       0
       0
       0
       0
       0
       0
       0
       0
       0
       0
       0
       0
       0
       0
       0
       0
       0
       0
       0
       0
       0
       0
       0
       1
       0
       0
       0
       0
       0
       0
       0
       0
       0
       0
       0
       0
       0
       0
       1
       0
       0
       0
       0
       0
       0
       0
       0
       0
       0
       0
       0
       0
       0
       0
       0
       0
       1
       0
       0
       0
       0
       0
       0
       0
       0
       0
       0
       1
       0
       0
       1
       0
       0
       0
       0
       0
       0
       0
       0
       0
       1
       0
       0
       0
       1
       0
       0
       0
       0
       0
       0
       0
       0
       0
       0
       0
       0
       0
       0
       0
       0
       0
       0
       0
       0
       0
       0
       0
       1
       0
       0
       0
       0
       0
       0
       0
       0
       0
       0
       0
       0
       0
       0
       0
       1
       0
       0
       0
       0
       0
       0
       1
       0
       0
       0
       0
       0
       0
       0
       0
       0
       1
       0
       0
       0
       0
       0
       0
       0
       0
       0
       1
       0
       0
       0
       0
       0
       0
       0
       0
       0
       0
       0
       0
       0
       1
       0
       0
       0
       0
       0
       0
       1
       0
       0
       0
       0
       0
       0
       0
       1
       0
       0
       0
       0
       0
       0
       0
       0
       0
       0
       0
       0
       0
       0
       0
       0
       1
       0
       0
       0
       0
       0
       0
       0
       0
       0
       0
       0
       0
       0
       0
       0
       0
       0
       0
       0
       0
       0
       0
       0
       0
       0
       0
       0
       0
       0
       0
       0
       0
       0
       0
       1
       0
       0
       0
       0
       0
       1
       0
       0
       0
       0
       0
       0
       0
       0
       0
       0
       0
       1
       0
       0
       0
       0
       0
       0
       0
       0
       0
       0
       0
       0
       0
       0
       0
       0
       0
       0
       0
       0
       0
       0
       0
       0
       0
       0
       0
       0
       0
       0
       0
       0
       0
       0
       0
       1
       0
       0
       0
       0
       0
       0
       1
       1
       0
       0
       0
       0
       0
       1
       0
       0
       0
       0
       0
       0
       0
       0
       0
       0
       0
       0
       0
       0
       0
       0
       0
       0
       0
       0
       0
       0
       0
       0
       0
       0
       0
       0
       0
       0
       0
       0
       0
       0
       1
       0
       0
       0
       0
       0
       0
       0
       0
       0
       0
       0
       0
       0
       0
       0
       0
       0
       0
       0
       0
       0
       0
       0
       0
       0
       0
       0
       0
       0
       0
       0
       0
       0
       0
       0
       0
       1
       0
       0
       1
       0
       0
       0
       0
       0
       0
       0
       0
       0
       0
       0
       0
       0
       0
       0
       0
       0
       0
       0
       0
       0
       0
       0
       0
       0
       0
       0
       0
       0
       0
       0
       0
       0
       0
       0
       0
       0
       0
       0
       0
       0
       0
       0
       0
       0
       0
       0
       0
       0
       0
       0
       0
       0
       0
       0
       0
       0
       0
       0
       0
       1
       0
       0
       0
       0
       0
       0
       0
       0
       0
       0
       0
       0
       0
       0
       0
       0
       1
       0
       0
       0
       0
       0
       1
       0
       1
       0
       0
       0
       0
       0
       0
       0
       0
       0
       0
       0
       0
       0
       1
       0
       0
       0
       0
       0
       0
       0
       0
       0
       0
       0
       0
       0
       0
       0
       0
       0
       0
       0
       0
       0
       0
       0
       0
       0
       0
       1
       0
       0
       0
       0
       0
       0
       0
       0
       0
       0
       0
       0
       0
       0
       0
       0
       0
       0
       0
       1
       0
       0
       0
       0
       1
       0
       0
       0
       0
       0
       0
       0
       0
       0
       0
       0
       0
       0
       1
       0
       0
       1
       0
       0
       0
       0
       0
       0
       0
       0
       0
       0
       0
       0
       0
       0
       0
       0
       2
       0
       0
       0
       0
       0
       0
       0
       1
       0
       0
       0
       0
       0
       0
       0
       0
       0
       0
       0
       0
       0
       0
       0
       0
       0
       0
       0
       0
       0
       0
       0
       0
       0
       0
       0
       0
       0
       0
       0
       1
       0
       0
       0
       0
       0
       0
       0
       0
       0
       0
       0
       0
       1
       0
       0
       0
       0
       1
       0
       0
       0
       0
       0
       0
       0
       0
       0
       0
       0
       0
       0
       0
       0
       0
       1
       0
       0
       0
       0
       2
       0
       0
       1
       1
       0
       0
       0
       0
       0
       0
       0
       0
       0
       0
       0
       0
       0
       1
       0
       0
       0
       0
       0
       0
       0
       0
       0
       0
       0
       0
       0
       0
       0
       0
       0
       0
       0
       0
       0
       0
       0
       0
       1
       0
       0
       0
       0
       0
       0
       0
       0
       0
       0
       0
       0
       0
       0
       0
       0
       0
       0
       0
       1
       0
       0
       0
       0
       0
       0
       0
       0
       0
       0
       0
       0
       0
       0
       0
       0
       0
       0
       0
       0
       0
       0
       0
       1
       0
       0
       0
       0
       0
       0
       0
       0
       1
       0
       1
       0
       0
       0
       0
       0
       0
       0
       0
       0
       0
       0
       0
       0
       0
       0
       0
       0
       1
       0
       1
       0
       0
       0
       0
       0
       0
       0
       1
       0
       0
       0
       0
       0
       0
       0
       0
       0
       0
       1
       0
       0
       0
       0
       0
       0
       0
       0
       0
       0
       0
       0
       0
       0
       0
       0
       0
       0
       0
       1
       0
       0
       0
       0
       0
       0
       0
       0
       1
       0
       0
       0
       0
       0
       0
       0
       0
       0
       0
       0
       0
       0
       0
       0
       0
       1
       0
       0
       0
       0
       0
       0
       0
       0
       0
       0
       0
       0
       0
       0
       0
       0
       0
       1
       0
       0
       0
       0
       0
       0
       1
       0
       0
       0
       0
       1
       0
       0
       0
       0
       0
       0
       0
       0
       0
       0
       0
       0
       0
       0
       0
       0
       0
       0
       0
       0
       0
       0
       0
       0
       1
       0
       0
       0
       0
       0
       0
       0
       0
       0
       0
       0
       0
       0
       0
       0
       0
       0
       0
       0
       0
       0
       0
       0
       0
       0
       0
       0
       0
       0
       0
       0
       0
       0
       0
       1
       0
       0
       0
       0
       0
       0
       0
       0
       0
       0
       0
       0
       0
       0
       0
       0
       0
       0
       0
       0
       0
       0
       0
       0
       0
       0
       0
       0
       0
       0
       0
       0
       0
       0
       0
       0
       0
       0
       0
       0
       0
       0
       0
       0
       0
       0
       0
       0
       0
       0
       0
       0
       0
       0
       0
       0
       0
       0
       0
       0
       0
       0
       0
       0
       0
       0
       0
       0
       0
       0
       0
       0
       0
       0
       0
       1
       0
       0
       0
       0
       1
       0
       0
       0
       0
       0
       0
       0
       0
       0
       0
       0
       1
       0
       0
       0
       0
       0
       0
       0
       0
       0
       0
       0
       1
       0
       0
       0
       0
       0
       0
       0
       0
       0
       0
       0
       0
       0
       0
       0
       0
       0
       0
       0
       0
       0
       0
       0
       0
       0
       0
       0
       0
       0
       0
       0
       0
       0
       0
       0
       0
       0
       0
       0
       0
       0
       0
       0
       0
       1
       0
       0
       0
       0
       0
       1
       0
       0
       0
       0
       2
       1
       0
       1
       0
       0
       0
       0
       0
       0
       0
       1
       0
       1
       0
       0
       0
       0
       0
       0
       0
       0
       0
       0
       0
       0
       0
       0
       0
       0
       0
       0
       0
       0
       0
       0
       0
       0
       0
       0
       0
       0
       0
       0
       0
       0
       0
       0
       0
       0
       0
       0
       0
       0
       0
       0
       0
       0
       0
       0
       0
       0
       0
       0
       0
       0
       0
       1
       0
       0
       0
       1
       0
       0
       0
       0
       0
       0
       0
       0
       0
       0
       0
       0
       0
       0
       1
       0
       0
       0
       0
       0
       0
       0
       0
       0
       0
       0
       0
       0
       0
       0
       0
       0
       0
       1
       0
       1
       0
       0
       0
       0
       0
       0
       0
       0
       0
       0
       0
       0
       0
       0
       0
       0
       0
       0
       0
       0
       0
       0
       0
       0
       0
       1
       0
       0
       0
       0
       1
       0
       0
       0
       0
       0
       0
       0
       0
       0
       0
       1
       0
       0
       1
       0
       0
       0
       0
       0
       0
       0
       0
       0
       0
       0
       0
       0
       0
       1
       0
       0
       0
       0
       0
       0
       0
       0
       0
       0
       0
       0
       0
       1
       0
       0
       0
       0
       0
       0
       0
       0
       0
       0
       0
       0
       0
       0
       0
       0
       0
       0
       1
       0
       0
       0
       0
       0
       0
       0
       0
       0
       0
       0
       0
       0
       0
       0
       1
       0
       0
       0
       0
       0
       0
       0
       0
       0
       0
       0
       0
       1
       0
       0
       0
       0
       0
       0
       0
       0
       0
       0
       0
       0
       0
       1
       0
       0
       0
       0
       0
       0
       0
       0
       0
       1
       0
       0
       0
       0
       0
       0
       2
       0
       0
       0
       0
       0
       0
       0
       0
       0
       0
       0
       0
       0
       0
       0
       0
       0
       0
       0
       0
       0
       0
       0
       0
       0
       0
       0
       0
       0
       0
       0
       0
       0
       0
       0
       0
       0
       0
       0
       0
       0
       0
       0
       0
       0
       0
       0
       0
       1
       0
       0
       0
       0
       0
       0
       0
       0
       0
       0
       0
       0
       0
       0
       0
       0
       0
       0
       0
       0
       0
       0
       0
       0
       0
       0
       0
       0
       0
       0
       0
       0
       0
       0
       0
       0
       0
       0
       0
       0
       0
       0
       1
       0
       0
       0
       0
       1
       0
       0
       0
       1
       0
       0
       0
       0
       0
       0
       0
       0
       0
       0
       0
       0
       0
       0
       0
       0
       0
       0
       0
       0
       0
       0
       0
       0
       0
       0
       1
       0
       1
       0
       0
       0
       0
       0
       0
       0
       0
       0
       0
       0
       0
       0
       0
       0
       0
       0
       1
       0
       0
       0
       0
       0
       0
       0
       0
       0
       1
       0
       0
       0
       0
       0
       0
       0
       0
       0
       0
       1
       0
       1
       0
       0
       0
       0
       0
       0
       0
       0
       1
       0
       0
       0
       0
       0
       0
       0
       0
       0
       0
       0
       0
       1
       0
       0
       0
       0
       0
       0
       0
       0
       0
       0
       0
       0
       0
       0
       0
       0
       0
       0
       0
       0
       0
       0
       0
       0
       1
       0
       0
       0
       0
       0
       0
       0
       0
       0
       0
       0
       0
       0
       0
       0
       0
       0
       0
       0
       1
       0
       0
       0
       0
       0
       0
       0
       0
       0
       0
       0
       0
       0
       1
       0
       0
       0
       0
       0
       0
       0
       1
       1
       0
       0
       0
       0
       0
       0
       0
       0
       1
       1
       0
       0
       0
       0
       0
       0
       0
       0
       0
       0
       0
       0
       0
       0
       0
       0
       0
       0
       0
       0
       0
       0
       0
       0
       0
       0
       0
       0
       0
       0
       0
       0
       0
       0
       0
       0
       0
       0
       0
       0
       0
       0
       1
       0
       0
       0
       0
       0
       1
       0
       0
       0
       0
       0
       0
       0
       0
       0
       0
       0
       0
       0
       0
       0
       0
       0
       0
       0
       0
       0
       0
       0
       0
       0
       0
       0
       0
       0
       0
       0
       0
       0
       0
       0
       0
       0
       0
       0
       1
       0
       0
       0
       0
       0
       0
       0
       0
       0
       0
       0
       0
       0
       0
       0
       0
       0
       0
       0
       0
       0
       0
       0
       0
       0
       0
       0
       0
       0
       0
       0
       0
       0
       0
       0
       0
       0
       0
       0
       0
       0
       0
       0
       1
       0
       0
       1
       0
       0
       0
       0
       0
       0
       0
       0
       0
       0
       0
       0
       0
       0
       0
       0
       0
       0
       0
       0
       0
       1
       0
       0
       0
       0
       0
       0
       0
       0
       0
       0
       0
       0
       0
       0
       0
       0
       0
       0
       0
       0
       0
       0
       0
       0
       0
       0
       0
       0
       0
       0
       0
       0
       0
       0
       0
       0
       0
       0
       0
       0
       0
       0
       0
       0
       0
       0
       0
       0
       0
       0
       0
       0
       0
       0
       0
       0
       0
       0
       0
       0
       0
       0
       0
       0
       0
       0
       0
       0
       0
       0
       0
       0
       0
       0
       0
       0
       0
       0
       0
       0
       0
       0
       0
       0
       0
       0
       0
       0
       0
       0
       0
       1
       0
       0
       1
       0
       0
       0
       0
       0
       0
       0
       0
       0
       0
       0
       0
       0
       0
       0
       1
       0
       0
       0
       0
       0
       0
       0
       0
       0
       0
       0
       0
       0
       0
       0
       0
       1
       0
       0
       0
       1
       0
       0
       0
       0
       0
       0
       0
       1
       0
       0
       0
       0
       0
       0
       0
       0
       0
       0
       0
       0
       0
       0
       0
       0
       0
       0
       0
       0
       0
       0
       0
       0
       0
       0
       0
       0
       0
       0
       0
       0
       0
       0
       0
       0
       0
       0
       0
       0
       0
       0
       0
       0
       0
       0
       0
       0
       0
       0
       0
       0
       0
       0
       0
       0
       0
       0
       0
       0
       0
       0
       0
       0
       1
       0
       0
       0
       0
       0
       0
       0
       0
       0
       0
       0
       1
       0
       0
       0
       0
       0
       0
       1
       1
       0
       0
       0
       1
       0
       0
       0
       1
       0
       0
       0
       0
       1
       0
       0
       0
       0
       0
       0
       0
       0
       0
       0
       0
       0
       0
       0
       0
       0
       0
       0
       0
       0
       0
       0
       0
       0
       0
       0
       0
       0
       0
       0
       0
       0
       0
       0
       0
       0
       0
       0
       0
       0
       0
       0
       0
       0
       0
       0
       0
       0
       0
       0
       0
       0
       0
       0
       0
       0
       0
       0
       0
       0
       0
       0
       0
       0
       0
       0
       0
       0
       0
       0
       0
       0
       0
       0
       0
       0
       0
       0
       0
       0
       0
       0
       0
       0
       0
       0
       0
       0
       0
       0
       0
       0
       0
       0
       0
       0
       0
       0
       0
       0
       0
       0
       0
       0
       0
       0
       0
       0
       0
       0
       0
       0
       0
       0
       0
       0
       0
       0
       0
       0
       0
       0
       0
       0
       0
       0
       0
       0
       0
       0
       0
       0
       0
       0
       0
       0
       0
       0
       0
       0
       0
       0
       0
       0
       0
       0
$ROI:
6
110 127
133 142
1901 1925
2163 2177
2374 2384
4256 4262
$PRESETS:
None
0
0
$ENER_FIT:
1.916382 0.612805
$MCA_CAL:
3
1.916382E+000 6.128052E-001 0.000000E+000 keV
$SHAPE_CAL:
3
2.905076E+000 5.086795E-004 0.000000E+000
