$SPEC_ID:
No sample description was entered.
$SPEC_REM:
DET# 1
DETDESC# DESKTOP-AKUPN2F Easy-MCA-8k SN 09022236
AP# Maestro Version 7.01
$DATE_MEA:
02/09/2017 09:30:52
$MEAS_TIM:
17078 17113
$DATA:
0 8191
       0
       0
       0
       0
       0
       0
       0
       0
       0
       0
       0
       0
       0
       0
       0
       0
       0
       0
       0
       0
       0
       0
       0
       0
       0
       0
       0
       0
       0
       0
       0
       0
       0
       0
       0
       0
       0
       0
       0
       0
       0
       0
       0
       0
       0
       0
       0
       0
       0
       0
       0
       0
       0
       0
       0
       0
       0
       0
      10
      55
     145
     178
     196
     260
      59
      36
      75
     118
     188
    1015
    1434
    1338
    1291
    1324
    1381
    1376
    1350
    1287
    1388
    1365
    1344
    1434
    1427
    1490
    1432
    1522
    1565
    1582
    1581
    1586
    1679
    1614
    1673
    1835
    1808
    1864
    1937
    1982
    2035
    2009
    2110
    2173
    2162
    2164
    2136
    2257
    2260
    2327
    2326
    2364
    2350
    2463
    2469
    2584
    2615
    3139
    4410
    5474
    5083
    5364
    7152
    7653
    5314
    3435
    2986
    2880
    2647
    2557
    2529
    2629
    2752
    2615
    2651
    2652
    2868
    3620
    4307
    4677
    4041
    3292
    3306
    3431
    3133
    2712
    2738
    2756
    2722
    2596
    2786
    2849
    2910
    2707
    2702
    2661
    2611
    2613
    2710
    2612
    2686
    2746
    2699
    2667
    2721
    2669
    2660
    2624
    2704
    2671
    2638
    2699
    2702
    2760
    2690
    2664
    2583
    2581
    2607
    2585
    2508
    2624
    2642
    2556
    2706
    2523
    2523
    2626
    2670
    2586
    2534
    2533
    2586
    2490
    2502
    2401
    2585
    2522
    3348
    4682
    5062
    3783
    2702
    2541
    2380
    2334
    2402
    2378
    2426
    2450
    2433
    2487
    2388
    2334
    2291
    2373
    2379
    2312
    2313
    2280
    2297
    2308
    2413
    2518
    2521
    2257
    2239
    2154
    2121
    2215
    2143
    2236
    2207
    2131
    2076
    2112
    2117
    2112
    2112
    2016
    2073
    2032
    2029
    2043
    1967
    2080
    1971
    1995
    1998
    1999
    1932
    1973
    1933
    1918
    1888
    1874
    1873
    1836
    1873
    1901
    1837
    1814
    1814
    1760
    1721
    1771
    1784
    1846
    1736
    1700
    1762
    1638
    1725
    1692
    1640
    1646
    1600
    1623
    1699
    1639
    1670
    1631
    1624
    1569
    1607
    1627
    1585
    1535
    1605
    1640
    1585
    1556
    1574
    1462
    1525
    1506
    1460
    1522
    1586
    1439
    1465
    1487
    1545
    1633
    1605
    1572
    1523
    1456
    1349
    1377
    1423
    1475
    1398
    1441
    1354
    1339
    1394
    1396
    1317
    1328
    1281
    1309
    1289
    1369
    1371
    1365
    1300
    1290
    1279
    1279
    1315
    1324
    1267
    1219
    1266
    1246
    1290
    1235
    1232
    1250
    1237
    1310
    1274
    1246
    1190
    1209
    1209
    1205
    1164
    1176
    1108
    1115
    1173
    1181
    1167
    1131
    1138
    1111
    1096
    1168
    1089
    1079
    1120
    1105
    1149
    1130
    1117
    1071
    1081
    1052
    1084
    1075
    1017
    1078
    1069
    1082
    1046
    1074
    1007
    1042
    1006
    1034
    1017
    1050
     996
    1021
     950
    1042
    1281
    1875
    1924
    1527
    1195
    1059
    1139
    1213
    1011
     974
     984
     825
     892
     824
     901
     869
     860
     867
     845
     857
     831
     865
     779
     825
     853
     851
     790
     827
     854
     823
     808
     782
     862
     815
     787
     763
     793
     762
     754
     813
     742
     762
     734
     770
     741
     759
     767
     761
     738
     785
     753
     777
     780
     867
     823
     791
     749
     741
     727
     749
     724
     702
     697
     693
     773
     733
     706
     686
     644
     704
     639
     719
     707
     670
     683
     681
     667
     657
     666
     666
     649
     668
     668
     641
     652
     663
     616
     628
     631
     666
     712
     640
     788
     967
    1024
     958
     717
     685
     584
     641
     637
     693
     696
     679
     589
     566
     630
     577
     573
     606
     577
     560
     600
     595
     594
     539
     533
     525
     584
     571
     577
     553
     561
     540
     540
     578
     587
     567
     573
     562
     508
     569
     551
     486
     538
     549
     482
     564
     512
     533
     538
     519
     508
     546
     494
     502
     538
     603
     594
     545
     525
     507
     536
     518
     523
     495
     525
     486
     488
     513
     473
     519
     504
     624
     716
     695
     543
     519
     499
     479
     469
     483
     485
     514
     463
     464
     438
     490
     422
     472
     445
     464
     490
     510
     549
     899
    1210
    1289
     856
     520
     455
     438
     429
     465
     430
     408
     387
     417
     423
     452
     411
     435
     430
     406
     405
     428
     429
     399
     405
     393
     405
     428
     402
     410
     393
     396
     406
     402
     392
     393
     419
     398
     384
     366
     431
     424
     449
     373
     394
     413
     406
     389
     406
     356
     413
     405
     394
     409
     419
     374
     393
     374
     368
     404
     397
     402
     405
     406
     360
     399
     400
     389
     378
     355
     385
     387
     399
     330
     365
     405
     350
     340
     340
     341
     363
     349
     376
     358
     364
     365
     367
     362
     361
     351
     354
     363
     381
     327
     368
     372
     358
     381
     367
     357
     342
     336
     317
     322
     356
     344
     346
     333
     310
     345
     343
     329
     308
     302
     342
     335
     358
     345
     371
     359
     353
     323
     335
     345
     367
     348
     322
     314
     329
     314
     286
     299
     333
     306
     317
     305
     315
     322
     341
     331
     320
     327
     371
     335
     354
     294
     320
     311
     334
     348
     324
     280
     326
     310
     271
     338
     307
     328
     294
     273
     301
     354
     280
     309
     284
     277
     307
     295
     317
     307
     321
     313
     291
     267
     300
     296
     301
     293
     264
     305
     291
     291
     357
     354
     358
     356
     306
     280
     287
     312
     272
     324
     297
     282
     271
     262
     291
     298
     314
     307
     271
     294
     284
     286
     279
     288
     281
     293
     260
     280
     241
     264
     300
     275
     257
     281
     274
     258
     275
     275
     260
     277
     263
     241
     245
     248
     265
     242
     243
     250
     267
     246
     263
     276
     265
     256
     257
     239
     260
     238
     266
     235
     260
     252
     218
     252
     222
     270
     254
     257
     229
     243
     259
     247
     257
     255
     264
     290
     324
     433
     508
     648
     621
     524
     421
     353
     289
     236
     226
     234
     227
     249
     250
     241
     226
     219
     187
     227
     241
     229
     216
     205
     256
     233
     205
     235
     213
     219
     230
     229
     235
     214
     258
     228
     227
     265
     234
     251
     236
     229
     216
     239
     215
     236
     204
     234
     238
     211
     202
     231
     217
     237
     229
     225
     209
     223
     192
     213
     225
     227
     208
     207
     203
     192
     209
     206
     190
     216
     222
     211
     188
     222
     224
     202
     205
     196
     185
     234
     225
     230
     202
     195
     228
     205
     257
     238
     205
     221
     186
     204
     197
     208
     212
     187
     196
     210
     207
     218
     207
     212
     218
     201
     202
     215
     204
     193
     203
     207
     177
     206
     181
     213
     213
     188
     208
     215
     207
     331
     496
     668
     718
     473
     269
     201
     187
     181
     201
     198
     203
     179
     194
     186
     180
     212
     196
     193
     198
     179
     163
     190
     203
     193
     198
     192
     174
     175
     186
     184
     204
     187
     180
     148
     166
     165
     220
     199
     184
     192
     198
     276
     550
     876
    1011
     788
     416
     231
     175
     169
     171
     195
     201
     175
     180
     160
     196
     177
     147
     151
     150
     195
     168
     165
     178
     152
     165
     144
     157
     210
     164
     179
     165
     186
     164
     158
     185
     173
     161
     175
     139
     163
     189
     165
     177
     175
     172
     161
     162
     162
     155
     160
     156
     167
     163
     149
     166
     166
     165
     171
     159
     166
     150
     166
     156
     148
     163
     182
     174
     150
     142
     170
     178
     164
     148
     151
     174
     199
     162
     163
     184
     151
     172
     180
     171
     202
     338
     619
    1046
    1272
    1122
     643
     293
     180
     182
     160
     180
     201
     164
     163
     159
     153
     146
     158
     164
     166
     165
     155
     160
     139
     177
     142
     160
     150
     153
     145
     163
     143
     152
     171
     158
     141
     162
     146
     144
     133
     136
     159
     150
     150
     168
     141
     150
     161
     129
     151
     154
     135
     148
     164
     137
     140
     148
     138
     140
     128
     143
     157
     163
     141
     137
     161
     130
     150
     136
     141
     157
     151
     170
     156
     155
     127
     126
     137
     139
     170
     146
     149
     145
     126
     156
     146
     131
     150
     153
     155
     144
     166
     131
     112
     155
     132
     158
     133
     134
     161
     175
     131
     147
     132
     156
     150
     141
     145
     177
     200
     257
     264
     202
     142
     153
     152
     125
     140
     125
     135
     128
     127
     114
     128
     129
     142
     140
     145
     133
     135
     113
     112
     138
     133
     135
     159
     140
     127
     151
     137
     128
     132
     142
     117
     127
     149
     111
     120
     144
     131
     153
     146
     118
     152
     124
     141
     134
     146
     133
     128
     116
     170
     116
     131
     141
     134
     115
     119
     132
     155
     157
     116
     128
     155
     134
     149
     194
     226
     209
     160
     117
     121
     159
     142
     141
     140
     140
     149
     139
     129
     122
     119
     122
     130
     129
     107
     138
     114
     130
     133
     124
     136
     122
     143
     130
     161
     153
     142
     131
     130
     134
     116
     115
     107
     110
     118
     129
     110
     151
     154
     158
     187
     167
     150
     127
     101
     134
     111
     113
     132
     104
     106
     119
     109
     106
     117
     126
     130
     145
     153
     166
     120
     121
      99
     129
     125
     126
     101
     104
      98
     113
     118
     124
     126
     124
     112
     110
      96
     111
     115
     113
     113
     121
     103
     125
     108
     120
     107
     105
     119
     132
     120
     140
     122
     129
     115
     120
     118
     140
     121
     132
     127
     128
     113
     109
     101
     138
     129
     108
     125
     110
     119
     121
     111
     114
     158
     124
     120
     102
     128
      99
     116
     107
     112
      98
     112
     108
     114
     101
     100
     104
     100
     106
     113
     125
     125
     110
     109
      99
     148
     113
      95
     101
     117
     131
     130
     163
     186
     163
     162
     123
     110
     102
      99
     110
     123
     119
     112
     115
     128
      95
     106
     104
     105
     103
     119
     120
     117
     125
     119
     121
     127
     117
      98
     115
     108
     108
     117
     118
     123
     116
      99
     115
      94
     121
      86
     124
      96
     107
     115
     111
     109
     107
      96
      90
     118
     103
      89
      99
     104
     106
     107
     123
     118
     104
     101
      99
      99
     106
     101
     108
     108
     113
     110
     123
     107
      98
     112
     137
     102
     101
      93
     107
     104
      98
     133
     153
     188
     311
     412
     489
     386
     232
     146
     111
     114
      86
     114
     115
      92
      88
      92
      70
     104
     111
     117
     108
      87
      86
     101
     106
     107
      85
     101
      88
      94
     105
      96
     114
     102
      91
     104
      98
     108
     111
     119
     122
     164
     148
     112
      91
      98
      97
     106
      87
     112
      95
     106
      98
     116
      93
      95
     106
      95
      86
      97
     107
     104
     121
     106
     103
     111
     141
     125
     135
     114
     124
     122
     106
      90
      94
     107
     106
     119
     110
      87
     101
     104
      97
      97
     102
     105
     115
     101
     100
     126
     140
     173
     142
     146
     118
     137
     228
     293
     325
     260
     202
     119
     110
      79
      92
      97
     107
      96
      90
      95
      99
      88
     106
      93
      94
      95
     105
     108
      92
      95
      84
      69
      87
      95
      83
     102
      89
     103
      99
      83
      93
     113
      79
     109
     101
     113
      79
      93
      95
      80
      86
     106
      83
     107
      86
      87
     102
     114
      93
     108
     110
      95
     116
      94
      91
      86
      81
      80
      86
     107
      78
     101
      87
     101
     111
      95
      81
      91
      79
     100
      75
      92
     107
      92
      82
      82
     101
      92
      92
      94
      92
     101
     106
      78
      99
      92
      90
      80
      86
      92
      91
     101
      99
     101
      85
      88
      87
      99
      92
      74
      94
     102
      92
      87
     101
      92
      83
      94
      81
     105
      94
      80
      94
      90
      80
      82
      91
     106
      97
     101
      95
      86
     106
      87
     100
      78
      85
      84
      72
      88
      81
     105
      92
      95
      93
      95
      81
      94
      83
      80
      93
      88
      77
      95
      89
      78
     103
      81
      87
      96
     100
      75
     109
      75
      97
      90
     101
      80
      99
      83
      85
      88
      90
     111
      94
     110
      71
      83
      85
     107
      92
      93
      76
      99
     101
      86
     103
     110
      79
      88
     101
      96
      85
      91
      78
      86
      98
      91
      92
     102
      79
      76
     101
      92
     106
      76
      86
      73
      81
      96
      94
     111
      91
      98
      81
      92
      96
      93
      92
     109
      68
      89
      99
      70
      79
      93
      84
      97
     108
      95
      87
      79
      96
      92
      95
      86
     105
     103
      76
      98
      94
     109
     108
      99
     100
      83
      94
      93
     100
      90
      99
     116
     161
     240
     281
     305
     262
     163
     100
      92
      84
      87
      98
      98
      88
      88
     100
      88
      98
      87
      88
      90
      85
      90
      76
     105
      96
      80
      99
      88
     103
      81
     102
      96
      98
      95
      87
      99
     100
      90
     101
      72
      99
      95
      99
      87
      90
      86
      91
      95
     101
      97
     112
      77
      86
      81
      96
      94
      98
     111
     101
     118
     125
     128
     107
      93
      88
     111
      88
      86
      89
      88
     124
      73
      93
     109
      91
      96
      88
      92
      87
      92
     109
      96
     106
      89
      95
     105
     110
     111
     126
     116
     118
      98
      87
      87
      88
      89
      90
     105
      81
     104
     102
     105
      81
     100
     107
      93
     101
     104
     102
     109
     109
     105
     109
     104
      92
      84
      96
     102
      86
      78
      97
     100
      88
     105
      82
     105
      96
     106
      84
     102
      93
      94
     104
      92
      95
      94
      99
      82
     110
     117
      86
      97
      94
     116
      92
      98
      99
     122
      92
      92
     113
      95
     104
     104
     106
      93
      82
     103
      95
      98
      95
      95
     124
     104
     101
      85
     120
     103
      98
      89
      81
     109
     104
     111
      94
      94
      88
      98
      89
      94
     116
      96
     103
      93
     107
      92
     106
      88
     107
     116
     119
     107
     127
     151
     187
     180
     159
     107
      95
     103
      95
     102
      84
      89
     104
      82
      67
      76
      90
      83
      91
      93
      84
      85
      71
      80
      80
      77
      77
      79
      79
      60
      65
      80
      80
      70
      62
      82
      64
      72
      64
      83
      60
      58
      71
      91
      80
      66
      76
      71
      66
      60
      71
      68
      69
      83
      58
      63
      64
      72
      67
      63
      64
      53
      75
      51
      62
      74
      76
      65
      71
      71
      74
      80
      77
      89
      76
      54
      54
      76
      48
      59
      58
      56
      62
      62
      44
      71
      58
      66
      54
      58
      70
      66
      55
      48
      60
      52
      44
      65
      49
      70
      69
      58
      66
      45
      61
      47
      65
      61
      46
      44
      59
      45
      52
      67
      50
      44
      54
      47
      56
      47
      57
      43
      57
      55
      51
      54
      65
      46
      51
      59
      48
      60
      34
      50
      51
      62
      47
      50
      51
      54
      47
      43
      45
      44
      49
      48
      49
      53
      43
      42
      44
      51
      51
      44
      64
      56
      57
      59
      49
      58
      53
      42
      36
      54
      44
      36
      43
      36
      41
      43
      44
      44
      45
      35
      49
      48
      43
      39
      36
      38
      49
      31
      33
      39
      43
      42
      30
      43
      24
      34
      48
      36
      44
      40
      47
      43
      36
      31
      36
      40
      32
      48
      43
      37
      34
      27
      46
      41
      36
      30
      44
      41
      41
      38
      35
      28
      34
      34
      32
      33
      35
      43
      38
      30
      32
      39
      49
      47
      52
      69
     101
      82
      56
      47
      39
      31
      34
      35
      36
      33
      33
      48
      42
      49
      41
      34
      31
      31
      25
      38
      26
      28
      29
      39
      38
      39
      25
      35
      31
      30
      29
      41
      33
      21
      31
      25
      47
      32
      54
      46
      45
      39
      35
      32
      42
      42
      41
      43
      54
      52
      57
      46
      32
      29
      35
      33
      35
      41
      34
      33
      29
      30
      24
      33
      24
      25
      26
      24
      32
      34
      28
      32
      28
      31
      24
      29
      26
      19
      17
      26
      28
      28
      35
      27
      21
      25
      29
      26
      37
      18
      21
      46
      21
      23
      33
      25
      30
      27
      40
      30
      30
      31
      27
      34
      34
      37
      30
      30
      35
      42
      29
      30
      35
      23
      24
      25
      19
      26
      33
      29
      30
      40
      30
      31
      38
      34
      33
      62
      85
     124
     182
     338
     634
    1161
    1938
    2705
    2712
    1926
     976
     361
      97
      24
      15
      16
      24
      19
      20
      17
      20
      19
      14
      12
      16
      17
      17
      23
      15
      14
      16
      21
      20
      24
      21
      16
      22
      11
      11
      10
      25
      25
      16
      20
      16
      20
      23
      15
      21
      13
      24
      13
      25
      18
      29
      16
      26
      16
      20
      12
      17
      19
      17
      19
      35
      33
      26
      19
      17
      12
      18
      21
      14
      20
      21
      24
      22
      16
      18
      16
      18
      15
      18
      21
      39
      34
      48
      44
      33
      27
      17
      16
      25
      19
      19
      21
      20
      13
      21
      22
      13
      17
      20
      31
      26
      15
      13
      19
      12
      13
      19
      20
      15
      21
      18
      15
      16
      16
      13
      13
      17
      17
      20
      22
      16
      13
      15
      18
      23
      24
      18
      14
      33
      19
      26
      26
      21
      17
      16
      19
      14
       7
      12
      20
      23
      12
      16
      19
      16
      11
      17
      14
      11
      14
      16
      15
      20
      10
      16
      19
      13
      14
      15
       7
      13
      18
      19
      19
      17
      16
      12
      14
      16
      12
      15
      13
       9
      16
      11
      11
       9
      14
      12
       9
      19
      12
       8
      16
      14
      17
      15
      14
      14
       8
      13
      14
      10
      12
      16
      23
      28
      19
      13
      29
      29
      28
      21
      28
      20
      24
      23
      23
      29
      42
      46
      57
      64
      32
      38
      25
      24
      45
      58
      53
      44
      30
      21
      22
      16
      17
      16
      22
      13
      12
      15
      26
      13
      11
      17
      11
      17
      10
      12
       6
      18
      11
       8
      11
      18
      14
      13
      10
      12
      11
       9
       8
      21
      11
      11
       9
      12
      13
      11
      19
      18
      12
      22
      23
      31
      22
      23
      18
      19
      15
      13
      14
      12
      14
      11
       9
      12
      16
      23
      27
      32
      27
      22
      17
      16
      19
       8
      15
      15
       9
      13
      11
      13
      11
      16
      16
      12
      16
      13
      13
      15
      13
      11
       8
      13
      14
      12
      14
      18
      11
      13
      10
      14
       9
      14
       9
      12
      12
       3
       9
      12
      13
      12
      22
      10
      14
      13
      11
      14
      17
      24
      25
      13
      12
       9
       8
      19
      15
      11
      11
       7
      11
      18
      17
      10
      10
      16
      14
       8
      14
       8
       7
      11
      15
      13
      10
      15
      10
       6
       8
      11
      18
      14
      14
      10
      14
      21
       6
      17
      13
      17
       9
      16
      16
      16
      12
      10
      10
      13
      15
      12
      15
      21
       5
      16
      11
      11
       6
       9
      12
       8
       9
      16
      16
       9
      13
      13
       8
      10
      12
      13
       9
       7
       8
      14
       9
       6
      10
      11
       7
      13
       5
       8
       6
       9
       7
      12
       6
      13
      15
      13
      11
      11
      10
       6
      12
      10
       5
       9
       6
      11
       9
       9
      13
      18
      19
      12
       9
      21
      36
      27
      44
      38
      41
      18
       9
       8
       8
       6
      12
      13
      11
      10
      10
      12
      14
      13
       8
       8
      16
       9
      10
       7
      13
      10
       6
       7
      13
       7
       6
      13
       8
       8
       9
       4
      11
      14
       6
       8
       8
      11
      15
       8
      11
       9
       8
       4
      12
      14
      10
      10
      14
       5
      33
      51
      48
      98
     144
     171
     168
     128
      79
      25
      15
       8
       9
      11
       7
       7
       7
      14
       9
      11
       9
       9
      14
       8
       9
       9
       7
       8
       9
       9
      11
      15
      10
       3
      10
       8
      10
       9
      10
      14
      10
       7
      11
       2
       8
       7
      10
      11
       8
       8
       7
       5
      13
       6
      13
      10
      11
       5
       6
      10
       7
       3
       7
       5
       9
      10
      11
      12
       9
      11
      11
       7
       6
      12
       6
      10
       9
       9
      14
      10
      12
       8
       6
       8
      12
       8
       6
      14
       8
       4
       9
       6
      12
      16
       9
       7
      12
      15
       9
      14
      12
      12
      11
      10
      14
      10
       9
       8
      11
       7
      10
      13
       4
      10
       7
      16
       9
       7
      11
      10
      13
       7
       7
       6
       9
       9
      13
      17
      13
       9
      10
       8
      11
      13
      10
      15
      12
      20
      17
      23
      29
      42
      33
       9
      14
       7
      10
      10
       8
       6
       7
       9
      14
       7
      12
       4
       7
      10
       7
       6
      11
       8
       7
      10
      11
       7
      11
       8
       9
      12
       7
       8
      16
      11
       9
      11
      11
      12
      12
       7
       8
      14
       5
       7
       9
       6
      10
       3
       9
       7
      12
       8
      14
      10
      10
      11
       9
      11
       5
       7
      10
      11
       8
       8
      12
      14
      10
       9
       5
      10
       9
      10
      15
      10
      13
       7
       7
       5
      17
       8
      11
      11
       8
      11
       6
       9
       7
       9
       9
      10
       9
      10
      14
      12
       8
      13
      10
      10
      18
      11
       7
       5
       8
      14
      10
      11
      11
       9
      12
       7
       9
       7
      12
       8
       7
       8
       9
      13
      10
       8
       8
      19
       2
      10
       8
      10
      14
       7
       6
      17
       8
       9
      12
      14
       8
       6
       9
       6
       6
      13
       9
       8
       7
      16
      11
      15
       7
       4
       9
       9
      10
      12
       8
       8
       6
       6
      10
      14
      13
       7
       5
       7
      10
       4
      12
       9
       9
       7
      13
      12
       8
      11
      11
      11
      14
       6
      12
      13
      13
      11
      14
      11
      13
      11
       6
      10
       4
      14
       6
       7
      15
      12
       9
      10
       6
      13
       7
       9
       5
      10
       7
      11
      12
       7
      11
      10
      13
       7
       7
       6
      11
      13
      10
       7
       6
       9
       8
       6
       9
       9
       5
      15
       7
      11
       9
       4
       9
       6
       5
      10
       5
       5
       7
      13
      11
       9
      12
      11
       3
      12
       6
       8
      10
      11
       4
       7
      10
      12
      10
      11
       6
      11
       5
       7
       9
       2
       9
       5
       9
      12
       5
       8
       5
      10
       8
      12
       9
      11
      10
       2
       5
      10
       9
       7
       4
       9
       8
       7
       9
       7
      10
       8
       8
      13
       8
       6
       6
       9
       7
       9
       9
      11
      10
       8
       8
       7
       8
       9
       8
       4
       8
       5
      12
       6
       9
       9
       9
       4
       5
       7
       7
       6
       9
       7
       7
       8
      10
       9
       8
      11
      10
       5
       9
       8
       8
       8
      11
       5
      13
       8
      12
       7
       8
       7
      10
      10
       7
      14
       7
      12
       8
       8
       4
       7
       9
       4
       2
       8
       4
       8
       5
       7
       9
      10
       6
       9
       9
      10
      10
      10
       4
       7
       6
      10
      11
       6
      12
      10
       6
      13
      13
      11
       6
      10
       9
       7
       8
       7
      11
       7
       3
      12
       7
       9
       6
       8
       9
       4
       7
       4
       6
       7
       8
      11
       5
       9
       9
       3
       8
       8
      10
       7
       8
       9
       9
       6
       5
       8
       8
      10
      11
      11
      15
      18
      29
      33
      30
      40
      40
      50
      38
      28
      19
      10
      11
      13
      10
       8
       6
       5
      10
      12
       5
      10
      16
      10
       7
       5
      10
      12
      13
      23
      21
      17
      18
      13
      10
       7
       6
      11
      12
       9
      10
      12
       6
       4
       7
      10
       9
      10
      11
       6
       2
       9
       2
       3
      11
       9
       5
       7
       8
       8
       9
       4
       4
       9
      12
       9
       5
      15
       6
       7
       9
       6
      11
       6
       3
       8
       5
       7
      10
      11
       4
       2
       7
       9
       9
       5
       6
       7
       6
       9
      10
       6
       7
       8
       5
       7
       9
       6
       6
       5
       6
      12
       4
       4
      10
      10
      12
       8
       7
       8
       7
       9
      14
       7
      15
       5
       9
      10
       9
      11
       9
       7
      10
       4
       8
      11
       7
       4
      10
      12
      11
       7
       8
       8
       9
      12
      11
      16
       9
      13
      13
      13
      13
       8
       8
       8
       7
       4
       9
       9
      12
       8
      10
       2
       5
      11
       7
       7
       6
       6
       6
       9
      12
      11
      13
      15
      22
      28
      44
      47
      51
      46
      34
      15
      14
       8
       5
       5
       9
       5
       4
       6
       6
      11
      14
       8
      11
      11
      10
       6
       9
       8
      12
       6
       5
       8
       9
       5
       7
       6
      11
       9
      13
       8
       8
       8
       6
      14
       7
       6
       9
       9
       9
      13
      10
       6
       8
       8
      11
       6
       6
       5
       8
       6
       9
      12
      11
       6
       8
       6
       8
       8
       3
       7
      17
       3
       6
      11
      10
       8
      11
       7
       7
      11
       6
       9
      13
       6
       5
       9
      10
      10
      14
       8
       3
      12
       9
       6
      17
       6
      12
       9
      13
      10
       7
       4
      12
       8
       2
       7
       5
      11
       5
       9
      10
       7
      11
       7
       5
      12
      10
      12
      10
       9
      11
       7
       5
       6
       7
       7
       8
       6
      16
      15
      11
      10
       7
       9
       8
       8
      13
       8
      10
      10
       4
      14
      13
      11
      10
       4
      10
       7
       5
       5
      12
      10
      14
       7
      13
      10
      11
      13
      11
      11
       9
      10
       7
      12
      11
       8
       9
       8
      10
       9
       9
       7
       8
       5
       5
      10
      12
       7
      10
       9
       5
      14
      13
      10
       7
       7
      12
       8
       6
      10
       6
      12
      10
       8
       8
       8
      15
       4
       5
      15
       6
      10
       7
       7
       9
       7
       8
      12
      12
      15
      12
       8
      10
       6
       8
       7
      10
      10
       9
      14
       7
       8
       6
      11
       9
      13
      11
       6
       8
       9
       2
       6
      13
      11
       8
      11
      10
      13
      13
      13
       8
      10
       8
      12
      12
       7
       8
      10
      10
      12
      19
      12
      13
       7
       7
      11
      12
       9
       9
       8
      14
      11
       9
      16
      13
      10
      13
      14
      13
       9
      11
      10
       9
       8
      13
      13
      15
       7
       9
       5
      10
       3
       9
      20
       9
       3
      11
       8
       7
       7
      10
       5
       9
       9
      12
       6
       4
       9
       6
       4
       7
      11
      13
       8
       8
       5
       5
       8
       7
       4
       3
       4
       9
      12
      10
       9
      10
       8
       5
       4
       8
       9
       9
       4
       9
       3
       9
       7
       5
       5
       9
       8
       4
       3
       2
       3
       9
       6
       4
       8
       6
       3
       5
       6
       9
       6
       6
       8
       9
       4
       1
       3
       6
       1
       9
       6
       4
       4
       4
       6
       4
       7
       7
       5
       9
       4
       6
       6
       5
       7
       5
       8
       9
       2
       8
       6
       1
       5
       7
       6
       2
       7
       4
      15
       5
       6
       1
       5
       5
       5
       4
       5
       2
      11
       9
      10
       6
       7
       5
       8
      12
      18
      15
      26
      15
      11
       8
       2
       4
       5
       7
       3
       1
       4
       4
       5
       5
       5
       5
       2
       7
       3
       6
       3
       7
       7
       2
       6
       7
       4
       5
       6
       2
       3
       4
       5
       6
       5
       2
       4
       7
       5
       6
       6
       2
       3
       6
       6
       5
       2
       6
       2
       5
       4
       3
       5
       6
       4
       0
       5
       4
       2
       5
       1
       5
       2
       3
       4
       1
       4
       4
       5
       1
       2
       6
       2
       3
       7
       1
       0
       1
       5
       4
       2
       0
       0
       0
       6
       2
       3
       1
       3
       3
       1
       5
       2
       2
       3
       2
       2
       2
       2
       4
       1
       0
       3
       2
       1
       0
       3
       3
       0
       2
       3
       5
       2
       1
       0
       0
       0
       4
       1
       4
       2
       4
       1
       0
       1
       3
       1
       2
       1
       3
       1
       2
       0
       5
       1
       1
       0
       2
       3
       2
       2
       0
       4
       1
       3
       2
       3
       1
       2
       2
       2
       3
       2
       2
       0
       3
       1
       1
       1
       0
       2
       1
       0
       2
       1
       0
       2
       0
       1
       1
       4
       1
       1
       3
       2
       1
       3
       1
       3
       1
       0
       0
       2
       1
       2
       1
       1
       2
       0
       3
       2
       3
       2
       2
       2
       2
       3
       4
       3
       0
       4
       3
       1
       4
       0
       2
       0
       2
       1
       1
       0
       1
       4
       1
       7
       1
       3
       0
       2
       5
       0
       1
       1
       4
       1
       1
       0
       2
       2
       1
       0
       0
       2
       0
       0
       1
       2
       0
       1
       2
       1
       3
       1
       3
       1
       2
       1
       0
       0
       1
       1
       1
       2
       1
       0
       1
       0
       6
       5
       4
       6
      10
      19
      21
      30
      27
      48
      79
     101
     159
     203
     266
     292
     236
     127
      90
      28
       6
       2
       1
       0
       1
       0
       0
       0
       4
       1
       1
       0
       0
       1
       1
       1
       0
       1
       0
       0
       0
       0
       0
       0
       1
       0
       0
       0
       1
       2
       0
       1
       0
       1
       0
       0
       1
       1
       0
       0
       0
       1
       1
       0
       2
       0
       0
       0
       1
       2
       0
       0
       1
       0
       0
       0
       0
       2
       0
       0
       1
       0
       0
       1
       0
       0
       0
       0
       0
       0
       0
       1
       1
       0
       0
       1
       0
       0
       0
       1
       1
       1
       2
       2
       0
       1
       1
       1
       2
       1
       1
       2
       1
       1
       0
       1
       1
       1
       1
       1
       0
       2
       1
       0
       0
       0
       1
       1
       0
       0
       0
       0
       0
       1
       1
       0
       0
       1
       1
       0
       0
       1
       1
       0
       1
       1
       1
       1
       1
       0
       0
       1
       0
       1
       0
       0
       1
       0
       0
       0
       0
       0
       0
       0
       1
       1
       0
       0
       0
       1
       1
       0
       0
       2
       0
       2
       0
       0
       0
       0
       0
       1
       0
       1
       1
       0
       0
       0
       1
       1
       0
       0
       0
       0
       0
       1
       1
       1
       0
       0
       0
       0
       0
       0
       1
       0
       0
       0
       1
       0
       0
       0
       1
       0
       1
       1
       0
       0
       0
       0
       1
       2
       0
       0
       0
       0
       0
       0
       1
       0
       0
       0
       0
       2
       0
       0
       0
       1
       0
       0
       0
       0
       0
       1
       0
       1
       1
       0
       1
       0
       0
       0
       0
       2
       1
       1
       1
       1
       0
       1
       0
       0
       1
       0
       1
       0
       1
       1
       1
       1
       0
       0
       1
       0
       0
       1
       0
       0
       0
       0
       0
       0
       0
       1
       0
       0
       0
       1
       1
       0
       1
       1
       1
       0
       1
       0
       2
       0
       0
       1
       0
       0
       1
       1
       0
       0
       0
       1
       1
       0
       1
       0
       0
       0
       1
       1
       1
       1
       0
       0
       0
       1
       1
       0
       1
       0
       1
       1
       0
       1
       1
       1
       3
       0
       0
       0
       2
       0
       0
       1
       0
       0
       1
       0
       0
       1
       1
       1
       0
       1
       0
       0
       1
       0
       1
       0
       0
       0
       0
       1
       0
       0
       2
       0
       0
       0
       4
       0
       2
       2
       0
       0
       0
       0
       0
       0
       0
       0
       0
       0
       0
       1
       0
       0
       2
       0
       0
       1
       1
       1
       0
       0
       1
       0
       0
       0
       1
       0
       2
       0
       0
       1
       1
       0
       0
       1
       0
       0
       1
       1
       0
       0
       0
       0
       0
       1
       0
       0
       1
       0
       0
       0
       1
       2
       0
       0
       0
       0
       0
       1
       0
       1
       0
       1
       1
       0
       1
       1
       1
       0
       0
       0
       0
       0
       2
       0
       1
       3
       0
       1
       0
       0
       2
       0
       0
       0
       1
       1
       0
       0
       1
       0
       1
       0
       1
       1
       0
       1
       1
       1
       0
       0
       1
       1
       1
       0
       1
       0
       0
       0
       1
       0
       1
       0
       0
       0
       1
       1
       0
       0
       1
       0
       3
       1
       1
       1
       0
       0
       0
       0
       1
       0
       0
       0
       0
       0
       1
       1
       0
       0
       1
       0
       1
       0
       0
       1
       0
       0
       0
       0
       0
       1
       0
       0
       0
       1
       0
       0
       0
       0
       0
       0
       1
       0
       0
       2
       2
       2
       1
       0
       0
       0
       2
       0
       0
       0
       0
       0
       0
       0
       1
       1
       0
       0
       2
       0
       1
       1
       1
       0
       1
       0
       0
       0
       0
       0
       0
       0
       0
       1
       0
       1
       1
       1
       0
       0
       0
       0
       2
       1
       1
       0
       0
       1
       0
       1
       0
       0
       2
       0
       2
       1
       0
       0
       0
       1
       1
       0
       0
       0
       0
       0
       0
       0
       0
       0
       0
       1
       1
       0
       0
       0
       0
       0
       0
       1
       1
       2
       0
       0
       3
       0
       0
       0
       0
       0
       0
       1
       1
       0
       1
       0
       1
       0
       0
       0
       0
       1
       1
       0
       0
       0
       0
       0
       0
       0
       1
       0
       0
       0
       0
       0
       0
       1
       0
       0
       1
       2
       1
       0
       0
       0
       0
       0
       0
       0
       0
       0
       2
       0
       1
       0
       0
       0
       0
       0
       0
       0
       0
       1
       0
       1
       1
       1
       0
       2
       0
       1
       0
       0
       2
       1
       0
       0
       0
       0
       0
       1
       0
       0
       0
       0
       0
       1
       1
       0
       1
       1
       0
       1
       1
       0
       1
       0
       0
       0
       1
       0
       0
       0
       0
       1
       0
       0
       0
       0
       1
       0
       1
       1
       0
       1
       0
       1
       0
       1
       0
       0
       0
       0
       0
       0
       1
       0
       1
       0
       0
       0
       0
       0
       2
       2
       0
       1
       1
       0
       0
       0
       0
       0
       0
       0
       0
       0
       0
       0
       0
       0
       1
       0
       1
       0
       1
       0
       0
       3
       0
       0
       0
       0
       0
       0
       0
       0
       1
       2
       0
       0
       1
       0
       0
       0
       0
       0
       1
       1
       0
       0
       0
       1
       0
       0
       0
       0
       0
       0
       1
       0
       1
       1
       0
       2
       0
       1
       0
       0
       1
       0
       0
       1
       1
       0
       0
       0
       1
       0
       2
       0
       0
       0
       2
       0
       0
       1
       1
       0
       0
       0
       0
       0
       1
       0
       0
       1
       0
       0
       1
       0
       2
       0
       0
       0
       1
       0
       1
       0
       1
       0
       0
       0
       0
       0
       0
       0
       0
       0
       2
       0
       1
       0
       0
       0
       0
       0
       1
       0
       0
       1
       2
       1
       0
       0
       0
       0
       0
       0
       0
       1
       0
       0
       0
       0
       1
       0
       1
       1
       0
       0
       0
       0
       0
       0
       0
       0
       1
       0
       0
       0
       0
       1
       1
       1
       0
       0
       0
       0
       1
       1
       1
       0
       0
       0
       1
       0
       0
       1
       0
       0
       0
       0
       0
       0
       0
       0
       0
       1
       0
       1
       0
       0
       0
       1
       0
       1
       0
       0
       1
       1
       1
       1
       0
       0
       1
       1
       0
       0
       0
       2
       1
       0
       0
       0
       0
       0
       0
       0
       1
       0
       0
       2
       1
       0
       1
       1
       1
       2
       0
       0
       0
       1
       0
       0
       0
       0
       1
       0
       0
       0
       0
       1
       0
       1
       1
       1
       0
       0
       0
       0
       1
       0
       0
       0
       0
       2
       1
       0
       0
       1
       1
       1
       0
       1
       2
       1
       0
       0
       1
       1
       0
       0
       0
       1
       0
       0
       0
       0
       0
       0
       1
       0
       0
       0
       0
       1
       0
       1
       0
       0
       1
       0
       0
       2
       0
       0
       0
       0
       0
       1
       0
       1
       1
       1
       0
       0
       0
       0
       1
       0
       0
       0
       0
       3
       0
       0
       0
       0
       1
       0
       1
       0
       1
       0
       1
       0
       2
       0
       3
       0
       0
       1
       1
       0
       2
       0
       0
       2
       1
       1
       0
       1
       1
       1
       0
       0
       0
       2
       0
       1
       0
       2
       0
       1
       0
       0
       0
       0
       1
       0
       0
       1
       0
       0
       0
       0
       0
       0
       0
       0
       0
       0
       2
       0
       0
       0
       0
       1
       0
       0
       0
       0
       0
       0
       0
       1
       0
       0
       0
       0
       0
       0
       0
       0
       0
       1
       0
       0
       2
       1
       0
       0
       0
       0
       1
       0
       0
       1
       1
       1
       0
       0
       0
       0
       1
       0
       0
       0
       0
       2
       0
       0
       0
       1
       0
       1
       0
       0
       1
       0
       0
       0
       0
       1
       0
       0
       0
       1
       0
       0
       1
       0
       0
       0
       0
       0
       1
       0
       0
       0
       0
       1
       0
       0
       0
       0
       0
       0
       0
       0
       0
       0
       0
       0
       2
       0
       1
       2
       0
       0
       1
       0
       0
       0
       0
       0
       2
       0
       0
       0
       0
       0
       1
       0
       0
       0
       0
       0
       0
       0
       0
       0
       1
       0
       1
       0
       0
       0
       0
       1
       0
       0
       0
       1
       0
       0
       0
       1
       1
       0
       0
       0
       0
       0
       2
       0
       0
       0
       0
       0
       0
       0
       1
       0
       2
       0
       0
       0
       0
       0
       0
       0
       0
       0
       0
       0
       1
       0
       1
       1
       0
       1
       0
       0
       0
       0
       0
       0
       0
       0
       0
       0
       0
       0
       1
       1
       0
       0
       0
       1
       1
       0
       0
       0
       0
       0
       0
       1
       0
       2
       0
       0
       1
       0
       0
       0
       0
       0
       1
       0
       1
       1
       0
       0
       1
       0
       0
       0
       0
       0
       1
       0
       0
       1
       0
       0
       0
       0
       1
       0
       1
       1
       0
       0
       0
       1
       1
       0
       1
       1
       2
       0
       1
       1
       0
       0
       0
       1
       1
       1
       0
       0
       0
       0
       0
       0
       1
       0
       0
       0
       0
       0
       1
       0
       0
       0
       0
       0
       0
       1
       1
       0
       0
       0
       0
       0
       0
       0
       0
       0
       0
       0
       0
       0
       0
       1
       1
       0
       0
       0
       1
       2
       0
       0
       0
       0
       3
       1
       0
       1
       1
       0
       0
       0
       0
       0
       0
       0
       0
       2
       0
       0
       0
       0
       1
       0
       0
       0
       0
       0
       1
       1
       0
       0
       0
       0
       1
       0
       0
       1
       0
       0
       0
       0
       2
       0
       0
       0
       0
       1
       0
       0
       1
       1
       0
       1
       0
       0
       0
       0
       0
       0
       0
       0
       0
       2
       0
       0
       0
       0
       1
       1
       0
       1
       0
       0
       0
       1
       0
       0
       0
       1
       0
       0
       1
       0
       0
       0
       1
       1
       0
       0
       0
       0
       0
       0
       0
       0
       0
       0
       0
       0
       0
       0
       0
       3
       0
       0
       0
       0
       0
       2
       0
       0
       2
       1
       1
       0
       1
       0
       0
       0
       0
       0
       0
       0
       0
       1
       0
       0
       0
       0
       0
       0
       0
       0
       1
       0
       0
       0
       0
       0
       0
       0
       0
       0
       1
       0
       1
       1
       0
       0
       0
       0
       1
       0
       0
       0
       0
       0
       0
       1
       0
       0
       0
       0
       0
       0
       0
       0
       0
       0
       1
       2
       0
       0
       0
       0
       0
       1
       0
       0
       1
       0
       0
       0
       0
       0
       1
       0
       0
       0
       0
       0
       0
       0
       0
       1
       0
       1
       1
       0
       0
       0
       0
       1
       0
       3
       0
       0
       0
       1
       0
       1
       0
       0
       1
       0
       0
       0
       0
       0
       0
       0
       0
       0
       0
       0
       0
       0
       0
       0
       0
       0
       0
       0
       0
       0
       0
       0
       0
       0
       0
       1
       0
       1
       1
       0
       0
       0
       1
       0
       0
       1
       1
       0
       0
       0
       0
       0
       0
       1
       1
       1
       0
       0
       0
       1
       0
       0
       0
       1
       0
       2
       0
       0
       0
       0
       0
       0
       1
       1
       1
       0
       0
       0
       1
       0
       1
       1
       0
       0
       0
       0
       0
       0
       1
       0
       0
       0
       0
       0
       0
       0
       0
       1
       0
       1
       0
       0
       0
       0
       0
       0
       0
       0
       0
       0
       1
       0
       0
       0
       0
       0
       1
       0
       1
       0
       0
       0
       0
       1
       0
       0
       0
       0
       0
       2
       0
       1
       0
       1
       3
       0
       0
       0
       0
       0
       1
       0
       0
       1
       1
       0
       1
       0
       0
       0
       0
       0
       0
       0
       1
       0
       0
       0
       0
       0
       1
       1
       0
       0
       0
       0
       0
       0
       0
       0
       1
       1
       0
       0
       0
       0
       0
       0
       0
       0
       0
       0
       0
       0
       0
       0
       0
       0
       1
       0
       0
       0
       1
       0
       0
       0
       1
       1
       0
       1
       0
       0
       0
       1
       1
       0
       0
       0
       0
       0
       2
       1
       0
       0
       0
       1
       0
       0
       1
       0
       0
       0
       0
       0
       0
       0
       1
       1
       0
       0
       0
       0
       0
       1
       0
       0
       0
       0
       1
       0
       0
       0
       0
       0
       0
       0
       0
       0
       1
       1
       0
       1
       1
       0
       0
       0
       1
       1
       0
       0
       0
       0
       2
       0
       0
       0
       1
       0
       1
       0
       1
       2
       0
       0
       0
       0
       0
       0
       0
       0
       1
       0
       1
       0
       2
       0
       1
       0
       0
       0
       0
       0
       0
       0
       1
       1
       0
       0
       0
       0
       1
       0
       1
       0
       0
       1
       0
       2
       1
       0
       1
       0
       1
       1
       0
       0
       1
       2
       0
       0
       0
       0
       0
       0
       0
       0
       0
       0
       2
       0
       0
       0
       1
       1
       0
       0
       0
       0
       0
       0
       1
       0
       1
       0
       0
       0
       2
       1
       0
       1
       0
       0
       0
       0
       0
       0
       0
       0
       0
       0
       0
       0
       1
       0
       1
       0
       0
       0
       0
       0
       0
       0
       1
       0
       0
       0
       0
       0
       0
       0
       0
       1
       2
       1
       0
       0
       0
       0
       0
       1
       0
       1
       0
       0
       0
       0
       1
       0
       2
       0
       1
       0
       0
       0
       0
       0
       2
       1
       0
       2
       0
       0
       0
       2
       0
       1
       1
       0
       0
       0
       1
       0
       0
       1
       0
       0
       0
       1
       0
       1
       0
       0
       0
       0
       0
       0
       0
       0
       1
       1
       0
       0
       0
       0
       1
       0
       0
       0
       0
       0
       0
       0
       1
       2
       0
       0
       1
       1
       0
       1
       0
       1
       1
       0
       1
       0
       0
       0
       0
       0
       0
       0
       0
       0
       0
       0
       1
       0
       0
       0
       0
       1
       0
       0
       0
       1
       0
       0
       0
       0
       0
       0
       0
       0
       0
       0
       0
       0
       0
       0
       1
       0
       1
       0
       1
       1
       0
       0
       1
       0
       0
       0
       0
       1
       0
       1
       0
       0
       0
       0
       0
       0
       0
       0
       0
       1
       0
       0
       0
       1
       0
       1
       1
       2
       2
       0
       0
       0
       0
       0
       0
       1
       0
       1
       0
       0
       0
       0
       0
       0
       0
       1
       0
       0
       0
       0
       0
       0
       1
       0
       0
       0
       0
       0
       0
       0
       0
       1
       0
       0
       0
       0
       1
       0
       0
       0
       1
       0
       0
       0
       1
       0
       0
       0
       0
       0
       1
       0
       0
       0
       0
       0
       0
       0
       0
       0
       0
       1
       0
       0
       0
       0
       0
       1
       0
       0
       0
       0
       1
       0
       0
       0
       0
       0
       0
       0
       0
       0
       0
       0
       0
       0
       0
       0
       0
       0
       0
       1
       0
       0
       0
       0
       0
       0
       0
       0
       0
       0
       0
       0
       0
       0
       0
       1
       0
       1
       1
       1
       0
       0
       0
       0
       0
       0
       0
       0
       0
       0
       2
       0
       0
       0
       1
       0
       0
       0
       0
       0
       0
       0
       0
       0
       0
       1
       0
       0
       1
       1
       1
       0
       0
       1
       0
       0
       0
       0
       1
       0
       1
       1
       1
       0
       0
       0
       0
       0
       0
       0
       0
       2
       0
       0
       1
       0
       0
       1
       0
       1
       0
       0
       0
       0
       1
       1
       0
       0
       1
       1
       0
       0
       0
       0
       1
       0
       0
       1
       0
       0
       0
       1
       0
       0
       0
       1
       0
       0
       0
       0
       0
       0
       0
       0
       1
       0
       0
       0
       1
       0
       0
       0
       0
       0
       0
       1
       0
       0
       0
       0
       0
       1
       1
       0
       0
       1
       0
       0
       0
       1
       0
       0
       1
       0
       0
       0
       0
       0
       0
       0
       0
       1
       0
       0
       1
       0
       0
       0
       1
       0
       0
       0
       1
       0
       0
       0
       0
       0
       0
       1
       0
       1
       0
       0
       0
       1
       0
       0
       0
       0
       0
       0
       0
       0
       1
       1
       1
       0
       0
       1
       1
       0
       1
       1
       0
       0
       0
       0
       1
       1
       0
       0
       0
       0
       0
       0
       0
       0
       1
       2
       0
       0
       0
       0
       0
       0
       0
       0
       1
       0
       0
       0
       1
       1
       2
       0
       1
       1
       0
       0
       0
       1
       0
       0
       1
       1
       0
       1
       1
       0
       0
       0
       0
       0
       0
       0
       0
       0
       0
       0
       0
       0
       0
       1
       0
       0
       0
       1
       0
       0
       0
       1
       1
       0
       0
       1
       0
       1
       0
       0
       0
       0
       0
       0
       1
       0
       0
       1
       0
       1
       0
       0
       0
       0
       0
       0
       0
       1
       0
       0
       0
       1
       1
       0
       0
       0
       0
       0
       0
       0
       1
       0
       0
       0
       1
       1
       0
       0
       0
       2
       0
       0
       0
       0
       2
       0
       0
       0
       0
       0
       0
       0
       0
       0
       0
       0
       0
       0
       0
       0
       0
       0
       0
       0
       0
       1
       1
       0
       1
       0
       0
       1
       0
       0
       0
       0
       0
       0
       1
       1
       1
       0
       0
       0
       0
       2
       0
       0
       0
       1
       0
       0
       0
       0
       0
       0
       1
       0
       0
       1
       1
       0
       0
       1
       0
       0
       0
       0
       0
       1
       0
       0
       0
       1
       0
       0
       0
       1
       0
       0
       0
       1
       0
       0
       0
       0
       0
       0
       0
       1
       0
       0
       0
       1
       0
       0
       0
       0
       0
       0
       0
       1
       2
       0
       0
       0
       0
       0
       0
       0
       0
       1
       1
       1
       2
       0
       1
       0
       0
       0
       0
       0
       0
       0
       0
       0
       0
       0
       1
       0
       0
       1
       1
       1
       0
       0
       0
       0
       0
       0
       0
       0
       0
       0
       0
       0
       0
       0
       0
       0
       0
       0
       0
       0
       0
       1
       0
       0
       1
       0
       0
       0
       0
       0
       0
       0
       0
       0
       0
       0
       1
       1
       0
       0
       0
       0
       0
       0
       0
       0
       0
       0
       0
       0
       0
       0
       0
       0
       0
       0
       0
       0
       0
       0
       0
       0
       0
       0
       0
       0
       0
       1
       0
       0
       1
       0
       1
       0
       0
       1
       0
       0
       0
       0
       0
       0
       0
       0
       0
       1
       0
       0
       0
       0
       0
       0
       0
       2
       1
       0
       0
       0
       0
       0
       1
       0
       0
       0
       0
       0
       1
       0
       0
       0
       0
       0
       0
       0
       0
       0
       1
       1
       0
       0
       0
       1
       1
       0
       0
       0
       0
       0
       0
       0
       0
       0
       0
       0
       0
       0
       0
       0
       0
       0
       1
       0
       0
       0
       0
       1
       0
       0
       0
       0
       0
       1
       0
       3
       0
       0
       1
       0
       0
       0
       0
       0
       1
       0
       0
       0
       0
       1
       1
       1
       0
       0
       1
       1
       2
       1
       0
       0
       0
       0
       0
       1
       1
       1
       0
       1
       0
       0
       0
       0
       0
       1
       0
       1
       0
       0
       0
       0
       0
       0
       0
       0
       1
       0
       0
       0
       0
       0
       0
       0
       0
       0
       0
       0
       0
       0
       0
       0
       1
       0
       0
       0
       0
       0
       0
       0
       1
       0
       1
       1
       1
       1
       0
       0
       2
       0
       0
       1
       0
       0
       0
       0
       1
       0
       1
       0
       0
       0
       0
       0
       0
       0
       0
       0
       0
       0
       1
       1
       0
       0
       0
       0
       0
       0
       0
       1
       0
       0
       1
       0
       0
       1
       0
       0
       0
       0
       0
       0
       0
       0
       1
       0
       0
       0
       0
       0
       0
       0
       0
       0
       0
       0
       0
       0
       0
       1
       0
       0
       0
       1
       0
       0
       0
       0
       0
       0
       0
       0
       0
       1
       0
       1
       0
       0
       0
       1
       1
       0
       0
       1
       0
       0
       0
       0
       2
       0
       1
       0
       0
       0
       1
       0
       0
       0
       0
       0
       0
       2
       0
       0
       0
       1
       1
       0
       1
       0
       0
       1
       0
       0
       1
       0
       0
       1
       0
       0
       1
       0
       0
       0
       0
       0
       0
       0
       1
       0
       0
       1
       0
       1
       0
       1
       0
       0
       0
       0
       0
       0
       0
       0
       0
       0
       0
       0
       0
       1
       1
       0
       1
       0
       0
       0
       0
       1
       0
       0
       0
       0
       0
       0
       0
       0
       1
       1
       1
       0
       0
       1
       0
       0
       0
       0
       1
       0
       1
       0
       1
       0
       0
       0
       0
       1
       2
       0
       0
       0
       0
       0
       0
       1
       0
       0
       0
       0
       0
       0
       0
       1
       0
       0
       0
       0
       0
       0
       0
       0
       0
       0
       0
       0
       0
       0
       0
       0
       0
       0
       0
       0
       0
       1
       1
       0
       1
       1
       0
       1
       0
       0
       0
       1
       0
       0
       0
       0
       0
       0
       1
       0
       0
       0
       0
       1
       0
       0
       0
       0
       0
       0
       0
       0
       0
       1
       0
       0
       0
       0
       0
       0
       1
       0
       0
       1
       0
       1
       1
       1
       0
       1
       0
       1
       0
       0
       1
       0
       0
       0
       0
       0
       0
       0
       0
       0
       0
       0
       0
       0
       0
       1
       0
       2
       0
       0
       0
       0
       0
       0
       0
       0
       0
       0
       0
       0
       0
       0
       0
       1
       0
       0
       0
       2
       0
       0
       0
       0
       0
       0
       0
       0
       0
       1
       0
       0
       0
       0
       0
       0
       0
       0
       0
       0
       2
       1
       0
       0
       0
       0
       0
       0
       0
       0
       0
       0
       1
       2
       0
       0
       0
       0
       0
       0
       0
       0
       1
       0
       0
       0
       0
       0
       0
       0
       1
       0
       0
       1
       1
       1
       0
       0
       0
       1
       0
       1
       0
       1
       0
       0
       0
       0
       0
       0
       0
       0
       0
       0
       0
       0
       1
       0
       0
       1
       0
       1
       0
       0
       0
       0
       0
       0
       0
       0
       0
       0
       0
       0
       0
       0
       0
       0
       0
       0
       0
       0
       0
       0
       0
       0
       1
       0
       0
       0
       0
       0
       0
       0
       0
       0
       0
       0
       0
       0
       0
       0
       1
       0
       0
       1
       0
       1
       0
       0
       0
       0
       0
       0
       1
       0
       1
       0
       0
       1
       0
       0
       1
       1
       0
       0
       0
       0
       0
       0
       0
       0
       0
       0
       0
       0
       0
       1
       0
       0
       0
       0
       0
       0
       0
       0
       0
       0
       0
       0
       0
       0
       1
       0
       0
       0
       2
       0
       1
       0
       0
       0
       0
       1
       0
       0
       1
       0
       0
       0
       0
       0
       0
       0
       1
       0
       0
       0
       1
       0
       1
       0
       0
       0
       0
       0
       0
       0
       0
       1
       1
       0
       0
       1
       0
       0
       0
       0
       1
       0
       0
       0
       0
       0
       1
       0
       0
       0
       0
       0
       1
       0
       0
       1
       0
       0
       0
       1
       2
       0
       0
       0
       0
       0
       0
       0
       0
       2
       0
       0
       0
       1
       0
       0
       0
       0
       0
       0
       0
       0
       0
       1
       0
       0
       0
       0
       0
       0
       2
       1
       0
       0
       0
       0
       1
       1
       0
       0
       0
       0
       0
       0
       0
       0
       0
       0
       0
       0
       0
       0
       1
       0
       0
       0
       0
       0
       0
       0
       0
       0
       1
       0
       1
       1
       2
       0
       0
       0
       0
       0
       0
       0
       0
       0
       0
       0
       0
       0
       0
       0
       0
       0
       0
       0
       1
       0
       0
       0
       0
       0
       0
       0
       0
       0
       0
       1
       0
       0
       0
       0
       0
       0
       0
       0
       1
       2
       0
       0
       1
       0
       0
       0
       0
       0
       0
       0
       0
       0
       2
       0
       0
       0
       0
       0
       1
       0
       1
       0
       1
       0
       0
       0
       0
       0
       0
       0
       0
       0
       0
       1
       0
       0
       0
       0
       0
       1
       0
       1
       0
       0
       0
       0
       0
       1
       0
       0
       2
       0
       0
       0
       0
       0
       0
       0
       2
       0
       0
       1
       0
       1
       2
       0
       1
       1
       0
       0
       2
       1
       0
       1
       0
       0
       0
       0
       0
       0
       0
       0
       0
       0
       0
       0
       1
       0
       0
       1
       0
       0
       0
       0
       0
       0
       0
       1
       0
       1
       1
       0
       0
       0
       2
       1
       0
       0
       0
       0
       0
       0
       0
       0
       0
       0
       0
       0
       2
       0
       0
       0
       0
       0
       0
       0
       0
       0
       2
       2
       0
       0
       0
       0
       0
       1
       0
       0
       0
       0
       0
       0
       0
       0
       0
       0
       0
       0
       0
       0
       0
       0
       1
       1
       1
       0
       0
       2
       0
       0
       0
       0
       0
       0
       1
       0
       0
       0
       0
       0
       0
       0
       0
       0
       1
       0
       1
       0
       0
       0
       0
       0
       0
       0
       0
       0
       0
       0
       0
       0
       0
       0
       0
       0
       1
       0
       0
       0
       0
       0
       0
       0
       0
       0
       0
       0
       1
       1
       1
       0
       1
       0
       0
       0
       1
       0
       0
       0
       0
       1
       0
       0
       0
       0
       0
       0
       1
       0
       0
       0
       1
       0
       1
       0
       0
       0
       0
       0
       0
       0
       0
       0
       0
       0
       0
       0
       0
       0
       0
       0
       0
       0
       0
       0
       0
       0
       0
       0
       0
       0
       0
       0
       0
       0
       0
       0
       0
       0
       0
       0
       0
       0
       0
       0
       0
       0
       0
       0
       0
       0
       0
       0
       0
       0
       0
       0
       0
       0
       0
       0
       0
       0
       0
       0
       0
       0
       0
       0
       0
       0
       0
       0
       0
       0
       0
       0
       0
       0
       0
       0
       0
       0
       0
       0
       0
       0
       0
       0
       0
       0
       0
       0
       0
       0
       0
       0
       0
       0
       0
       0
       0
       0
       0
       0
       0
       0
       0
       0
       0
       0
       0
       0
       0
       0
       0
       0
       0
       0
       0
       0
       0
       0
       0
       0
       0
       0
       0
       0
       0
       0
       0
       0
       0
$ROI:
1
195 202
$PRESETS:
None
0
0
$ENER_FIT:
1.916382 0.612805
$MCA_CAL:
3
1.916382E+000 6.128052E-001 0.000000E+000 keV
$SHAPE_CAL:
3
2.905076E+000 5.086795E-004 0.000000E+000
