$SPEC_ID:
No sample description was entered.
$SPEC_REM:
DET# 1
DETDESC# DESKTOP-AKUPN2F Easy-MCA-8k SN 09022236
AP# Maestro Version 7.01
$DATE_MEA:
02/08/2017 15:58:11
$MEAS_TIM:
60905 62711
$DATA:
0 8191
       0
       0
       0
       0
       0
       0
       0
       0
       1
       0
       0
       0
       0
       0
       0
       0
       0
       0
       0
       0
       0
       0
       1
       0
       0
       0
       0
       0
       0
       0
       0
       0
       0
       0
       0
       0
       0
       0
       0
       0
       0
       0
       0
       0
       0
       0
       0
       0
       0
       0
       0
       0
       0
       0
       0
       0
       0
      12
     193
    1021
    2485
    2959
   10616
   17323
    3520
     791
    1564
    2488
    3985
   21656
   29703
   28120
   26981
   26697
   27041
   27100
   27087
   27497
   27756
   28166
   28522
   28551
   28988
   28569
   29052
   29240
   29277
   29227
   29441
   29562
   29882
   30069
   30777
   31411
   31650
   32021
   32696
   32914
   33295
   33625
   33818
   34697
   35010
   34796
   35391
   35916
   36101
   36031
   36405
   36603
   37046
   37773
   38209
   38482
   40343
   49957
   80161
  114077
  111991
  107049
  153016
  179532
  125295
   61807
   39714
   35898
   35278
   34775
   34560
   34856
   35012
   34974
   35648
   35988
   40581
   56687
   85734
   99374
   78898
   53566
   50311
   54277
   48406
   38299
   33917
   32462
   32492
   32514
   32219
   32815
   32844
   33172
   32881
   32685
   32574
   32482
   32573
   32613
   32522
   32522
   32761
   32366
   32459
   32287
   32541
   32562
   32407
   32298
   32245
   32623
   32420
   32521
   32630
   32344
   32183
   32226
   32351
   31911
   32040
   32197
   32055
   32042
   32231
   31804
   32414
   32139
   32122
   32166
   31950
   31939
   31889
   32144
   31889
   31578
   31847
   31643
   31938
   31605
   31689
   31784
   31609
   31601
   31585
   31583
   31824
   31290
   31634
   31813
   31902
   31546
   31933
   31828
   31752
   31663
   31031
   31216
   31130
   31352
   31366
   31059
   31221
   31364
   31175
   31048
   31159
   31196
   30826
   30590
   30823
   31209
   31141
   30881
   30921
   30601
   30450
   30774
   30988
   30733
   30192
   30526
   30449
   30530
   30483
   30568
   30798
   30657
   30618
   30721
   30264
   30806
   30023
   30226
   30095
   30445
   30208
   30049
   30035
   30167
   30241
   30041
   30001
   29618
   30185
   30156
   29364
   29846
   29659
   29653
   29797
   29667
   29515
   29612
   29794
   29851
   29434
   29529
   29612
   29636
   29641
   29982
   29817
   29618
   29646
   29754
   29399
   29717
   29514
   29918
   29862
   29650
   29628
   29669
   29653
   29675
   29614
   29837
   29647
   29955
   30105
   29639
   29972
   30435
   30322
   30258
   29767
   30046
   29689
   29547
   29851
   29893
   29748
   29906
   29872
   30156
   30155
   30259
   29975
   30064
   30022
   30516
   30383
   30625
   30543
   30669
   30318
   30560
   30753
   30394
   30596
   31073
   30565
   30921
   31034
   31082
   31464
   31356
   31216
   32178
   32001
   32175
   32745
   32762
   33100
   32826
   32867
   32932
   33300
   33423
   33224
   33736
   33511
   33782
   33839
   33734
   33760
   33415
   33855
   33553
   34231
   33650
   33511
   33989
   33989
   34099
   34154
   34179
   34108
   34102
   34641
   34148
   34146
   34326
   34345
   34377
   34117
   34499
   34201
   34182
   34300
   34222
   34281
   33956
   33951
   34213
   34121
   33987
   34638
   35773
   36624
   35661
   34003
   33554
   33411
   33345
   33038
   32527
   32472
   31980
   32159
   31836
   31697
   31524
   31453
   31192
   31122
   31066
   31030
   30947
   30762
   30350
   30789
   30631
   30562
   30073
   29825
   30093
   29585
   29558
   29997
   29244
   29477
   29197
   29123
   28988
   28933
   29131
   28592
   28814
   29089
   28695
   28518
   28411
   28421
   28218
   27952
   28202
   28104
   27832
   28066
   27890
   28122
   27792
   27841
   27420
   27281
   27125
   27429
   27019
   27181
   27233
   27165
   27197
   27428
   26636
   26536
   26647
   26874
   26287
   26496
   26424
   26065
   26373
   26168
   25914
   26114
   25800
   25814
   25792
   25961
   25839
   25765
   25424
   25668
   25569
   25796
   25362
   25206
   25333
   25546
   26362
   26505
   26142
   25323
   24912
   24811
   24714
   24964
   24906
   24950
   25112
   24892
   24663
   24806
   24490
   24580
   24432
   24237
   24266
   24351
   24134
   24001
   23986
   24273
   25225
   26122
   26459
   25333
   24458
   23647
   23591
   23979
   23753
   23655
   23584
   23479
   23297
   23197
   23653
   23438
   23092
   23463
   23197
   23083
   23141
   23083
   22873
   23163
   22739
   22924
   22729
   22857
   23048
   22614
   23065
   22763
   22656
   22704
   22304
   22452
   22591
   22612
   22158
   22468
   22426
   22461
   22225
   22360
   22232
   22409
   22579
   22835
   22942
   22334
   22143
   21964
   21900
   21848
   21984
   21822
   21570
   21656
   21528
   21336
   22025
   21798
   21657
   21576
   21688
   21545
   21462
   21794
   22784
   23763
   23699
   22816
   21669
   21223
   21227
   21391
   21377
   21057
   21061
   21240
   20959
   21013
   21167
   21072
   20998
   20953
   20876
   20920
   20986
   20715
   20682
   20383
   20794
   20837
   20800
   20649
   20963
   20687
   20506
   20739
   20436
   20775
   20487
   20599
   20211
   20225
   20457
   20455
   20426
   20724
   20432
   20716
   20352
   20604
   20589
   20567
   20439
   20435
   20466
   20444
   20341
   20121
   20248
   20304
   20391
   20086
   20278
   20100
   20253
   20201
   20218
   20132
   20101
   20255
   19986
   19903
   20065
   20140
   20324
   19994
   20100
   20116
   19892
   20243
   19808
   19935
   20102
   19946
   19678
   19649
   20127
   19977
   19812
   19849
   20032
   19936
   19929
   20140
   19966
   19837
   19639
   19608
   19846
   19724
   19945
   19855
   19739
   19914
   19858
   19859
   19367
   19627
   19592
   19628
   19718
   19829
   19682
   19366
   19704
   19393
   19403
   19552
   19665
   19643
   19304
   19620
   19498
   19450
   19459
   19478
   19370
   19266
   19575
   19314
   19516
   19586
   19446
   19290
   19279
   19507
   19518
   19312
   19377
   19083
   19730
   19555
   19485
   19251
   19246
   19520
   19571
   19752
   19554
   19294
   19254
   19286
   19326
   19292
   19314
   19117
   19243
   19349
   19083
   19286
   19257
   19074
   19417
   19259
   19112
   19253
   19147
   19385
   19331
   19238
   19424
   19068
   19177
   19429
   19228
   19347
   19201
   19082
   19187
   19191
   19076
   19082
   19507
   19038
   19006
   19559
   19462
   19495
   19292
   19137
   18779
   19136
   19026
   19075
   18820
   19201
   18924
   18876
   19041
   19183
   18823
   19304
   19118
   18982
   19044
   19180
   18996
   19001
   18996
   18984
   18965
   19117
   18883
   19006
   18966
   19017
   18873
   18876
   19005
   19047
   18903
   19197
   18992
   19047
   19149
   18960
   19054
   18960
   19002
   19032
   18770
   19031
   19052
   18888
   18921
   18872
   19065
   18661
   19038
   18935
   19081
   18888
   18627
   18948
   18726
   18875
   18760
   18798
   18831
   18785
   18854
   18896
   18835
   18812
   19028
   18784
   18730
   18993
   19283
   19476
   20063
   21408
   23900
   26974
   29598
   29762
   27796
   24110
   21440
   19904
   18842
   18923
   18641
   18814
   18918
   18575
   18748
   18621
   18892
   18614
   18504
   18803
   18617
   18840
   18888
   18856
   18710
   18851
   18836
   18407
   18847
   18685
   18718
   18664
   18861
   18781
   18473
   18667
   18890
   18798
   18692
   18447
   18753
   18965
   18779
   18663
   18768
   18801
   18673
   18857
   18619
   18681
   18339
   18810
   18686
   18725
   18769
   18788
   18613
   18620
   18783
   18670
   18737
   18908
   18627
   18749
   18750
   18495
   18600
   18641
   18664
   18897
   18614
   18869
   18737
   18584
   18983
   18552
   18719
   18648
   18647
   18434
   18737
   18519
   18814
   18629
   18698
   18677
   18890
   18731
   18578
   18588
   18761
   18593
   18810
   18649
   18766
   18558
   18552
   18463
   18725
   18458
   18572
   18616
   18770
   18759
   18895
   18627
   18867
   18774
   18781
   18815
   18885
   18621
   18911
   18728
   18481
   19072
   18868
   18773
   19117
   19784
   20392
   20506
   19671
   19087
   18540
   18801
   18693
   18785
   18797
   18737
   18809
   18768
   18948
   18882
   18717
   18773
   18726
   18746
   18689
   18682
   18792
   18782
   18640
   18811
   18628
   18769
   19072
   18600
   18361
   18476
   18913
   18762
   18669
   18797
   18600
   18736
   18717
   18737
   18946
   18651
   18975
   19675
   20875
   21254
   21076
   19565
   19147
   18848
   18590
   18890
   18856
   18868
   18649
   18700
   18820
   18832
   18621
   18498
   18620
   18847
   18938
   18860
   18692
   18684
   18659
   18818
   18819
   19004
   18846
   18774
   18600
   18818
   19043
   18822
   18799
   18897
   18539
   18813
   18729
   18939
   18790
   18918
   18721
   19264
   18900
   18777
   18672
   19129
   18989
   18803
   18880
   18817
   18927
   18970
   18989
   18718
   18732
   19030
   18994
   19004
   19176
   19109
   18910
   18796
   18962
   18825
   18562
   18790
   19206
   18946
   18969
   18879
   18891
   18930
   18662
   18953
   19025
   19229
   19072
   18900
   18939
   18917
   18757
   19129
   19176
   19977
   21854
   24502
   25930
   24756
   22013
   19876
   19128
   19162
   18808
   19242
   19102
   19042
   19200
   19003
   18888
   18891
   19072
   19009
   18997
   18886
   19093
   19058
   19112
   19335
   18883
   19280
   19205
   18941
   19053
   19099
   19138
   18966
   19175
   19122
   18864
   19208
   19093
   19115
   18869
   19182
   19392
   19200
   19264
   19233
   19093
   19161
   19305
   19253
   19173
   19372
   19383
   19243
   19108
   19189
   19386
   19309
   19018
   19278
   19395
   19073
   19300
   19232
   19231
   19476
   19328
   19220
   19320
   19038
   19572
   19247
   19331
   19248
   19335
   19419
   19486
   19366
   19465
   19103
   19307
   19086
   19343
   19285
   19402
   19302
   19090
   19387
   19278
   19288
   19466
   19447
   19241
   19130
   19406
   19344
   19290
   19527
   19432
   19462
   19555
   19524
   19392
   19380
   19724
   19278
   19399
   19298
   19617
   19548
   19640
   19840
   19837
   19624
   19700
   19485
   19399
   19389
   19610
   19764
   19310
   19496
   19520
   19716
   19769
   19267
   19645
   19449
   19800
   19972
   19534
   19943
   19930
   19647
   19713
   19495
   19378
   19713
   19566
   19539
   19750
   19745
   19677
   19801
   19760
   19343
   19589
   19605
   19704
   19762
   19824
   19928
   19942
   19691
   19667
   19574
   19731
   19784
   19808
   19636
   19923
   19643
   19795
   19871
   19977
   20229
   19642
   19882
   19859
   19697
   20034
   19859
   20163
   19806
   19800
   19906
   19888
   20190
   20123
   19920
   20261
   19881
   19933
   20090
   20007
   20150
   19891
   19865
   20063
   19913
   20256
   20002
   19951
   20024
   20244
   19837
   20158
   20098
   20008
   20068
   20168
   20193
   20144
   19914
   20071
   20273
   20392
   20137
   20186
   20024
   19912
   20180
   20186
   20379
   20110
   20297
   20356
   20170
   20081
   20336
   20101
   20495
   20585
   20434
   20173
   20337
   20138
   20605
   20286
   20167
   20230
   20396
   20331
   20309
   20454
   20133
   20551
   20243
   20522
   20636
   20348
   20382
   20650
   20360
   20659
   20626
   20453
   20525
   20679
   20641
   20415
   20592
   20583
   20556
   20693
   20468
   20677
   20583
   20629
   20891
   20764
   21362
   21450
   22094
   22385
   22526
   22177
   21801
   21092
   20944
   21075
   21020
   20987
   21111
   20835
   20879
   20811
   20974
   20867
   20983
   21036
   21201
   21133
   21267
   20916
   21037
   21095
   20981
   21212
   21037
   20918
   21296
   21437
   21416
   21403
   21090
   21447
   21492
   21410
   21377
   21456
   21433
   21168
   21269
   21211
   21731
   21535
   21419
   21309
   21264
   21531
   21644
   21183
   21673
   21574
   21543
   21590
   21215
   21704
   21734
   21865
   21552
   21526
   21806
   22008
   21779
   21996
   21941
   22043
   22003
   22010
   22140
   21651
   21825
   21876
   21898
   21758
   22066
   21952
   22160
   22137
   21996
   21904
   21842
   22192
   22087
   22157
   22209
   22125
   22205
   22309
   22190
   22419
   22478
   22487
   22255
   22518
   22510
   22452
   22408
   22503
   22417
   22624
   22749
   22632
   22640
   22610
   22807
   22594
   22995
   22665
   22778
   22864
   22843
   22847
   22913
   22713
   23107
   23079
   23049
   23034
   22939
   22975
   23027
   23176
   23029
   23308
   23222
   23278
   23276
   23342
   23236
   23538
   23457
   23577
   23473
   23572
   23643
   23601
   23738
   23771
   23476
   23459
   23628
   23745
   23895
   23507
   23753
   24033
   24634
   24893
   25306
   24840
   24215
   24284
   23922
   24292
   23936
   24186
   24081
   24045
   23943
   24428
   24662
   24333
   24210
   24368
   24445
   24110
   24356
   24507
   24186
   24466
   24516
   24356
   24476
   24604
   24633
   24611
   24776
   24683
   24843
   24869
   24741
   25077
   24883
   24861
   25314
   25381
   25246
   24801
   25606
   25026
   24685
   25051
   25180
   25018
   25590
   25303
   24865
   25188
   25355
   24943
   25484
   25507
   25269
   25407
   25365
   25634
   25433
   25382
   25607
   25592
   25530
   25531
   25558
   25489
   25637
   25532
   25424
   25584
   25355
   25335
   25605
   25073
   25116
   24978
   24960
   24657
   24698
   24462
   24324
   24044
   23795
   23501
   23045
   22859
   22810
   22519
   22487
   22029
   21932
   21399
   21725
   21814
   21931
   21390
   21583
   20849
   20698
   20598
   20630
   20715
   20823
   20656
   20254
   20390
   20446
   20386
   20159
   20191
   20031
   20280
   20268
   20091
   20131
   20039
   20164
   20190
   19915
   19918
   20110
   19794
   20019
   19854
   19773
   19998
   19977
   19561
   19564
   19613
   19597
   19844
   19558
   19851
   19680
   19453
   19477
   19463
   19872
   19620
   19495
   19551
   19348
   19388
   19582
   19463
   19382
   19244
   19334
   19451
   19238
   19131
   19205
   19191
   19110
   19339
   19196
   18802
   19045
   19156
   18847
   19040
   19187
   19301
   19013
   18974
   19002
   18748
   18951
   18964
   18985
   19063
   19020
   18803
   18903
   18798
   18869
   18868
   18826
   18808
   18815
   18616
   18662
   18592
   18646
   18391
   18621
   18510
   18684
   18977
   18640
   18669
   18531
   18600
   18385
   18230
   18586
   18236
   18397
   18395
   18361
   18233
   18272
   18371
   18245
   18471
   18265
   18111
   18422
   18201
   18128
   18229
   17983
   18159
   17975
   18070
   17997
   18090
   18127
   18038
   17973
   17857
   17714
   17943
   17714
   17692
   17589
   17952
   17664
   17796
   17647
   17735
   17846
   17526
   17540
   17714
   17625
   17590
   17815
   17825
   17703
   17664
   17587
   17598
   17697
   17670
   17425
   17670
   17545
   17626
   17634
   17465
   17690
   17363
   17579
   17466
   17700
   17525
   17466
   17519
   17762
   17419
   17548
   17681
   17729
   17528
   17443
   17658
   17841
   17789
   17393
   17805
   17676
   17636
   17726
   17468
   17635
   17357
   17812
   17476
   17944
   17708
   17691
   17898
   17832
   17713
   17674
   17878
   17939
   17637
   17832
   17792
   17697
   17810
   17719
   17847
   17892
   17853
   17921
   17929
   18026
   17611
   18172
   17774
   18040
   17919
   17814
   17688
   17811
   17903
   17908
   18122
   17999
   18107
   17681
   17793
   17711
   17711
   18183
   17537
   17738
   17887
   17717
   17738
   17212
   17628
   17095
   17316
   17085
   16972
   16836
   16505
   16520
   16070
   15996
   15758
   15337
   14948
   14894
   14524
   14461
   14712
   13994
   13406
   13453
   13037
   13100
   13001
   12642
   12700
   12482
   12381
   12534
   12322
   12579
   12011
   12051
   11977
   11960
   11972
   12220
   11989
   11823
   11771
   11688
   11918
   11755
   11625
   11587
   11701
   11512
   11808
   11240
   11574
   11493
   11128
   11387
   11223
   11160
   11207
   11158
   11161
   10881
   10787
   10812
   10895
   10908
   10971
   10861
   10787
   10771
   10746
   10585
   10719
   10484
   10476
   10272
   10360
   10554
   10389
   10319
   10084
   10312
   10328
   10038
   10098
    9883
   10057
    9867
   10004
    9924
    9838
    9788
    9832
    9632
    9641
    9759
    9730
   10108
   11079
   13747
   21473
   41436
   90076
  189877
  350938
  508596
  538918
  399530
  200395
   69070
   19719
    9010
    7529
    7293
    7025
    7240
    7000
    7032
    7028
    7067
    6999
    7032
    6938
    7020
    6775
    6668
    6710
    6522
    6505
    6407
    6340
    6567
    6496
    6416
    6412
    6274
    6182
    6208
    6115
    6112
    5987
    5858
    5978
    5858
    5991
    5830
    5704
    5900
    5760
    5669
    5676
    5499
    5466
    5289
    5320
    5340
    5380
    5340
    5378
    5297
    5184
    5097
    5108
    4880
    5141
    4923
    4941
    4924
    4770
    4743
    4835
    4624
    4704
    4582
    4547
    4590
    4530
    4478
    4401
    4441
    4427
    4398
    4235
    4149
    4395
    4212
    4202
    4195
    4135
    4186
    4061
    4007
    4027
    4019
    3939
    3984
    3914
    3874
    3937
    3891
    3806
    3758
    3835
    3845
    3731
    3744
    3658
    3586
    3695
    3542
    3797
    3760
    3741
    3767
    3539
    3333
    3305
    3527
    3437
    3451
    3378
    3313
    3218
    3306
    3132
    3237
    3135
    3179
    3197
    3119
    3227
    3123
    3097
    3098
    3099
    3137
    3109
    3110
    3091
    2972
    3108
    2959
    3001
    2974
    2965
    2986
    2970
    2906
    2861
    2868
    2929
    2872
    2948
    2883
    2813
    2875
    2957
    2889
    2895
    2836
    2945
    2850
    2899
    2879
    2932
    2829
    2830
    2786
    2787
    2755
    2867
    2732
    2801
    2778
    2830
    2841
    2724
    2801
    2954
    2689
    2835
    2848
    2838
    2768
    2713
    2727
    2696
    2760
    2730
    2634
    2637
    2706
    2650
    2700
    2717
    2680
    2627
    2636
    2541
    2657
    2679
    2640
    2613
    2651
    2671
    2547
    2661
    2575
    2624
    2526
    2621
    2584
    2565
    2541
    2510
    2509
    2553
    2474
    2431
    2508
    2485
    2470
    2419
    2536
    2427
    2402
    2456
    2450
    2392
    2453
    2400
    2418
    2405
    2395
    2511
    2411
    2334
    2321
    2393
    2256
    2407
    2237
    2320
    2313
    2256
    2298
    2404
    2316
    2355
    2403
    2301
    2271
    2250
    2293
    2390
    2653
    3039
    4457
    7637
   15293
   32942
   71238
  147367
  274494
  432212
  528873
  474337
  298228
  126815
   36287
    7191
    1393
     658
     554
     548
     560
     562
     561
     528
     565
     519
     520
     561
     534
     515
     453
     532
     464
     499
     467
     388
     430
     455
     468
     411
     433
     411
     415
     405
     399
     436
     410
     375
     392
     387
     398
     387
     399
     410
     381
     385
     401
     368
     364
     409
     414
     400
     384
     401
     355
     372
     389
     423
     363
     380
     378
     362
     383
     372
     354
     364
     373
     361
     365
     394
     403
     383
     470
     507
     554
     515
     460
     390
     361
     345
     381
     360
     364
     366
     365
     366
     384
     416
     406
     350
     334
     336
     312
     350
     353
     352
     355
     359
     327
     364
     334
     329
     375
     341
     369
     361
     346
     343
     326
     352
     376
     383
     394
     411
     404
     359
     374
     399
     363
     354
     366
     372
     437
     428
     439
     389
     328
     365
     334
     301
     302
     290
     348
     337
     323
     322
     319
     335
     341
     328
     326
     300
     329
     328
     288
     293
     308
     313
     283
     310
     323
     313
     294
     322
     317
     311
     315
     304
     294
     313
     280
     301
     284
     284
     268
     305
     276
     283
     329
     293
     289
     312
     314
     287
     266
     293
     308
     290
     287
     292
     273
     275
     248
     286
     274
     301
     299
     276
     262
     308
     280
     301
     310
     289
     291
     292
     264
     268
     315
     308
     311
     372
     425
     586
     855
    1409
    2342
    4168
    6941
    9217
    9439
    7012
    3596
    1415
     506
     294
     264
     241
     237
     245
     250
     256
     243
     248
     218
     227
     255
     238
     229
     232
     248
     268
     261
     236
     218
     239
     254
     271
     236
     229
     217
     243
     249
     254
     218
     259
     232
     202
     217
     215
     231
     233
     227
     251
     237
     218
     240
     224
     253
     241
     228
     231
     226
     238
     255
     237
     284
     250
     259
     238
     239
     252
     205
     235
     243
     247
     245
     215
     207
     234
     244
     236
     233
     247
     229
     241
     257
     325
     254
     290
     245
     239
     240
     255
     223
     226
     225
     246
     255
     218
     225
     198
     233
     218
     199
     217
     219
     227
     218
     226
     218
     202
     211
     211
     222
     205
     226
     208
     192
     236
     221
     207
     211
     208
     196
     236
     197
     205
     229
     235
     198
     194
     235
     229
     191
     243
     226
     214
     203
     220
     193
     204
     193
     228
     219
     225
     208
     184
     199
     191
     209
     187
     232
     211
     199
     196
     206
     216
     200
     217
     211
     209
     194
     190
     180
     192
     190
     189
     220
     205
     195
     183
     219
     207
     192
     190
     190
     191
     208
     188
     207
     187
     212
     177
     216
     198
     191
     194
     199
     178
     206
     201
     193
     197
     223
     193
     172
     188
     200
     176
     185
     187
     181
     208
     206
     195
     219
     195
     236
     228
     211
     207
     211
     220
     208
     226
     278
     339
     286
     301
     241
     243
     256
     314
     324
     302
     300
     225
     221
     181
     193
     187
     192
     199
     175
     213
     174
     182
     181
     172
     192
     183
     179
     155
     175
     180
     182
     176
     182
     178
     186
     192
     195
     163
     160
     183
     166
     185
     177
     167
     181
     202
     175
     165
     199
     176
     170
     183
     228
     238
     206
     228
     186
     190
     180
     203
     163
     181
     201
     187
     157
     159
     183
     184
     206
     235
     222
     213
     217
     200
     200
     172
     173
     157
     175
     186
     164
     178
     191
     199
     188
     178
     169
     149
     160
     180
     169
     172
     185
     153
     154
     160
     177
     164
     161
     169
     175
     165
     170
     149
     152
     143
     144
     164
     168
     154
     159
     158
     151
     137
     163
     158
     188
     160
     182
     166
     203
     196
     169
     177
     165
     184
     161
     177
     159
     142
     149
     137
     155
     162
     161
     142
     145
     135
     157
     166
     146
     157
     156
     159
     143
     165
     156
     164
     137
     142
     130
     163
     180
     156
     141
     146
     151
     150
     153
     159
     162
     172
     135
     137
     147
     134
     164
     173
     142
     172
     163
     154
     160
     149
     149
     159
     136
     166
     142
     152
     147
     139
     173
     126
     136
     145
     145
     135
     151
     165
     155
     140
     155
     149
     134
     148
     135
     142
     126
     144
     152
     143
     128
     146
     148
     141
     137
     117
     141
     124
     119
     131
     139
     145
     155
     133
     136
     144
     125
     143
     133
     160
     145
     134
     151
     124
     182
     156
     176
     183
     239
     239
     239
     229
     177
     147
     144
     158
     129
     137
     127
     134
     128
     124
     135
     130
     121
     144
     146
     135
     145
     136
     129
     120
     146
     133
     124
     137
     144
     129
     118
     128
     139
     126
     115
     130
     131
     123
     140
     143
     131
     113
     104
     121
     120
     142
     142
     118
     136
     170
     135
     156
     139
     211
     230
     304
     392
     628
     718
     698
     556
     339
     190
     137
     121
     118
     129
     124
     132
     127
     125
     145
     121
     113
     116
     118
     115
     123
     137
     126
     138
     109
     119
     141
     112
     140
     121
     131
     135
     119
     117
     118
     147
     121
     125
     131
     114
     133
     126
     126
     131
     126
     116
     108
     122
     123
     129
     125
     118
     114
     142
     146
     113
     133
     116
     128
     109
     110
     125
     106
     119
     112
     109
     102
     116
      96
     127
     139
     106
     132
     117
     125
     114
     115
     126
     102
     110
     116
     129
     116
     124
     112
     130
     111
     114
     120
     115
     113
     107
     122
     113
     142
     145
      98
     128
     126
     134
     130
      92
     126
     130
     132
     117
     124
     122
     116
      99
     103
     109
      99
     108
     109
     103
      87
     103
     122
     128
     125
     125
     137
     145
     110
     132
     115
     103
     117
     126
     104
     122
     124
     124
     150
     183
     178
     197
     142
     135
     122
     122
     113
     120
     125
      95
     107
     110
     104
     102
     127
     103
     109
     114
      99
      96
     106
     102
     102
     122
     102
     103
     109
     116
     115
      98
     135
     111
     110
     118
     116
     111
     108
     119
     121
     118
     108
     113
     115
     118
     115
      84
     116
     100
     117
     116
     100
     108
      99
     109
     110
     100
      99
     129
     115
     104
     126
     116
     112
     107
     101
     129
     119
     115
     111
     105
     103
      91
      92
     108
     122
     121
     111
      95
     115
     107
     104
     100
     109
     120
     121
      82
     101
      97
      89
     109
      94
      87
     104
     100
      82
     114
     100
      95
      91
     100
      82
     107
     105
      97
      88
      93
     111
      89
      81
      85
      91
      98
     101
      94
     108
     105
     107
     105
     110
      93
     101
      87
      91
     110
      84
      99
     108
      83
     118
     102
      96
     103
      95
      85
      93
      88
     100
     119
      82
     121
      89
     102
      91
     106
     112
     116
      95
     101
      87
      94
     103
      78
      81
      98
     100
      99
      89
      76
      96
     103
      98
     111
     105
      85
     105
     110
     125
     115
      95
      88
     102
     101
      95
      87
     109
      90
      91
     102
     103
     100
      97
      88
      84
     100
      90
      96
      93
     106
      97
      87
      88
      90
      92
      99
      92
     115
      78
     104
      94
      86
      82
      95
     107
      83
      96
      93
      86
     100
      94
      96
      81
      91
      78
      77
      82
      89
      95
      79
      95
      79
      99
      86
      78
      84
      80
      91
      94
      75
      89
      74
      80
     102
      74
      79
      84
      85
      78
      89
      82
      89
      88
      84
     101
      92
      78
     103
      93
      96
      75
     103
      78
      99
     105
      94
      69
      80
      86
      76
      66
      99
      87
      78
      80
      99
      80
      75
      84
      86
      87
      76
      85
      66
      93
     100
      85
     103
      77
      79
      83
      78
      79
      93
      75
      95
      81
      91
      80
     103
      86
      84
      68
      84
      67
      95
      86
      77
      87
      85
      82
      80
      85
      61
      74
      75
      78
      81
      74
      75
      92
      81
      71
      73
      88
      88
      81
      61
      78
      81
      69
      64
      87
      82
      80
      69
      81
      86
      84
      74
      68
      59
      69
      74
      74
      72
      78
      94
      90
      91
      68
      87
      91
      70
      83
      76
      64
      82
      94
      69
      84
      85
      81
      65
      72
      62
      77
      61
      82
      92
      76
      65
      61
      82
      57
      72
      77
      89
      81
      62
      61
      86
      65
      81
      78
      76
      63
      67
      71
      71
      66
      80
      71
      92
      68
      64
      75
      71
      71
      52
      64
      63
      85
      74
      69
      61
      66
      72
      79
      78
      73
      60
      69
      62
      84
      86
      78
      72
      66
      62
      65
      88
      86
      90
      92
     125
     133
     150
     181
     170
     174
     179
     145
     104
      91
      97
      77
      66
      68
      62
      68
      65
      52
      75
      76
      71
      76
      69
      71
      72
      84
     101
      98
      98
     104
      92
      92
      93
      57
      69
      57
      64
      57
      70
      59
      70
      65
      58
      78
      65
      71
      65
      73
      59
      63
      70
      67
      60
      70
      67
      66
      69
      58
      63
      48
      75
      72
      55
      72
      52
      70
      49
      59
      64
      65
      56
      73
      52
      65
      64
      74
      69
      73
      76
      56
      46
      78
      72
      67
      80
      65
      61
      82
      58
      62
      62
      56
      81
      71
      69
      63
      71
      51
      52
      68
      60
      57
      63
      69
      71
      62
      55
      72
      75
      65
      70
      68
      66
      72
      55
      62
      61
      57
      50
      56
      57
      62
      56
      52
      63
      79
      58
      63
      56
      43
      61
      65
      67
      74
      71
      70
      62
      71
      58
      53
      52
      67
      73
      53
      70
      61
      53
      67
      65
      70
      54
      65
      66
      63
      62
      51
      62
      54
      66
      69
      75
      79
      74
      84
      88
     100
     135
     180
     219
     240
     224
     127
      95
      64
      57
      63
      62
      45
      46
      58
      64
      57
      53
      62
      61
      51
      58
      56
      41
      52
      62
      50
      65
      65
      55
      60
      59
      66
      62
      55
      61
      55
      72
      62
      57
      54
      58
      54
      55
      53
      77
      63
      48
      60
      56
      65
      67
      53
      56
      56
      61
      52
      61
      52
      57
      55
      55
      66
      40
      56
      62
      68
      53
      53
      49
      51
      46
      40
      57
      56
      56
      56
      64
      52
      67
      59
      62
      50
      46
      57
      63
      50
      60
      49
      55
      51
      47
      63
      54
      57
      65
      70
      53
      53
      63
      52
      57
      57
      60
      47
      43
      50
      51
      64
      60
      53
      66
      63
      47
      65
      59
      53
      60
      59
      63
      50
      59
      69
      59
      56
      62
      49
      58
      64
      55
      49
      53
      52
      60
      46
      48
      70
      41
      59
      63
      44
      54
      52
      54
      55
      44
      58
      65
      63
      67
      60
      61
      65
      56
      45
      48
      47
      53
      65
      54
      50
      71
      40
      42
      58
      49
      55
      69
      56
      57
      48
      51
      51
      57
      39
      50
      52
      45
      53
      64
      53
      48
      48
      74
      55
      57
      59
      52
      66
      64
      55
      66
      43
      48
      62
      53
      45
      42
      49
      51
      45
      57
      56
      51
      59
      55
      68
      39
      61
      75
      56
      61
      48
      51
      44
      55
      56
      50
      59
      46
      56
      53
      57
      44
      57
      55
      49
      64
      53
      33
      56
      74
      56
      53
      55
      54
      54
      42
      50
      61
      49
      40
      40
      58
      45
      57
      39
      43
      43
      44
      53
      52
      58
      49
      62
      58
      49
      48
      44
      48
      42
      49
      43
      53
      53
      46
      63
      43
      42
      44
      37
      64
      55
      46
      67
      36
      55
      51
      65
      55
      36
      46
      50
      42
      49
      35
      61
      44
      34
      52
      48
      45
      40
      47
      32
      45
      38
      51
      41
      37
      41
      35
      46
      45
      34
      36
      45
      30
      32
      32
      44
      27
      28
      38
      33
      40
      29
      32
      43
      26
      44
      34
      43
      33
      39
      35
      32
      34
      38
      32
      24
      33
      31
      34
      34
      38
      31
      36
      31
      33
      48
      43
      38
      26
      31
      32
      33
      42
      31
      49
      36
      49
      23
      30
      35
      37
      32
      35
      32
      31
      32
      27
      26
      36
      28
      39
      31
      37
      27
      32
      25
      26
      27
      26
      31
      37
      33
      18
      24
      41
      27
      33
      25
      26
      20
      26
      27
      27
      31
      21
      30
      38
      35
      26
      36
      51
      40
      41
      61
      66
      83
      91
      61
      51
      41
      28
      28
      24
      30
      20
      22
      25
      36
      23
      39
      39
      46
      28
      31
      18
      26
      22
      21
      33
      21
      24
      19
      31
      21
      26
      24
      33
      19
      31
      19
      21
      30
      23
      25
      21
      19
      18
      25
      30
      20
      26
      28
      25
      21
      28
      21
      22
      17
      23
      19
      11
      13
      19
      26
      23
      19
      27
      22
      25
      22
      20
      27
      26
      16
      20
      20
      27
      24
      28
      21
      20
      20
      22
      20
      16
      18
      25
      23
      24
      21
      12
      20
      22
      34
      30
      43
      60
      63
      73
      77
      75
      45
      37
      14
      17
       9
      11
      11
      10
      19
      19
      16
      14
       7
      16
       6
      12
       8
      14
       9
      13
      13
      10
       7
      15
       9
      12
      14
       7
       7
      11
       9
       6
      12
       9
      11
      11
       8
      13
       8
       5
       9
       8
      12
      11
       8
      17
       8
       8
       7
       5
       9
      10
      12
       6
       9
      14
      15
       7
       4
       6
      12
       8
       5
       6
       9
       9
       8
       8
       2
       6
       7
       7
       8
      11
      10
      14
       6
       5
      10
       4
      17
       9
       9
      14
      11
       5
       3
      15
       7
      10
       7
      13
       8
       9
      13
       9
      11
      16
      11
       8
      15
       6
       5
       9
       6
       6
       5
      10
      10
       9
      12
      13
      12
       7
      10
       4
       9
       4
      12
       7
       5
       8
       5
       6
      11
       8
      12
       7
       6
       6
       7
       7
       8
       8
       9
       8
      10
       6
      10
      14
       9
       8
       8
       8
      12
      11
      10
       3
      11
       9
       1
      10
      10
       6
      11
       3
       4
      10
       6
      12
       8
      10
       8
      24
      17
      36
      46
      54
      76
      77
     147
     184
     269
     363
     597
     860
     943
     970
     766
     482
     235
      88
      32
      12
       7
       7
       6
       9
       7
       7
      10
       9
       5
       4
       6
       4
      10
       4
       9
       7
       5
       6
       3
       3
       7
       6
       6
       3
       6
       4
       6
       3
       2
       5
      10
      11
       7
       6
       3
       7
       4
       3
      13
       7
       3
       4
       8
       5
       9
       5
       7
       3
       4
       3
       2
       8
       6
      12
       4
       6
       3
       9
       9
       5
       6
       9
       6
      12
      11
       8
       6
       9
      11
       5
      12
      11
      10
       9
       4
       2
       8
       3
       4
       2
       4
       1
       3
       5
       4
       3
       1
       4
       4
       3
       5
       4
       2
       3
       2
       1
       5
       4
       4
       5
       5
       3
       3
       2
       4
       2
       2
       3
       0
       2
       1
       3
       4
       1
       1
       0
       2
       4
       2
       4
       7
       1
       5
       4
       4
       4
       6
       4
       4
       3
       3
       1
       1
       2
       3
       4
       3
       3
       2
       0
       2
       2
       2
       3
       0
       1
       4
       0
       2
       1
       3
       3
       6
       4
       2
       3
       1
       4
       0
       0
       5
       3
       2
       2
       2
       3
       3
       4
       1
       5
       2
       2
       2
       1
       2
       2
       4
       4
       4
       1
       5
       1
       2
       1
       5
       1
       1
       3
       2
       3
       1
       2
       3
       1
       2
       2
       1
       0
       0
       3
       2
       5
       7
       1
       3
       1
       4
       4
       2
       2
       5
       3
       4
       4
       1
       1
       1
       7
       1
       3
       0
       2
       1
       1
       1
       2
       3
       0
       1
       7
       1
       2
       2
       0
       0
       1
       3
       1
       3
       3
       5
       2
       2
       4
       3
       2
       4
       4
       3
       4
       4
       4
       2
       2
       5
       2
       1
       4
       3
       3
       0
       1
       0
       4
       2
       2
       3
       0
       3
       4
       2
       5
       2
       3
       2
       4
       2
       0
       2
       1
       2
       3
       2
       0
       2
       1
       6
       0
       1
       1
       4
       4
       0
       0
       2
       2
       1
       1
       2
       2
       2
       2
       2
       3
       1
       3
       2
       1
       5
       2
       1
       1
       3
       1
       1
       3
       1
       4
       4
       0
       1
       2
       3
       5
       6
       3
       4
       2
       3
       2
       1
       4
       1
       0
       3
       1
       4
       3
       2
       1
       2
       3
       1
       1
       2
       4
       3
       1
       2
       3
       2
       4
       2
       2
       3
       1
       3
       0
       1
       1
       0
       1
       4
       2
       2
       2
       1
       2
       3
       1
       3
       1
       3
       3
       3
       0
       0
       2
       0
       2
       0
       1
       3
       5
       1
       3
       1
       3
       0
       2
       2
       4
       4
       5
       2
       1
       3
       1
       1
       1
       3
       1
       2
       4
       2
       4
       2
       0
       2
       1
       2
       0
       0
       5
       1
       3
       0
       2
       2
       3
       3
       3
       3
       3
       4
       1
       0
       3
       1
       2
       5
       1
       2
       3
       1
       1
       2
       2
       3
       1
       0
       0
       1
       1
       2
       2
       2
       0
       3
       4
       2
       4
       0
       0
       1
       1
       4
       1
       2
       3
       3
       0
       2
       4
       1
       2
       0
       1
       4
       3
       3
       0
       0
       1
       3
       2
       2
       1
       2
       2
       2
       2
       0
       0
       5
       5
       3
       4
       2
       1
       1
       2
       1
       2
       4
       0
       2
       3
       2
       0
       2
       2
       1
       2
       1
       3
       4
       3
       2
       1
       2
       5
       2
       0
       4
       2
       3
       0
       2
       2
       1
       1
       2
       1
       4
       4
       2
       1
       0
       1
       1
       4
       1
       0
       1
       2
       6
       4
       0
       1
       1
       1
       4
       1
       2
       2
       0
       2
       3
       3
       0
       4
       1
       3
       0
       2
       2
       1
       2
       2
       1
       2
       3
       3
       5
       1
       2
       2
       3
       4
       0
       1
       0
       3
       0
       0
       2
       2
       3
       3
       1
       1
       3
       4
       0
       1
       2
       1
       0
       0
       1
       0
       6
       1
       2
       2
       1
       2
       0
       2
       0
       0
       4
       2
       0
       3
       3
       1
       1
       1
       1
       3
       1
       1
       1
       2
       0
       2
       1
       2
       5
       2
       2
       2
       1
       1
       0
       2
       1
       1
       5
       1
       4
       0
       0
       3
       4
       0
       0
       5
       3
       3
       2
       1
       2
       3
       1
       3
       2
       1
       6
       1
       3
       5
       3
       1
       1
       1
       3
       2
       5
       0
       0
       1
       0
       3
       0
       1
       3
       1
       2
       3
       0
       3
       1
       2
       2
       1
       1
       3
       1
       5
       3
       1
       1
       0
       2
       3
       1
       4
       1
       1
       0
       2
       2
       4
       5
       0
       1
       3
       0
       0
       4
       2
       4
       1
       0
       1
       1
       2
       1
       0
       1
       0
       1
       1
       0
       1
       1
       1
       1
       0
       2
       2
       2
       0
       1
       5
       1
       3
       2
       2
       3
       1
       0
       0
       2
       2
       2
       4
       2
       2
       1
       1
       2
       1
       2
       0
       1
       1
       3
       1
       1
       1
       2
       1
       2
       1
       2
       2
       2
       2
       2
       1
       1
       3
       1
       5
       0
       3
       0
       3
       1
       0
       2
       2
       2
       1
       1
       0
       1
       2
       1
       1
       1
       1
       3
       1
       2
       2
       1
       1
       2
       3
       3
       4
       2
       2
       1
       1
       2
       1
       2
       2
       2
       0
       1
       0
       0
       1
       1
       0
       2
       1
       1
       1
       3
       0
       2
       3
       1
       3
       2
       5
       3
       0
       1
       3
       0
       2
       1
       1
       1
       0
       1
       1
       4
       0
       2
       3
       1
       1
       1
       0
       2
       2
       3
       2
       2
       4
       3
       0
       4
       3
       1
       0
       0
       3
       1
       3
       1
       0
       1
       2
       0
       2
       2
       5
       0
       2
       1
       2
       2
       1
       2
       0
       3
       1
       2
       1
       2
       1
       2
       0
       0
       1
       1
       2
       1
       1
       2
       0
       0
       2
       2
       3
       0
       0
       3
       0
       5
       2
       1
       2
       2
       1
       1
       2
       2
       0
       2
       1
       2
       1
       0
       2
       1
       1
       0
       1
       1
       3
       3
       1
       1
       4
       0
       2
       2
       2
       2
       0
       0
       0
       1
       3
       0
       1
       4
       0
       3
       4
       2
       3
       3
       2
       0
       4
       3
       1
       1
       1
       2
       0
       0
       3
       1
       3
       3
       2
       3
       0
       1
       2
       1
       3
       0
       2
       0
       1
       0
       2
       3
       1
       0
       3
       0
       1
       1
       3
       1
       1
       1
       3
       2
       2
       2
       1
       2
       4
       1
       1
       1
       3
       1
       4
       3
       2
       0
       3
       1
       0
       4
       1
       0
       6
       1
       0
       1
       1
       0
       2
       1
       3
       1
       1
       2
       1
       2
       1
       5
       5
       1
       1
       0
       1
       3
       2
       1
       1
       1
       4
       1
       0
       2
       2
       0
       2
       4
       0
       2
       3
       0
       1
       1
       0
       4
       0
       2
       4
       2
       2
       2
       2
       3
       2
       3
       0
       0
       2
       1
       1
       0
       2
       0
       2
       3
       4
       0
       0
       0
       4
       1
       3
       0
       3
       1
       2
       0
       2
       2
       1
       0
       1
       2
       1
       0
       4
       0
       2
       1
       0
       0
       1
       1
       1
       2
       2
       2
       0
       0
       1
       1
       0
       0
       0
       3
       3
       2
       2
       1
       1
       1
       3
       1
       2
       1
       1
       2
       2
       2
       4
       1
       0
       0
       3
       1
       0
       0
       0
       0
       1
       0
       2
       2
       1
       3
       0
       0
       0
       1
       1
       3
       1
       0
       2
       3
       1
       1
       3
       1
       0
       3
       3
       4
       1
       1
       0
       2
       2
       2
       0
       0
       3
       3
       0
       1
       2
       1
       5
       1
       3
       0
       1
       1
       1
       2
       0
       1
       2
       1
       0
       1
       2
       3
       3
       1
       1
       1
       0
       2
       1
       0
       3
       0
       1
       1
       2
       0
       0
       2
       2
       2
       2
       2
       1
       0
       1
       2
       1
       1
       1
       3
       2
       0
       2
       1
       1
       2
       1
       4
       1
       1
       1
       1
       1
       3
       2
       0
       0
       2
       2
       3
       1
       0
       0
       3
       1
       0
       1
       0
       2
       2
       2
       0
       2
       3
       6
       3
       0
       1
       2
       3
       2
       0
       1
       2
       2
       1
       1
       1
       1
       0
       1
       1
       3
       1
       1
       2
       2
       2
       2
       1
       0
       2
       2
       2
       0
       2
       3
       2
       0
       0
       4
       0
       3
       2
       2
       2
       1
       5
       4
       2
       2
       2
       3
       3
       1
       1
       2
       0
       2
       0
       4
       1
       0
       0
       0
       2
       1
       2
       1
       3
       0
       1
       0
       1
       0
       2
       3
       1
       0
       1
       1
       2
       1
       1
       1
       0
       1
       2
       0
       2
       2
       2
       2
       0
       0
       1
       3
       3
       0
       1
       2
       1
       3
       3
       2
       1
       0
       0
       3
       3
       1
       0
       3
       0
       1
       2
       2
       1
       1
       2
       0
       1
       1
       2
       1
       3
       0
       1
       0
       2
       2
       1
       3
       0
       1
       2
       4
       1
       2
       1
       1
       1
       1
       0
       0
       1
       0
       1
       2
       0
       2
       2
       4
       2
       2
       0
       1
       0
       1
       1
       3
       1
       1
       2
       1
       2
       0
       2
       3
       2
       1
       2
       0
       1
       5
       0
       0
       2
       2
       0
       1
       0
       2
       2
       1
       3
       1
       3
       3
       1
       3
       2
       0
       0
       2
       1
       3
       1
       3
       2
       3
       2
       1
       2
       0
       0
       2
       1
       1
       0
       5
       5
       1
       0
       2
       0
       1
       0
       2
       1
       2
       3
       3
       2
       1
       1
       0
       1
       2
       2
       1
       0
       0
       2
       2
       0
       1
       4
       1
       3
       0
       0
       3
       2
       3
       0
       0
       2
       0
       0
       1
       1
       1
       0
       1
       1
       2
       0
       4
       1
       0
       1
       1
       0
       1
       2
       0
       2
       0
       4
       0
       3
       2
       0
       1
       1
       0
       1
       2
       0
       1
       1
       3
       2
       2
       1
       2
       0
       3
       0
       1
       1
       2
       2
       3
       2
       3
       3
       2
       1
       3
       2
       4
       2
       0
       5
       0
       0
       0
       1
       1
       1
       1
       0
       2
       1
       2
       1
       0
       2
       0
       2
       1
       0
       1
       0
       3
       1
       3
       2
       2
       2
       2
       6
       1
       2
       2
       1
       0
       2
       2
       1
       0
       2
       0
       2
       1
       0
       1
       0
       3
       1
       3
       1
       2
       1
       2
       3
       1
       2
       1
       1
       4
       1
       0
       1
       1
       1
       1
       1
       2
       2
       3
       1
       1
       1
       1
       2
       1
       2
       4
       2
       3
       2
       0
       2
       0
       1
       2
       1
       2
       1
       2
       3
       2
       1
       0
       1
       2
       0
       0
       1
       1
       0
       0
       0
       3
       0
       1
       1
       4
       0
       2
       0
       1
       1
       3
       0
       0
       1
       0
       2
       2
       1
       2
       0
       3
       2
       0
       2
       3
       1
       2
       0
       1
       2
       3
       2
       3
       2
       1
       2
       1
       0
       0
       2
       0
       2
       0
       0
       2
       0
       1
       2
       0
       0
       1
       0
       5
       0
       0
       1
       1
       0
       0
       0
       0
       2
       1
       3
       2
       2
       2
       2
       4
       3
       2
       3
       1
       1
       1
       3
       1
       5
       3
       3
       2
       1
       1
       3
       1
       0
       3
       2
       3
       2
       1
       2
       1
       0
       0
       2
       3
       3
       0
       3
       0
       0
       1
       1
       1
       2
       0
       0
       1
       0
       0
       0
       1
       1
       0
       0
       1
       4
       2
       1
       4
       1
       1
       2
       1
       3
       0
       1
       3
       1
       2
       1
       2
       2
       2
       0
       0
       0
       2
       3
       0
       3
       3
       2
       1
       0
       0
       2
       2
       2
       0
       1
       0
       2
       0
       3
       0
       1
       0
       1
       2
       0
       3
       0
       1
       1
       2
       1
       1
       0
       0
       1
       0
       1
       1
       2
       1
       1
       1
       4
       2
       0
       0
       1
       0
       2
       2
       0
       1
       1
       2
       1
       1
       1
       3
       1
       0
       1
       0
       1
       0
       0
       0
       1
       3
       2
       0
       1
       2
       1
       2
       0
       1
       2
       2
       0
       0
       2
       1
       2
       0
       1
       1
       1
       1
       3
       2
       0
       1
       2
       1
       1
       2
       1
       4
       0
       1
       2
       4
       1
       0
       2
       1
       3
       2
       1
       1
       0
       0
       0
       1
       1
       1
       0
       0
       1
       0
       3
       1
       1
       0
       2
       1
       4
       0
       1
       3
       2
       0
       0
       0
       0
       0
       0
       2
       1
       2
       3
       0
       0
       0
       1
       0
       1
       0
       2
       2
       1
       0
       1
       3
       3
       2
       2
       2
       2
       1
       1
       0
       0
       0
       2
       3
       1
       0
       0
       0
       0
       1
       1
       1
       4
       1
       2
       3
       4
       0
       3
       1
       0
       1
       0
       2
       2
       1
       1
       0
       0
       2
       1
       2
       4
       0
       0
       0
       0
       0
       1
       1
       1
       1
       1
       2
       1
       0
       1
       1
       0
       1
       1
       0
       2
       0
       2
       1
       2
       0
       2
       0
       0
       1
       0
       0
       1
       2
       0
       0
       2
       0
       0
       0
       0
       0
       3
       1
       1
       1
       4
       0
       1
       2
       2
       0
       2
       1
       3
       0
       1
       1
       0
       1
       1
       2
       0
       0
       1
       0
       3
       1
       0
       2
       3
       0
       1
       0
       1
       2
       2
       2
       2
       1
       3
       0
       0
       3
       3
       1
       1
       2
       2
       2
       0
       3
       0
       0
       2
       1
       0
       0
       0
       0
       0
       1
       0
       1
       0
       2
       0
       0
       3
       1
       2
       0
       0
       3
       0
       2
       2
       3
       1
       2
       1
       1
       1
       1
       1
       0
       6
       0
       2
       1
       1
       1
       0
       1
       3
       0
       1
       1
       0
       1
       2
       0
       1
       3
       1
       2
       1
       2
       0
       1
       4
       1
       1
       0
       1
       0
       2
       0
       0
       1
       2
       1
       1
       2
       1
       0
       0
       0
       2
       0
       3
       0
       1
       0
       0
       0
       0
       3
       1
       0
       2
       0
       2
       1
       1
       0
       2
       1
       0
       2
       2
       2
       2
       0
       2
       0
       1
       2
       1
       1
       2
       1
       1
       0
       0
       3
       1
       0
       0
       4
       0
       1
       0
       0
       0
       1
       1
       0
       1
       0
       2
       0
       1
       0
       4
       1
       0
       2
       0
       2
       3
       2
       1
       0
       0
       2
       1
       2
       2
       0
       0
       0
       0
       0
       4
       2
       2
       1
       1
       0
       0
       1
       3
       1
       2
       0
       1
       0
       0
       1
       0
       0
       1
       0
       1
       1
       0
       1
       0
       0
       3
       0
       0
       0
       0
       2
       0
       1
       1
       0
       0
       1
       1
       3
       1
       0
       2
       0
       3
       2
       2
       0
       0
       1
       1
       2
       3
       1
       2
       0
       2
       1
       0
       2
       0
       2
       0
       1
       1
       2
       2
       1
       1
       1
       0
       0
       0
       1
       3
       1
       1
       1
       2
       2
       1
       1
       1
       1
       0
       3
       0
       1
       0
       1
       3
       2
       0
       0
       0
       2
       1
       0
       3
       2
       0
       2
       1
       1
       0
       2
       0
       1
       1
       0
       4
       1
       0
       2
       0
       2
       0
       1
       0
       1
       1
       2
       2
       2
       1
       2
       2
       2
       1
       1
       2
       0
       1
       0
       0
       0
       1
       1
       1
       0
       1
       2
       0
       1
       0
       1
       0
       1
       0
       2
       0
       1
       2
       3
       3
       2
       1
       1
       0
       3
       1
       0
       1
       0
       2
       2
       0
       1
       2
       3
       2
       3
       0
       2
       1
       1
       0
       1
       1
       2
       0
       2
       0
       0
       3
       1
       0
       2
       0
       1
       2
       2
       1
       1
       1
       0
       0
       0
       1
       0
       1
       0
       0
       1
       1
       0
       3
       1
       1
       2
       1
       0
       0
       2
       1
       1
       3
       0
       0
       2
       1
       1
       0
       0
       1
       0
       1
       0
       4
       2
       0
       2
       2
       2
       2
       3
       0
       1
       0
       0
       2
       0
       0
       0
       0
       0
       1
       0
       1
       2
       2
       0
       0
       0
       0
       1
       1
       0
       1
       2
       0
       1
       0
       1
       0
       2
       2
       0
       1
       3
       4
       0
       0
       0
       1
       0
       0
       0
       1
       1
       0
       0
       0
       1
       1
       0
       1
       3
       0
       2
       0
       2
       1
       1
       0
       2
       1
       1
       0
       1
       4
       2
       0
       3
       0
       1
       0
       0
       0
       1
       0
       1
       3
       1
       2
       1
       0
       0
       1
       0
       2
       2
       1
       1
       2
       1
       1
       0
       0
       2
       0
       1
       4
       1
       0
       1
       1
       1
       3
       1
       1
       2
       1
       0
       1
       0
       2
       1
       0
       2
       1
       0
       4
       0
       1
       1
       2
       0
       1
       2
       2
       0
       2
       2
       4
       1
       1
       1
       0
       0
       1
       2
       0
       1
       2
       2
       3
       0
       0
       2
       2
       1
       1
       0
       1
       1
       0
       1
       0
       2
       0
       0
       0
       2
       1
       2
       1
       2
       0
       0
       3
       2
       1
       0
       2
       0
       0
       0
       0
       0
       2
       0
       1
       3
       2
       0
       1
       1
       0
       1
       2
       1
       2
       1
       1
       1
       1
       1
       1
       1
       1
       0
       0
       1
       0
       0
       1
       1
       2
       1
       1
       1
       0
       0
       1
       0
       1
       1
       1
       1
       1
       3
       0
       1
       0
       0
       1
       4
       1
       0
       1
       3
       1
       0
       2
       2
       2
       0
       2
       1
       1
       0
       2
       2
       2
       3
       0
       0
       0
       3
       1
       2
       0
       1
       1
       0
       0
       0
       2
       1
       0
       1
       1
       2
       0
       2
       1
       0
       1
       1
       1
       0
       1
       1
       1
       3
       1
       1
       1
       0
       0
       1
       1
       1
       3
       3
       0
       1
       1
       1
       1
       0
       1
       1
       1
       3
       1
       2
       2
       0
       0
       2
       2
       1
       1
       2
       3
       0
       0
       1
       1
       3
       2
       0
       1
       0
       2
       2
       4
       1
       0
       0
       2
       0
       1
       0
       2
       1
       1
       1
       1
       0
       0
       2
       1
       0
       0
       2
       1
       1
       3
       0
       1
       2
       0
       0
       2
       1
       0
       0
       4
       2
       2
       0
       0
       1
       0
       0
       1
       0
       1
       0
       1
       1
       0
       1
       1
       1
       1
       0
       0
       2
       0
       1
       1
       2
       1
       3
       0
       1
       0
       1
       3
       1
       4
       0
       0
       2
       1
       2
       3
       2
       3
       1
       2
       1
       0
       2
       1
       1
       1
       1
       0
       0
       0
       1
       1
       3
       2
       2
       1
       3
       1
       2
       0
       2
       3
       1
       1
       1
       2
       1
       0
       1
       1
       1
       1
       1
       1
       0
       3
       1
       1
       0
       1
       1
       1
       3
       1
       1
       1
       1
       1
       0
       1
       0
       0
       2
       2
       0
       0
       0
       0
       0
       2
       1
       3
       0
       0
       1
       0
       0
       2
       1
       0
       0
       3
       0
       1
       1
       0
       1
       0
       0
       1
       1
       1
       0
       1
       1
       1
       0
       4
       3
       1
       2
       0
       1
       0
       1
       2
       0
       0
       3
       1
       0
       3
       1
       0
       0
       0
       3
       0
       2
       1
       1
       1
       1
       0
       0
       1
       0
       0
       3
       1
       3
       2
       1
       1
       2
       0
       2
       1
       0
       3
       2
       0
       0
       0
       1
       2
       0
       2
       1
       0
       0
       1
       1
       1
       1
       1
       0
       1
       0
       0
       4
       0
       2
       1
       2
       2
       0
       2
       0
       1
       1
       0
       2
       1
       1
       0
       3
       0
       2
       4
       0
       0
       0
       1
       1
       0
       1
       2
       5
       2
       0
       0
       1
       1
       1
       2
       2
       0
       0
       1
       1
       1
       1
       2
       0
       2
       1
       1
       0
       2
       3
       1
       1
       1
       0
       1
       1
       1
       2
       0
       0
       0
       2
       1
       2
       1
       1
       1
       1
       0
       1
       0
       2
       0
       0
       2
       1
       0
       0
       1
       0
       3
       1
       1
       0
       1
       1
       0
       0
       2
       1
       3
       1
       0
       1
       1
       0
       1
       0
       0
       1
       2
       0
       1
       2
       1
       0
       2
       0
       0
       0
       1
       1
       1
       1
       4
       0
       2
       0
       1
       2
       1
       0
       2
       1
       1
       1
       1
       2
       0
       0
       0
       1
       0
       1
       2
       1
       1
       2
       0
       0
       1
       0
       1
       1
       0
       0
       0
       1
       0
       1
       0
       0
       1
       0
       0
       0
       0
       2
       0
       0
       3
       0
       0
       0
       0
       1
       0
       1
       2
       1
       3
       0
       1
       1
       1
       1
       0
       0
       1
       0
       0
       1
       2
       2
       1
       0
       1
       3
       1
       0
       1
       2
       0
       3
       0
       1
       3
       2
       2
       0
       2
       1
       2
       1
       3
       2
       2
       0
       1
       0
       1
       1
       0
       3
       1
       2
       0
       1
       1
       0
       1
       0
       0
       0
       0
       1
       0
       3
       0
       0
       0
       0
       1
       2
       0
       0
       1
       2
       2
       0
       0
       0
       2
       1
       1
       3
       0
       0
       0
       1
       1
       1
       2
       0
       0
       0
       4
       1
       1
       2
       0
       0
       0
       1
       1
       0
       2
       1
       1
       2
       0
       0
       1
       1
       3
       1
       2
       0
       0
       0
       0
       1
       1
       1
       0
       0
       1
       1
       0
       0
       0
       1
       0
       0
       0
       1
       3
       1
       0
       0
       2
       0
       2
       0
       1
       0
       0
       0
       0
       0
       1
       1
       0
       0
       1
       0
       0
       2
       2
       1
       0
       1
       1
       0
       2
       1
       3
       1
       1
       0
       1
       2
       0
       1
       0
       2
       1
       2
       1
       2
       1
       0
       2
       2
       0
       0
       1
       0
       0
       0
       0
       3
       1
       1
       2
       1
       0
       0
       1
       1
       0
       1
       0
       0
       0
       1
       1
       0
       2
       2
       0
       0
       1
       1
       1
       2
       1
       2
       1
       1
       0
       1
       2
       2
       0
       0
       0
       0
       2
       0
       2
       1
       1
       0
       0
       0
       2
       2
       1
       1
       2
       0
       1
       1
       1
       2
       1
       1
       0
       0
       0
       1
       2
       0
       2
       1
       2
       3
       2
       1
       1
       3
       0
       3
       0
       1
       1
       0
       0
       2
       2
       0
       0
       0
       1
       1
       0
       2
       0
       1
       2
       2
       2
       2
       0
       1
       0
       2
       0
       1
       2
       3
       0
       1
       0
       3
       5
       0
       0
       1
       1
       1
       2
       2
       0
       0
       0
       0
       0
       0
       1
       0
       2
       0
       3
       1
       2
       0
       2
       1
       0
       1
       1
       1
       1
       0
       2
       2
       1
       2
       0
       1
       0
       1
       0
       0
       0
       1
       2
       0
       0
       0
       1
       1
       0
       0
       0
       1
       1
       1
       1
       2
       1
       0
       1
       1
       0
       1
       0
       0
       0
       0
       1
       0
       1
       0
       0
       3
       1
       1
       1
       1
       1
       0
       1
       0
       2
       2
       0
       0
       0
       1
       0
       2
       1
       1
       2
       0
       0
       1
       1
       2
       2
       0
       0
       0
       0
       2
       0
       1
       1
       0
       0
       1
       1
       1
       0
       0
       1
       1
       1
       2
       1
       1
       0
       0
       0
       1
       2
       2
       3
       1
       0
       1
       0
       1
       1
       2
       2
       1
       1
       0
       4
       1
       2
       0
       0
       1
       1
       3
       1
       0
       0
       1
       0
       2
       2
       0
       3
       2
       3
       0
       2
       0
       0
       0
       0
       0
       1
       1
       3
       2
       0
       2
       2
       2
       2
       0
       0
       0
       0
       0
       0
       3
       2
       1
       4
       1
       0
       0
       1
       0
       1
       0
       0
       1
       1
       1
       3
       0
       1
       4
       0
       1
       0
       0
       1
       1
       0
       1
       2
       1
       2
       0
       1
       0
       2
       2
       1
       0
       0
       1
       0
       0
       1
       0
       0
       1
       1
       2
       0
       0
       0
       0
       1
       1
       0
       0
       1
       3
       0
       2
       1
       2
       1
       2
       1
       2
       0
       1
       2
       0
       1
       0
       1
       1
       0
       1
       2
       1
       2
       0
       1
       1
       1
       1
       2
       1
       1
       1
       2
       1
       1
       2
       3
       0
       2
       0
       1
       3
       2
       0
       1
       1
       0
       2
       1
       0
       1
       1
       1
       2
       1
       0
       1
       0
       1
       2
       2
       2
       1
       0
       1
       1
       0
       1
       0
       0
       1
       0
       0
       2
       0
       1
       1
       0
       2
       0
       1
       0
       3
       1
       1
       0
       1
       1
       0
       0
       1
       1
       0
       3
       0
       1
       1
       1
       3
       1
       2
       1
       0
       1
       1
       0
       3
       0
       0
       0
       0
       0
       0
       0
       0
       0
       0
       0
       0
       0
       0
       0
       0
       0
       0
       0
       0
       0
       0
       0
       0
       0
       0
       0
       0
       0
       0
       0
       0
       0
       0
       0
       0
       0
       0
       0
       0
       0
       0
       0
       0
       0
       0
       0
       0
       0
       0
       0
       0
       0
       0
       0
       0
       0
       0
       0
       0
       0
       0
       0
       0
       0
       0
       0
       0
       0
       0
       0
       0
       0
       0
       0
       0
       0
       0
       0
       0
       0
       0
       0
       0
       0
       0
       0
       0
       0
       0
       0
       0
       0
       0
       0
       0
       0
       0
       0
       0
       0
       0
       0
       0
       0
       0
       0
       0
       0
       0
       0
       0
       0
       0
       0
       0
       0
       0
       0
       0
       0
       0
       0
       0
       0
       0
       0
       0
       0
       0
$ROI:
6
110 127
133 142
1901 1925
2163 2177
2374 2384
4256 4262
$PRESETS:
None
0
0
$ENER_FIT:
1.916382 0.612805
$MCA_CAL:
3
1.916382E+000 6.128052E-001 0.000000E+000 keV
$SHAPE_CAL:
3
2.905076E+000 5.086795E-004 0.000000E+000
