$SPEC_ID:
No sample description was entered.
$SPEC_REM:
DET# 1
DETDESC# DESKTOP-AKUPN2F Easy-MCA-8k SN 09022236
AP# Maestro Version 7.01
$DATE_MEA:
02/10/2017 14:23:51
$MEAS_TIM:
9290 9308
$DATA:
0 8191
       0
       0
       0
       0
       0
       0
       0
       0
       9
       0
       0
       1
       0
       0
       0
       1
       0
       0
       0
       0
       0
       0
       0
       0
       0
       0
       0
       0
       0
       0
       0
       0
       0
       0
       0
       0
       0
       0
       0
       0
       0
       0
       0
       0
       0
       0
       0
       0
       0
       0
       0
       0
       0
       0
       0
       0
       0
       1
      10
      26
      90
     154
     220
     335
     485
     438
     165
      80
     135
     610
     737
     711
     693
     688
     739
     755
     752
     704
     741
     753
     743
     763
     782
     807
     784
     770
     784
     828
     825
     851
     865
     887
     989
     964
     963
     969
    1016
    1002
    1005
    1111
    1122
    1164
    1159
    1168
    1184
    1191
    1161
    1219
    1262
    1211
    1318
    1388
    1316
    1409
    1396
    1511
    1964
    2757
    3092
    2662
    3424
    4363
    3626
    2242
    1628
    1584
    1407
    1331
    1403
    1343
    1411
    1397
    1389
    1445
    1461
    1757
    2178
    2692
    2376
    1952
    1675
    1840
    1787
    1536
    1484
    1486
    1423
    1471
    1424
    1463
    1435
    1487
    1452
    1388
    1441
    1427
    1430
    1346
    1410
    1443
    1444
    1398
    1431
    1430
    1407
    1409
    1334
    1381
    1407
    1398
    1392
    1477
    1421
    1465
    1436
    1423
    1376
    1414
    1361
    1395
    1304
    1347
    1297
    1345
    1370
    1409
    1355
    1366
    1302
    1367
    1355
    1303
    1373
    1346
    1361
    1314
    1616
    2262
    2717
    2229
    1560
    1368
    1257
    1338
    1175
    1313
    1298
    1284
    1307
    1273
    1273
    1237
    1247
    1227
    1158
    1190
    1187
    1213
    1233
    1171
    1278
    1304
    1345
    1237
    1121
    1190
    1164
    1198
    1110
    1112
    1134
    1140
    1057
    1051
    1112
    1099
    1108
    1078
    1161
    1021
    1009
    1071
    1086
    1088
    1046
    1016
    1033
     973
    1035
    1035
    1016
     963
     973
     985
    1025
    1045
     966
    1008
     987
     970
     970
     946
     926
     921
     935
     921
     950
     892
     875
     914
     860
     895
     888
     901
     888
     863
     901
     888
     881
     914
     864
     862
     864
     875
     801
     831
     846
     821
     806
     753
     841
     817
     838
     790
     832
     794
     772
     772
     769
     797
     775
     822
     880
     829
     809
     786
     751
     743
     761
     744
     736
     769
     728
     775
     755
     741
     732
     687
     689
     763
     713
     680
     712
     684
     693
     677
     673
     654
     702
     688
     685
     711
     701
     644
     647
     629
     631
     665
     698
     686
     708
     670
     620
     613
     675
     651
     585
     635
     611
     587
     588
     572
     653
     587
     607
     637
     635
     624
     601
     554
     657
     534
     563
     570
     585
     535
     577
     605
     560
     584
     540
     576
     559
     521
     596
     564
     532
     529
     537
     538
     533
     537
     515
     568
     503
     540
     636
     844
    1015
     916
     671
     587
     574
     596
     607
     504
     514
     509
     475
     465
     474
     468
     434
     520
     447
     486
     443
     478
     471
     425
     474
     467
     459
     413
     409
     470
     439
     449
     462
     417
     436
     401
     419
     437
     396
     387
     410
     425
     386
     417
     394
     396
     450
     398
     395
     384
     394
     356
     438
     424
     443
     408
     423
     381
     384
     394
     385
     361
     404
     374
     370
     394
     392
     364
     367
     392
     365
     424
     390
     361
     354
     361
     369
     394
     336
     369
     329
     338
     349
     366
     356
     357
     368
     348
     345
     356
     347
     324
     344
     453
     535
     533
     421
     327
     321
     351
     347
     335
     335
     336
     376
     285
     311
     302
     312
     310
     317
     348
     320
     325
     304
     297
     286
     280
     314
     321
     296
     320
     287
     295
     326
     285
     297
     280
     285
     306
     265
     292
     276
     286
     303
     304
     309
     280
     281
     301
     271
     289
     274
     293
     274
     248
     269
     307
     316
     302
     292
     286
     266
     273
     265
     254
     299
     275
     285
     237
     287
     258
     258
     308
     349
     370
     327
     249
     247
     294
     238
     257
     240
     232
     274
     232
     241
     282
     265
     252
     228
     292
     280
     251
     293
     380
     579
     637
     538
     339
     224
     224
     259
     229
     217
     210
     232
     226
     246
     205
     236
     204
     246
     217
     220
     242
     225
     216
     219
     232
     215
     215
     244
     228
     218
     213
     234
     216
     211
     215
     223
     200
     214
     203
     235
     219
     213
     221
     194
     224
     214
     222
     177
     196
     206
     198
     202
     197
     214
     184
     200
     198
     193
     202
     218
     225
     219
     201
     206
     200
     202
     211
     201
     206
     198
     201
     193
     190
     200
     186
     184
     209
     225
     205
     191
     196
     225
     198
     194
     188
     201
     220
     198
     201
     168
     173
     156
     174
     201
     185
     194
     217
     184
     190
     199
     197
     182
     188
     168
     181
     177
     187
     185
     205
     186
     183
     199
     187
     178
     185
     196
     144
     171
     195
     136
     175
     172
     154
     169
     186
     169
     182
     180
     164
     158
     204
     168
     161
     158
     178
     170
     165
     159
     153
     172
     159
     214
     186
     179
     173
     198
     172
     168
     166
     176
     159
     154
     153
     168
     172
     164
     152
     156
     177
     161
     160
     155
     201
     158
     163
     176
     177
     164
     159
     170
     176
     156
     155
     168
     156
     166
     158
     186
     168
     154
     159
     184
     202
     191
     180
     171
     150
     151
     161
     159
     165
     150
     153
     164
     158
     169
     165
     145
     154
     152
     158
     147
     143
     171
     160
     138
     137
     140
     142
     153
     145
     159
     159
     145
     149
     148
     156
     136
     146
     158
     142
     140
     156
     155
     155
     159
     150
     138
     143
     136
     135
     131
     143
     139
     135
     131
     143
     138
     135
     140
     152
     141
     135
     114
     132
     153
     144
     160
     131
     123
     127
     144
     162
     120
     124
     133
     125
     164
     205
     233
     370
     382
     300
     245
     202
     165
     131
     173
     130
     148
     141
     114
     128
     116
     114
     125
     126
     143
     111
     122
     125
     114
     113
     119
     144
     112
     108
     138
     104
     144
     132
     108
     110
     137
     112
     121
     115
     115
     111
     125
     108
     113
     121
     102
     114
     121
      90
     119
     122
     110
     126
     132
     117
     115
     123
     118
     110
     113
     136
     116
     118
     122
     101
     116
     102
     106
     102
     108
     112
     119
     100
     107
     107
     122
     107
     111
      93
     108
     104
     114
     113
     106
     115
     118
     111
     123
     120
     109
     109
     123
      89
     101
     100
     107
     105
     104
     120
     102
     106
     114
     102
     122
     124
     109
     113
      84
     110
     121
     115
      99
     102
     140
     114
     123
     120
     102
     136
     205
     316
     363
     310
     192
     116
      99
     110
     102
     105
     119
      99
     100
     108
     104
      94
      95
      75
     116
      86
      98
     124
      99
      89
      94
      96
     101
      95
      98
      92
      95
     112
      94
      86
      90
      96
      87
      94
     117
      98
     111
     129
     207
     331
     533
     485
     315
     157
      98
     105
      91
      85
      98
      91
      76
      88
     104
      88
      88
      76
      73
      88
      98
      89
     102
      73
      81
      81
      89
     107
      71
      83
      98
     103
      94
      90
      91
      92
      79
      97
      77
      74
      75
      95
      92
      85
      78
      91
      94
      81
      80
      94
      85
      73
      85
      71
      76
      94
      92
      83
      94
      90
      75
      93
      81
      91
      84
      98
      92
      89
      83
      75
      87
      89
      83
     102
      81
      89
      82
     102
      78
      84
      89
      96
      78
     112
     173
     376
     705
    1075
     978
     622
     266
     121
      99
     114
      86
      79
      78
      81
      84
      86
      76
      92
      72
      70
      76
      76
      69
      69
      81
      96
      69
      74
      93
      84
      72
      85
      93
      87
      80
      89
      86
      84
      86
      96
      88
     102
      72
      86
      88
      87
     103
      83
      78
      61
      83
      76
      72
      89
      91
      87
      86
      77
      88
      67
      80
      65
      90
      73
      64
      77
      76
      81
      73
      86
      97
      85
      90
      72
      84
      75
      63
      88
      88
      90
      78
      81
      63
      81
      79
      59
      66
      85
      67
      65
      78
      86
      92
      71
      77
      69
      76
      81
      82
      82
      72
      72
      71
      72
      78
      63
      79
      68
      80
     114
     134
     116
     108
      87
      72
      83
      89
      81
      63
      72
      60
      99
      79
      70
      70
      58
      74
      72
      72
      79
      61
      70
      63
      65
      66
      69
      72
      75
      71
      71
      55
      74
      78
      73
      76
      77
      70
      74
      80
      80
      69
      59
      67
      63
      69
      79
      80
      63
      68
      65
      65
      58
      79
      76
      68
      82
      75
      71
      85
      72
      63
      69
      77
      71
      83
      76
      77
      98
     110
      94
      66
      71
      71
      68
      51
      82
      66
      52
      65
      65
      61
      62
      64
      67
      72
      54
      69
      64
      81
      77
      80
      80
      76
      67
      64
      89
      84
      72
      87
      65
      65
      67
      67
      61
      72
      62
      53
      57
      79
      75
      88
     105
      98
      85
      50
      53
      59
      65
      68
      72
      49
      77
      59
      58
      73
      78
      63
      84
      77
      72
      72
      61
      58
      57
      62
      55
      83
      61
      65
      65
      61
      73
      48
      60
      64
      55
      45
      52
      69
      57
      63
      58
      61
      58
      48
      63
      74
      53
      66
      65
      62
      77
      59
      61
      65
      78
      55
      71
      68
      57
      69
      49
      84
      55
      74
      64
      74
      87
      74
      60
      68
      69
      74
      72
      77
      46
      71
      61
      56
      57
      53
      54
      54
      55
      55
      55
      56
      65
      55
      61
      62
      53
      57
      52
      59
      67
      44
      44
      46
      51
      68
      62
      64
      66
      51
      63
      74
     100
      78
     101
      59
      68
      67
      50
      53
      54
      64
      59
      54
      69
      62
      58
      62
      47
      53
      57
      46
      47
      47
      51
      54
      50
      53
      54
      49
      53
      55
      59
      46
      53
      52
      54
      56
      64
      60
      73
      46
      46
      55
      48
      49
      70
      48
      57
      64
      60
      39
      54
      56
      64
      40
      75
      48
      49
      57
      53
      54
      56
      51
      72
      57
      68
      62
      49
      53
      60
      75
      65
      55
      61
      49
      56
      56
      70
      67
      59
      53
      92
     123
     172
     283
     239
     164
      86
      63
      50
      44
      41
      65
      54
      47
      46
      60
      52
      48
      52
      48
      53
      51
      58
      59
      47
      48
      56
      48
      42
      45
      54
      37
      48
      55
      73
      58
      46
      54
      62
      65
      78
      72
      71
      68
      46
      46
      45
      53
      55
      45
      56
      57
      45
      44
      48
      32
      63
      44
      48
      56
      58
      54
      38
      50
      66
      55
      60
      64
      55
      54
      63
      51
      43
      51
      33
      39
      48
      50
      51
      50
      46
      47
      52
      47
      48
      61
      57
      66
      64
      73
      87
      83
      76
      54
      60
      81
     123
     172
     174
      96
      89
      53
      45
      54
      53
      47
      50
      62
      51
      44
      49
      45
      47
      28
      50
      37
      54
      52
      45
      55
      63
      53
      56
      34
      51
      53
      48
      50
      58
      46
      40
      57
      37
      55
      46
      46
      45
      63
      49
      38
      50
      57
      38
      48
      56
      48
      60
      57
      45
      51
      52
      48
      55
      51
      57
      51
      52
      53
      46
      50
      42
      46
      48
      45
      56
      40
      51
      51
      58
      44
      44
      47
      55
      66
      62
      64
      31
      49
      45
      56
      49
      50
      45
      41
      51
      58
      42
      56
      57
      57
      49
      54
      49
      44
      44
      44
      51
      44
      49
      50
      50
      56
      51
      56
      48
      60
      55
      53
      60
      46
      39
      57
      39
      42
      38
      36
      59
      55
      55
      42
      55
      48
      46
      53
      31
      45
      58
      54
      43
      46
      43
      50
      40
      54
      35
      63
      51
      49
      56
      48
      51
      41
      49
      58
      45
      43
      43
      41
      46
      41
      44
      42
      59
      46
      48
      46
      53
      42
      51
      48
      50
      43
      40
      29
      43
      52
      49
      51
      52
      53
      38
      44
      41
      48
      53
      60
      54
      50
      46
      50
      46
      42
      56
      53
      67
      41
      52
      57
      57
      50
      58
      53
      53
      55
      46
      58
      45
      39
      57
      43
      43
      48
      54
      65
      48
      51
      60
      56
      53
      43
      55
      50
      45
      44
      56
      44
      63
      58
      60
      54
      47
      49
      50
      61
      52
      49
      58
      49
      51
      49
      48
      36
      47
      43
      43
      48
      54
      46
      41
      53
      57
      81
      98
     134
     159
     139
      97
      68
      51
      60
      30
      46
      52
      53
      44
      47
      63
      47
      48
      51
      36
      51
      47
      51
      61
      41
      40
      46
      47
      53
      56
      60
      41
      63
      45
      63
      52
      44
      59
      50
      41
      49
      43
      60
      43
      40
      43
      48
      51
      54
      47
      53
      47
      63
      42
      55
      61
      38
      53
      71
      59
      62
      75
      47
      44
      55
      49
      40
      46
      39
      40
      40
      47
      48
      45
      56
      46
      47
      41
      55
      38
      32
      51
      52
      37
      55
      50
      48
      49
      69
      61
      61
      55
      58
      54
      56
      42
      49
      62
      53
      45
      53
      48
      43
      55
      57
      46
      44
      42
      44
      59
      45
      67
      41
      44
      42
      59
      58
      41
      61
      54
      54
      51
      45
      40
      49
      48
      47
      45
      48
      49
      46
      51
      42
      51
      46
      66
      56
      66
      54
      65
      44
      45
      50
      55
      51
      45
      62
      57
      43
      53
      51
      57
      36
      57
      55
      41
      58
      52
      56
      60
      59
      41
      54
      56
      55
      61
      54
      58
      55
      51
      41
      52
      59
      64
      55
      54
      55
      64
      51
      46
      60
      43
      44
      49
      45
      45
      44
      41
      42
      42
      59
      70
      64
      73
      97
     100
      91
      90
      49
      48
      52
      48
      54
      51
      45
      41
      35
      39
      46
      52
      46
      54
      41
      35
      42
      30
      33
      44
      44
      52
      39
      43
      34
      41
      34
      38
      38
      39
      37
      24
      45
      24
      53
      34
      33
      18
      44
      23
      33
      39
      45
      34
      39
      56
      27
      42
      30
      43
      36
      29
      37
      44
      36
      30
      32
      29
      35
      37
      34
      35
      36
      29
      40
      52
      56
      36
      33
      35
      45
      29
      38
      26
      36
      22
      34
      37
      27
      35
      37
      21
      28
      33
      40
      25
      29
      31
      31
      43
      29
      32
      22
      19
      32
      37
      31
      30
      30
      31
      36
      35
      30
      23
      39
      34
      28
      36
      24
      31
      27
      26
      24
      23
      30
      20
      36
      26
      18
      27
      28
      24
      26
      25
      37
      33
      26
      28
      25
      26
      30
      23
      19
      18
      25
      31
      25
      22
      26
      22
      33
      22
      34
      25
      15
      21
      30
      37
      24
      35
      46
      37
      22
      34
      19
      24
      26
      20
      23
      23
      23
      22
      29
      29
      25
      16
      18
      24
      24
      20
      17
      24
      25
      13
      16
      30
      11
      19
      29
      22
      21
      22
      21
      16
      19
      14
      15
      22
      20
      18
      16
      23
      13
      23
      12
      11
      17
      21
      17
      18
      20
      20
      14
      23
      20
      27
      20
      21
      12
      12
      18
      24
      11
      14
      12
      21
      20
      16
      17
      23
      29
      29
      28
      26
      36
      49
      35
      27
      21
      22
      18
      11
      11
      18
      24
      18
      23
      24
      27
      23
      14
      13
      15
      18
      16
      17
      17
      19
      18
      17
      18
      21
      17
      15
      13
      27
      23
      11
      12
      19
      25
      23
      21
      23
      29
      22
      16
      16
      14
      17
      16
      25
      25
      28
      30
      26
      22
      23
      18
      13
      16
      14
      12
      16
      20
      17
      15
      11
      14
      16
      14
       5
      13
      16
      23
      15
      10
      24
      14
      22
      12
      21
      12
      23
      18
      10
      15
      21
      18
      17
      12
      16
      13
      17
      14
      16
      11
      20
      17
      12
      18
      15
      21
      17
      15
       9
      18
      25
      17
      18
      22
      16
      18
      18
      19
      19
       9
      12
      20
      17
      25
      17
      13
      11
      22
      23
      15
      16
      17
      17
      23
      24
      34
      40
      94
     143
     258
     493
     852
    1313
    1504
    1193
     712
     259
      68
      16
       9
      13
      11
       6
      11
       7
      10
       8
       7
      16
      13
       7
      11
      13
       9
       8
       6
      12
       5
       8
      10
      18
       9
      13
      12
      10
       7
      13
       6
      13
       8
       7
      10
       6
      12
      17
       7
       8
       9
       5
      11
      14
       7
       9
       7
      12
      11
       7
       9
       7
       9
      15
      12
      12
       8
       6
       6
       9
      13
      10
       7
      10
      16
       7
      12
       6
      10
       6
       5
      10
      14
      17
      31
      32
      26
      15
      14
       5
       8
      10
      18
      10
       8
       4
       7
       6
       7
       7
       9
       4
       9
      10
       4
      10
       7
       7
      11
      13
       7
       9
       7
       6
      12
       5
       7
       6
      13
       2
       6
      14
       3
       8
       9
      12
       9
       6
       8
       7
       4
      12
      13
       9
       6
      11
      11
      11
       7
      10
       8
       9
       6
       9
      10
      13
       4
      10
       6
       4
       6
       7
       6
      11
       6
       8
       7
      10
       9
       9
       9
       7
       7
      12
       6
       7
      10
       4
       8
      10
       6
      10
       6
       5
      10
      12
       6
       3
       4
       8
       5
       4
       9
       6
       7
      12
      10
       9
       5
      11
       1
      10
       9
       4
       7
       7
       6
      12
       4
       9
       8
      18
      12
      14
      15
       7
      18
      13
       7
      13
       9
      19
      24
      37
      34
      23
      20
      17
      12
      16
      31
      27
      31
      14
      12
       9
      11
       9
       7
      12
       8
       8
       8
       3
       7
       8
       7
       4
       2
       8
       4
       9
       7
       9
       2
       8
       6
      10
       4
       8
       8
       7
      10
       7
       5
      10
       4
       5
      12
       6
       4
       7
      15
      13
      11
      17
      14
      14
      15
       9
       6
       7
       8
       7
       5
      15
       6
       9
      10
       1
       9
       9
      16
      15
      16
      12
       8
       3
       7
       5
       6
       6
       8
       7
       7
       7
       7
       4
      10
       9
       9
       5
       4
       5
       3
       5
       9
       3
       5
       3
       6
       5
       4
       6
       3
      11
       3
       7
       6
       5
       3
       9
      10
       1
      12
       3
       8
       6
       6
       3
      12
      10
      11
       8
       6
      10
       5
       4
       7
       6
       8
       5
       9
       8
      10
      12
       7
       5
       4
       7
       7
       2
       4
       7
       7
       4
       6
       7
       7
       9
       9
       4
       4
       2
       5
       5
       4
       6
       6
       5
       9
       8
       4
       7
       9
      11
       9
       7
       5
       7
       3
       6
       6
       9
      10
       6
       6
       4
       3
       7
       4
       3
       4
       9
       6
       2
       5
      10
       7
       7
       6
       5
       8
       9
       4
       5
       4
       3
       4
       7
       6
       5
       5
       5
       4
       6
       7
       4
       7
       3
       6
       6
       7
       7
       2
       4
       5
       6
       2
       8
       4
       5
       3
       4
      11
       9
       3
       5
       9
       6
       4
      15
      21
      20
      20
      25
      16
       7
       7
       5
       6
       7
       4
       1
       6
       2
       4
       7
       5
       2
       7
       8
       5
       3
       6
       5
       4
       8
       5
       2
       3
       5
       7
       7
       3
       3
       6
       4
       3
       5
       6
       4
       3
       8
       6
       4
       4
       5
       7
       8
      11
       7
       6
       8
       6
      14
      14
      31
      44
      60
      84
     103
      60
      44
      23
       9
       7
       8
       5
       3
       4
       8
       4
       7
       4
       1
      10
       9
      11
       8
       7
       2
       7
       5
       7
       5
       6
       7
       1
       6
       8
       8
       6
       5
       6
       5
       6
       6
       5
       4
       9
       6
       3
       6
       6
       5
       9
       2
       3
       4
       5
       1
       4
       3
       2
       3
       3
       5
      11
       3
       2
       9
       8
       5
       1
       9
       4
       3
       5
       5
       7
       4
       6
       5
       2
       8
       6
       9
       7
       6
       4
       6
       4
       4
       4
       9
       6
       2
       3
       2
       6
       3
       8
       2
       2
       4
       4
       6
       5
       6
       8
       7
       4
       5
       9
       8
       7
       3
       5
       7
       2
       5
       7
       5
       6
       2
       6
       7
      10
       5
       7
      12
       6
       7
       6
       4
       6
      10
      10
       8
       6
       7
      10
      11
      12
      17
      14
      20
      10
       9
      10
       5
       2
       5
       5
       4
       7
       7
       3
       7
       8
       3
       7
       4
       5
       7
       4
       8
       2
       5
       6
       2
       5
       9
       5
       2
       1
       4
       8
       8
       3
       3
       6
       2
      10
       3
       6
       5
       7
       7
       8
       3
       6
       3
       4
       7
       5
       6
       4
       6
       2
       1
       3
       5
       3
       5
       6
       3
       5
      10
       7
      10
       6
       6
       8
       5
       6
       7
       4
       6
       5
       6
       7
      10
       5
       7
       4
       4
       9
      12
       9
       4
       4
       4
       6
       7
       1
       6
       1
       7
       6
       4
       5
       7
       7
       3
       3
       4
       8
       4
       8
       6
       2
       6
       8
       4
       5
       6
       2
       3
       7
      10
      11
       9
       5
       5
       3
       2
      11
       4
      10
       7
       4
       8
       3
       9
       3
       6
       2
       1
       2
       6
       2
       6
       5
       3
       5
       4
       4
       7
       2
       5
       8
       6
       5
       6
       5
      10
       4
       7
       4
       8
       4
       7
       3
       4
       5
       7
       7
       3
       8
       2
       8
       3
       3
       8
       5
       1
       4
       7
       7
       4
       6
      12
       4
       4
       9
       8
       6
       4
       6
       3
       6
       3
       6
       7
       5
       5
       5
       3
       6
       9
       4
       6
       6
       6
       6
       2
       9
       4
       1
       8
       3
       4
       1
       5
       2
       4
       6
       6
       6
       3
       2
       7
       4
       2
       6
       4
       6
       6
       8
       8
       5
       7
       3
       4
       6
       7
       3
       6
       7
       0
       5
       6
       7
       1
       1
       4
       6
       3
       6
       5
       1
       2
       2
       7
       6
       4
       7
       5
       5
       2
       2
       4
       3
       6
       7
       5
       8
       2
       4
       4
       5
       4
       2
       8
       6
       4
       3
       4
       3
       4
       4
       8
       4
       2
       2
       3
       7
       3
       6
      10
       3
       1
       2
       4
       4
       4
       6
       3
       7
       4
       7
       4
       5
       9
       5
       2
       4
       5
       6
       2
       4
       2
       5
       2
       3
       4
       4
       6
       5
       2
       3
       1
       6
       6
       7
       6
       6
       6
       4
       3
       2
       3
       4
       3
       2
       2
       8
       7
       2
       6
       5
       1
       9
       5
       3
       6
       4
       9
       3
       7
       4
       2
       3
       5
       4
       6
       4
      10
       3
      10
       9
       2
       8
       3
       9
       6
       7
       6
       7
       3
       5
       2
       3
       4
       3
       8
       4
       3
       9
       7
       3
       5
       8
       2
       3
       4
       3
       1
       7
       5
       2
       4
       3
       4
       8
       3
       5
       6
       8
       4
       6
       6
       8
       6
       3
       3
       7
       4
       5
       3
       5
       3
       7
       5
       4
       6
       9
       8
      18
      21
      18
      21
      19
      20
      12
       3
       2
       5
       5
       4
       4
       7
       4
       7
       7
       5
       2
       8
       3
      12
       3
       6
       3
      10
       9
      14
       8
       8
       6
       4
       6
       4
       9
       2
       7
       3
       5
       4
       5
       6
       5
       2
       6
       5
       6
       5
       6
       1
       4
       5
       6
       3
       9
       3
       3
       4
       2
       8
       2
       3
       3
       6
       4
       2
       6
       3
       3
       2
       5
       8
       1
       1
       5
       4
       8
       5
       3
       3
       5
       2
       4
       2
       3
       4
       8
       5
       6
       4
       1
       5
       6
       4
       1
       8
       3
       8
       4
       5
       1
       3
       8
       4
       9
       8
       3
       4
       3
       1
       5
       7
       3
       3
       4
       4
       5
       1
       4
       9
       4
       6
       6
       4
       5
       4
       5
       3
       4
       9
       3
       8
       4
       7
       2
       7
       4
       7
       5
       5
       6
       2
       3
       6
       3
       5
       4
       4
       8
       5
      10
       0
       6
       3
       4
       5
       4
       4
       3
       2
       8
       6
       8
      16
      16
      20
      22
      24
      25
      11
      15
       6
       1
       4
       2
       3
       4
       4
       1
       3
       7
       3
       7
       2
       4
       6
       3
       5
       4
       4
       6
       4
       6
       3
       4
       5
       5
       4
       2
       5
       5
       3
       2
       4
       3
       5
       3
       2
       1
       5
       4
       3
       4
       3
       3
       4
       5
       4
       6
       3
       6
       5
       3
       3
       3
       7
       1
       3
       4
       4
       4
       5
       6
       4
       3
       4
       7
       2
       4
       4
       2
       2
       2
       1
       3
       6
       1
       8
       4
       7
       4
       4
       6
       6
       6
       6
       5
       3
       2
       4
       2
       7
       4
       4
       4
       5
       5
       6
       6
       2
       5
       1
       3
       2
      11
       5
       2
       5
       6
       4
       2
       7
       4
       3
       4
       3
       4
       4
       6
       6
       4
       4
       4
       3
       3
       9
       6
       4
       5
       5
       2
       4
       3
       2
       7
       5
       2
       5
       4
       7
       4
       3
       6
       4
       3
      10
       6
       6
       6
       3
       2
       2
       2
       5
       3
       4
       2
       6
       1
       3
       8
       7
       6
       4
       7
      10
       5
       5
       2
       7
       3
       4
       1
       0
       3
       3
       5
       5
       4
       6
       8
       8
       2
       5
       3
       3
       5
       6
       4
       7
       6
       6
       5
       3
       2
       5
       6
       6
       3
       9
       3
       4
       6
       6
       6
       3
       4
       7
       6
       7
       7
       6
       6
       6
       6
       4
       3
       7
       5
      10
       2
       5
       2
       5
       5
       3
       7
       3
       4
       6
       5
       9
       6
      10
       4
       5
       4
       0
       5
       6
       2
       6
       5
       2
       3
       7
       7
       5
       3
       2
       5
       8
       4
       2
       2
      10
      10
       5
       5
       7
       4
       1
       7
       8
       3
       4
       3
       4
       5
       5
       5
       7
       5
       8
       9
       4
       6
       2
       3
      10
       9
       8
       4
       3
       5
       3
       3
       4
       5
       8
       1
       9
       3
       1
       8
       2
       7
       4
       5
       3
       2
       4
       1
       3
       3
       4
       3
       7
       8
       2
       2
       6
       5
       6
       2
       5
       4
       0
       3
       7
       5
       3
       5
       3
       2
       3
       4
       4
       2
       3
       4
       7
       4
       3
       3
       2
       3
       1
       2
       7
       5
       5
       6
       3
       0
       6
       1
       4
       3
       4
       6
       2
       1
       3
       6
       4
       3
       3
       1
       3
       4
       1
       4
       2
       3
       2
       4
       5
       4
       1
       1
       2
       3
       6
       3
       3
       1
       2
       6
       3
       1
       4
       4
       3
       2
       2
       2
       3
       3
       9
       2
      14
       6
       8
       8
      14
       4
       8
       5
       3
       2
       1
       3
       3
       2
       3
       3
       1
       3
       1
       2
       1
       3
       1
       2
       5
       2
       3
       4
       1
       4
       3
       2
       2
       4
       4
       1
       1
       0
       1
       2
       3
       1
       3
       2
       3
       4
       3
       1
       2
       4
       3
       0
       0
       2
       2
       1
       3
       3
       1
       0
       1
       4
       2
       4
       2
       3
       2
       2
       0
       1
       1
       2
       2
       3
       2
       5
       4
       1
       2
       0
       3
       1
       0
       2
       2
       0
       2
       1
       0
       2
       1
       3
       2
       1
       0
       3
       2
       1
       2
       1
       0
       0
       1
       0
       0
       0
       2
       1
       1
       1
       1
       1
       1
       1
       3
       0
       1
       2
       2
       2
       1
       1
       3
       0
       3
       0
       1
       1
       0
       0
       1
       0
       1
       0
       0
       1
       1
       0
       1
       0
       2
       0
       2
       2
       4
       0
       0
       0
       1
       0
       1
       0
       0
       3
       1
       0
       0
       1
       1
       3
       0
       0
       0
       0
       2
       1
       1
       1
       2
       2
       1
       1
       0
       0
       0
       0
       3
       1
       2
       2
       0
       1
       1
       0
       1
       0
       1
       0
       0
       0
       2
       0
       1
       0
       1
       1
       0
       1
       1
       0
       0
       3
       1
       0
       1
       1
       1
       1
       4
       1
       1
       1
       1
       2
       0
       1
       0
       3
       0
       0
       1
       0
       0
       0
       1
       1
       1
       1
       1
       1
       1
       0
       1
       0
       3
       0
       1
       0
       3
       2
       0
       1
       0
       0
       3
       2
       0
       0
       0
       0
       2
       0
       0
       1
       1
       0
       1
       1
       2
       3
       1
       2
       3
       2
       5
       1
       7
      16
      22
      19
      30
      68
      79
     103
     157
     144
     125
      76
      46
      17
       5
       2
       2
       0
       0
       0
       0
       0
       1
       1
       0
       0
       0
       0
       0
       1
       1
       0
       0
       0
       0
       1
       1
       0
       1
       0
       0
       0
       1
       0
       1
       2
       0
       0
       0
       0
       1
       0
       0
       1
       1
       0
       0
       0
       0
       0
       0
       0
       0
       1
       0
       0
       0
       2
       1
       1
       1
       0
       1
       0
       0
       0
       0
       1
       0
       0
       0
       1
       0
       0
       0
       0
       1
       0
       0
       1
       1
       0
       0
       0
       0
       0
       0
       0
       0
       0
       0
       0
       0
       0
       0
       0
       0
       1
       1
       0
       0
       0
       0
       1
       1
       0
       0
       1
       0
       0
       0
       0
       0
       2
       0
       0
       1
       1
       0
       0
       0
       0
       0
       1
       0
       0
       0
       0
       1
       0
       0
       2
       1
       0
       1
       0
       0
       0
       1
       1
       0
       0
       0
       0
       0
       0
       0
       1
       0
       0
       2
       1
       0
       0
       2
       0
       0
       0
       0
       0
       0
       1
       0
       0
       0
       0
       1
       0
       0
       1
       0
       0
       0
       0
       0
       0
       2
       1
       0
       0
       0
       0
       0
       0
       0
       0
       0
       0
       0
       0
       0
       0
       0
       1
       0
       0
       0
       0
       1
       0
       3
       0
       0
       0
       1
       0
       0
       0
       0
       0
       0
       1
       0
       0
       0
       0
       0
       0
       0
       0
       0
       0
       1
       0
       0
       0
       0
       0
       0
       0
       1
       0
       1
       0
       0
       0
       0
       0
       0
       1
       0
       0
       0
       0
       0
       0
       0
       0
       0
       0
       0
       0
       0
       0
       0
       1
       0
       0
       0
       0
       0
       0
       0
       2
       0
       1
       0
       0
       1
       0
       0
       0
       0
       0
       0
       0
       0
       1
       0
       0
       0
       0
       0
       0
       0
       0
       0
       0
       0
       0
       0
       0
       1
       0
       0
       0
       0
       0
       0
       0
       0
       0
       0
       0
       0
       1
       0
       0
       0
       0
       0
       1
       0
       0
       1
       0
       0
       1
       0
       0
       1
       0
       0
       0
       0
       0
       0
       0
       0
       0
       0
       0
       2
       1
       0
       0
       1
       0
       0
       0
       0
       0
       0
       0
       0
       1
       0
       0
       0
       0
       0
       0
       0
       0
       1
       0
       0
       0
       0
       0
       2
       0
       0
       1
       0
       0
       0
       0
       0
       0
       0
       0
       0
       0
       1
       0
       0
       0
       1
       0
       0
       0
       0
       0
       0
       0
       0
       0
       1
       0
       0
       0
       0
       1
       0
       0
       0
       0
       0
       0
       1
       0
       0
       0
       0
       0
       0
       0
       0
       0
       0
       0
       0
       1
       1
       0
       0
       1
       0
       0
       0
       0
       0
       0
       0
       0
       0
       1
       0
       0
       0
       0
       0
       0
       0
       0
       0
       1
       0
       0
       1
       0
       0
       0
       0
       0
       2
       0
       0
       0
       0
       0
       0
       0
       0
       0
       0
       0
       0
       0
       0
       0
       0
       0
       0
       0
       0
       0
       0
       0
       0
       0
       0
       1
       1
       0
       1
       0
       0
       0
       1
       1
       0
       0
       1
       1
       1
       0
       0
       0
       0
       0
       0
       0
       1
       2
       0
       1
       1
       0
       0
       0
       0
       0
       0
       0
       0
       0
       0
       0
       0
       0
       0
       2
       0
       1
       0
       0
       1
       1
       0
       0
       0
       0
       0
       0
       0
       0
       1
       0
       1
       0
       0
       0
       0
       0
       1
       0
       0
       0
       0
       0
       0
       0
       0
       0
       0
       0
       0
       1
       0
       0
       0
       0
       0
       0
       0
       0
       1
       0
       0
       0
       1
       1
       0
       0
       0
       0
       0
       0
       0
       0
       1
       0
       1
       1
       0
       0
       0
       0
       0
       0
       0
       1
       1
       0
       1
       0
       0
       0
       0
       2
       2
       0
       0
       0
       0
       0
       0
       0
       0
       0
       0
       0
       0
       0
       0
       0
       1
       1
       1
       0
       0
       0
       0
       0
       0
       0
       0
       0
       0
       1
       0
       0
       0
       0
       1
       0
       0
       0
       1
       0
       1
       0
       0
       0
       0
       2
       0
       1
       0
       0
       1
       0
       0
       0
       1
       3
       0
       1
       0
       0
       1
       0
       0
       1
       0
       1
       0
       0
       1
       0
       0
       0
       0
       0
       0
       1
       0
       0
       0
       2
       1
       0
       0
       0
       0
       0
       0
       1
       0
       1
       0
       0
       0
       0
       1
       1
       1
       0
       0
       0
       0
       1
       0
       0
       0
       0
       0
       0
       1
       1
       0
       0
       0
       0
       0
       0
       0
       0
       1
       0
       0
       0
       0
       0
       0
       0
       0
       0
       0
       0
       0
       0
       0
       0
       0
       0
       1
       1
       0
       0
       0
       0
       1
       0
       0
       0
       0
       0
       0
       0
       0
       0
       0
       1
       1
       0
       0
       0
       0
       1
       0
       0
       0
       0
       0
       0
       0
       1
       0
       0
       3
       0
       0
       0
       0
       0
       1
       0
       1
       0
       0
       0
       0
       2
       0
       0
       0
       0
       0
       0
       0
       0
       0
       0
       0
       0
       0
       0
       0
       0
       0
       0
       0
       1
       1
       0
       0
       0
       0
       0
       0
       0
       0
       0
       0
       0
       0
       0
       0
       0
       0
       0
       0
       0
       0
       1
       0
       0
       0
       0
       0
       0
       0
       0
       0
       0
       0
       0
       0
       0
       0
       0
       0
       0
       0
       0
       0
       0
       0
       1
       0
       0
       0
       0
       0
       0
       0
       0
       0
       1
       1
       1
       1
       0
       2
       1
       1
       0
       1
       0
       0
       0
       1
       1
       0
       0
       0
       0
       0
       0
       0
       1
       0
       0
       0
       1
       0
       1
       0
       0
       0
       2
       0
       0
       1
       0
       0
       0
       0
       0
       0
       1
       0
       0
       1
       1
       0
       0
       0
       0
       1
       0
       0
       0
       0
       1
       0
       0
       0
       0
       0
       0
       0
       0
       1
       0
       0
       1
       0
       0
       0
       0
       0
       0
       0
       1
       0
       0
       1
       0
       1
       0
       0
       0
       2
       0
       0
       1
       0
       0
       0
       0
       1
       1
       0
       0
       0
       0
       0
       0
       0
       1
       0
       0
       0
       1
       0
       0
       0
       0
       0
       0
       0
       0
       1
       0
       1
       0
       0
       0
       0
       2
       0
       1
       0
       1
       0
       0
       0
       0
       1
       0
       0
       0
       0
       0
       0
       0
       0
       1
       1
       1
       0
       0
       0
       0
       0
       0
       1
       0
       0
       1
       0
       0
       0
       0
       0
       0
       1
       0
       1
       0
       1
       1
       1
       0
       1
       1
       0
       0
       0
       0
       0
       0
       0
       0
       0
       0
       1
       0
       1
       0
       0
       0
       0
       0
       1
       0
       0
       0
       0
       0
       1
       0
       0
       0
       0
       0
       0
       0
       0
       1
       0
       0
       2
       0
       3
       1
       1
       0
       0
       1
       0
       0
       0
       1
       0
       0
       1
       0
       1
       0
       0
       0
       0
       1
       2
       0
       0
       0
       0
       0
       0
       0
       0
       0
       0
       1
       0
       0
       0
       0
       0
       0
       0
       1
       0
       0
       0
       0
       0
       0
       0
       0
       0
       1
       0
       0
       0
       0
       0
       0
       1
       0
       0
       1
       0
       0
       0
       1
       0
       2
       1
       0
       0
       1
       0
       0
       0
       0
       0
       0
       0
       0
       0
       2
       0
       0
       0
       0
       2
       0
       0
       0
       0
       0
       0
       0
       0
       0
       0
       1
       0
       0
       0
       0
       0
       0
       0
       0
       0
       0
       0
       1
       1
       0
       0
       1
       0
       0
       0
       0
       0
       0
       0
       0
       0
       0
       1
       0
       1
       0
       0
       0
       1
       0
       1
       1
       0
       0
       1
       0
       0
       0
       1
       1
       1
       0
       0
       0
       0
       0
       0
       1
       0
       0
       0
       0
       1
       0
       0
       0
       0
       0
       0
       0
       0
       1
       0
       0
       0
       0
       0
       0
       1
       0
       1
       0
       1
       0
       0
       0
       0
       0
       0
       0
       0
       0
       0
       0
       1
       0
       0
       0
       0
       0
       0
       0
       0
       0
       0
       0
       1
       0
       0
       0
       0
       1
       0
       0
       0
       0
       0
       0
       0
       0
       0
       0
       0
       0
       0
       0
       0
       0
       0
       0
       0
       0
       1
       0
       0
       0
       0
       0
       0
       0
       0
       0
       0
       0
       0
       0
       1
       0
       0
       0
       0
       0
       0
       0
       0
       0
       0
       1
       0
       0
       0
       1
       0
       0
       0
       0
       0
       0
       0
       0
       0
       0
       0
       0
       0
       0
       0
       0
       0
       0
       0
       0
       0
       1
       0
       0
       1
       0
       1
       0
       1
       0
       0
       0
       0
       1
       0
       0
       0
       0
       0
       0
       0
       0
       0
       0
       1
       1
       1
       0
       1
       0
       0
       1
       0
       0
       0
       0
       1
       0
       0
       0
       0
       0
       0
       0
       0
       0
       0
       0
       0
       1
       0
       0
       0
       0
       0
       0
       0
       1
       1
       0
       0
       0
       0
       0
       0
       0
       0
       0
       0
       1
       0
       0
       0
       1
       0
       0
       0
       0
       0
       1
       0
       0
       0
       0
       0
       0
       0
       0
       0
       1
       0
       0
       0
       0
       1
       0
       0
       0
       0
       0
       1
       0
       0
       0
       0
       1
       1
       1
       0
       0
       0
       0
       0
       0
       0
       0
       0
       2
       1
       0
       0
       0
       0
       0
       0
       0
       0
       0
       0
       0
       1
       0
       0
       0
       0
       0
       0
       0
       0
       0
       0
       0
       0
       0
       2
       0
       0
       0
       0
       0
       0
       0
       0
       0
       0
       0
       0
       0
       0
       0
       0
       0
       0
       0
       0
       0
       0
       1
       0
       1
       0
       0
       0
       0
       1
       1
       0
       0
       0
       0
       0
       0
       0
       1
       0
       0
       0
       0
       0
       0
       0
       0
       0
       0
       0
       0
       0
       1
       0
       0
       0
       1
       0
       0
       0
       0
       0
       1
       1
       0
       0
       1
       0
       0
       0
       0
       0
       0
       0
       0
       0
       0
       0
       0
       0
       0
       0
       0
       0
       0
       1
       0
       0
       0
       0
       0
       0
       0
       0
       0
       0
       0
       0
       0
       0
       0
       0
       0
       0
       0
       0
       0
       1
       0
       0
       0
       0
       0
       0
       0
       0
       0
       2
       0
       1
       1
       0
       0
       0
       0
       0
       0
       0
       0
       0
       0
       0
       0
       1
       0
       0
       0
       0
       0
       1
       0
       0
       0
       0
       1
       0
       0
       0
       0
       0
       0
       0
       1
       0
       1
       0
       0
       1
       0
       0
       1
       0
       0
       0
       0
       0
       0
       0
       0
       0
       0
       0
       0
       0
       0
       0
       0
       0
       0
       0
       0
       0
       0
       1
       0
       0
       0
       0
       0
       0
       0
       0
       1
       0
       0
       0
       1
       0
       0
       0
       0
       1
       0
       0
       0
       0
       2
       0
       0
       0
       1
       0
       0
       0
       0
       0
       0
       0
       2
       0
       0
       0
       0
       0
       0
       0
       0
       0
       0
       0
       0
       0
       0
       0
       1
       0
       0
       0
       0
       1
       0
       1
       1
       0
       0
       1
       0
       0
       0
       0
       0
       1
       0
       0
       0
       0
       0
       0
       0
       0
       0
       0
       0
       0
       0
       1
       0
       0
       0
       0
       0
       0
       0
       0
       0
       0
       1
       0
       0
       0
       0
       0
       0
       0
       0
       1
       1
       1
       0
       1
       0
       0
       0
       0
       0
       0
       0
       1
       0
       0
       0
       0
       1
       1
       0
       2
       0
       0
       0
       1
       0
       0
       0
       0
       0
       0
       0
       0
       0
       0
       0
       1
       0
       0
       0
       0
       0
       0
       0
       1
       1
       0
       0
       0
       0
       0
       1
       0
       1
       1
       1
       1
       0
       0
       0
       0
       0
       0
       0
       0
       0
       0
       0
       0
       0
       0
       1
       0
       0
       0
       1
       0
       0
       0
       0
       0
       0
       0
       0
       0
       0
       0
       0
       0
       0
       0
       0
       0
       0
       0
       0
       0
       1
       1
       0
       0
       0
       0
       0
       0
       0
       0
       0
       0
       0
       0
       0
       0
       0
       0
       0
       0
       0
       0
       0
       0
       0
       1
       0
       0
       0
       0
       1
       0
       1
       0
       0
       0
       0
       0
       0
       0
       0
       0
       0
       0
       0
       0
       1
       0
       1
       0
       0
       1
       0
       0
       1
       0
       0
       0
       0
       0
       0
       0
       0
       0
       1
       0
       0
       0
       0
       0
       0
       1
       1
       0
       0
       0
       0
       0
       0
       0
       0
       0
       1
       0
       0
       0
       0
       0
       0
       1
       0
       0
       0
       0
       0
       0
       0
       0
       0
       0
       0
       0
       0
       0
       0
       0
       0
       0
       0
       0
       0
       0
       0
       0
       0
       0
       0
       0
       0
       0
       0
       0
       0
       1
       0
       0
       0
       0
       0
       0
       0
       0
       1
       0
       0
       0
       0
       0
       0
       0
       0
       0
       1
       0
       0
       1
       0
       0
       1
       0
       0
       0
       0
       1
       0
       0
       0
       0
       0
       0
       1
       0
       0
       0
       1
       0
       0
       0
       1
       0
       0
       0
       1
       0
       0
       1
       0
       0
       0
       0
       0
       1
       0
       0
       0
       0
       0
       0
       1
       0
       0
       0
       0
       0
       0
       0
       0
       0
       0
       0
       1
       1
       0
       0
       0
       0
       0
       0
       0
       0
       0
       0
       0
       1
       0
       1
       2
       0
       0
       0
       0
       0
       0
       0
       0
       0
       1
       0
       0
       0
       0
       0
       0
       0
       0
       0
       1
       0
       0
       0
       0
       0
       0
       0
       0
       0
       0
       0
       0
       1
       0
       1
       0
       0
       0
       0
       0
       0
       0
       1
       1
       0
       0
       0
       0
       0
       0
       0
       0
       0
       0
       0
       0
       0
       0
       0
       0
       0
       0
       0
       0
       0
       0
       0
       1
       0
       0
       0
       0
       0
       0
       0
       0
       0
       0
       1
       0
       0
       0
       0
       0
       0
       0
       1
       1
       0
       0
       0
       0
       0
       0
       0
       0
       0
       0
       0
       0
       0
       1
       0
       0
       0
       1
       0
       0
       0
       0
       0
       0
       1
       0
       1
       0
       0
       0
       2
       0
       1
       0
       0
       0
       0
       0
       0
       0
       0
       1
       0
       1
       0
       1
       0
       0
       1
       1
       0
       0
       0
       0
       0
       0
       0
       0
       1
       0
       1
       0
       0
       0
       0
       0
       1
       0
       0
       0
       0
       0
       0
       0
       0
       0
       0
       1
       1
       0
       0
       0
       1
       0
       0
       0
       0
       0
       0
       1
       0
       0
       0
       0
       1
       0
       0
       0
       0
       1
       1
       0
       0
       0
       0
       0
       1
       0
       1
       0
       0
       1
       1
       0
       0
       0
       0
       0
       1
       0
       0
       0
       1
       0
       0
       1
       0
       0
       0
       0
       0
       0
       0
       0
       0
       0
       0
       0
       0
       0
       0
       0
       0
       0
       1
       0
       0
       0
       0
       1
       0
       0
       1
       0
       0
       0
       0
       0
       0
       0
       0
       0
       0
       0
       0
       0
       1
       0
       1
       0
       0
       0
       0
       0
       0
       0
       0
       0
       0
       0
       0
       0
       0
       0
       0
       0
       0
       0
       0
       0
       1
       0
       0
       0
       0
       0
       0
       0
       1
       1
       0
       0
       0
       0
       0
       1
       0
       0
       0
       1
       0
       0
       0
       0
       0
       0
       0
       0
       0
       0
       0
       0
       0
       0
       0
       0
       0
       0
       0
       0
       0
       0
       0
       0
       0
       0
       0
       0
       0
       0
       0
       0
       0
       0
       1
       0
       0
       0
       0
       0
       0
       1
       0
       0
       0
       0
       0
       0
       0
       1
       0
       0
       1
       0
       0
       0
       0
       0
       0
       0
       0
       0
       0
       0
       0
       0
       0
       0
       0
       0
       0
       0
       0
       0
       0
       0
       0
       0
       0
       0
       1
       0
       0
       0
       0
       0
       0
       0
       1
       0
       0
       0
       0
       0
       0
       0
       0
       0
       0
       0
       0
       0
       0
       0
       0
       0
       0
       0
       0
       0
       0
       0
       0
       0
       0
       1
       0
       0
       0
       0
       0
       0
       0
       0
       0
       0
       0
       0
       0
       0
       0
       1
       2
       0
       0
       0
       1
       0
       0
       0
       0
       0
       0
       0
       2
       0
       0
       1
       0
       1
       0
       1
       0
       0
       0
       0
       0
       0
       0
       0
       0
       0
       0
       0
       0
       0
       0
       0
       0
       0
       0
       0
       1
       1
       0
       1
       1
       0
       0
       0
       0
       0
       0
       0
       1
       0
       1
       0
       1
       0
       0
       0
       0
       0
       0
       0
       0
       1
       1
       0
       0
       0
       0
       2
       0
       0
       0
       0
       0
       0
       1
       0
       0
       1
       0
       0
       1
       0
       0
       0
       0
       0
       0
       0
       0
       0
       0
       0
       0
       1
       0
       0
       0
       0
       0
       1
       0
       0
       0
       0
       1
       0
       0
       0
       0
       0
       0
       0
       0
       0
       0
       1
       0
       0
       0
       0
       0
       0
       0
       0
       0
       0
       0
       0
       1
       2
       0
       2
       0
       0
       1
       0
       0
       0
       2
       0
       0
       1
       0
       0
       0
       0
       1
       0
       0
       0
       0
       0
       0
       0
       0
       1
       0
       0
       0
       1
       0
       0
       1
       0
       0
       1
       1
       0
       0
       0
       0
       0
       0
       1
       0
       0
       0
       0
       0
       0
       0
       0
       0
       0
       0
       0
       0
       0
       1
       0
       0
       0
       0
       0
       0
       0
       0
       0
       0
       0
       0
       0
       0
       0
       0
       0
       0
       0
       0
       1
       0
       0
       0
       0
       0
       0
       0
       1
       0
       0
       0
       0
       0
       0
       0
       0
       2
       0
       0
       0
       1
       0
       0
       1
       0
       0
       0
       0
       0
       0
       0
       0
       0
       0
       0
       0
       0
       0
       0
       0
       0
       1
       0
       0
       0
       1
       1
       0
       0
       0
       0
       0
       0
       0
       0
       0
       1
       0
       0
       0
       0
       1
       0
       0
       0
       0
       0
       0
       0
       0
       0
       0
       0
       0
       0
       0
       0
       0
       0
       0
       0
       1
       0
       0
       0
       0
       0
       0
       0
       0
       1
       0
       0
       0
       1
       0
       1
       0
       0
       0
       1
       0
       0
       0
       0
       0
       0
       0
       0
       0
       0
       0
       0
       0
       0
       0
       0
       0
       1
       0
       0
       0
       0
       0
       0
       0
       0
       0
       0
       0
       0
       1
       0
       0
       0
       1
       0
       0
       0
       0
       0
       0
       0
       1
       0
       0
       1
       0
       0
       0
       0
       0
       0
       0
       0
       0
       0
       0
       0
       0
       0
       1
       0
       1
       0
       0
       0
       0
       0
       0
       0
       0
       0
       0
       0
       1
       0
       0
       1
       0
       0
       0
       0
       0
       0
       0
       0
       0
       0
       0
       0
       0
       0
       0
       0
       0
       2
       0
       0
       0
       0
       0
       0
       1
       0
       1
       0
       0
       0
       0
       0
       0
       0
       0
       1
       0
       0
       0
       2
       0
       0
       0
       0
       0
       0
       1
       0
       0
       1
       0
       0
       0
       1
       1
       0
       0
       2
       0
       0
       0
       0
       0
       0
       1
       0
       0
       0
       0
       0
       0
       1
       0
       2
       1
       1
       0
       0
       0
       0
       0
       0
       0
       0
       0
       0
       0
       0
       0
       0
       0
       0
       0
       0
       0
       0
       0
       0
       0
       1
       0
       0
       0
       0
       1
       0
       0
       0
       0
       0
       1
       0
       1
       0
       0
       0
       0
       0
       0
       1
       0
       0
       0
       0
       0
       1
       1
       0
       0
       1
       0
       0
       0
       0
       0
       0
       0
       0
       0
       0
       0
       0
       0
       0
       0
       0
       0
       0
       0
       1
       0
       0
       0
       0
       0
       0
       0
       0
       0
       0
       0
       0
       0
       0
       0
       0
       1
       0
       0
       0
       0
       1
       0
       0
       0
       0
       0
       0
       1
       0
       0
       0
       0
       0
       0
       0
       0
       1
       1
       1
       0
       0
       1
       0
       0
       0
       0
       0
       0
       0
       0
       1
       0
       1
       0
       0
       0
       0
       0
       1
       0
       0
       0
       0
       0
       0
       0
       0
       1
       0
       0
       0
       0
       0
       0
       0
       0
       0
       1
       0
       0
       0
       0
       0
       0
       0
       1
       0
       0
       0
       0
       0
       0
       0
       0
       0
       1
       0
       0
       0
       0
       0
       0
       1
       0
       1
       0
       0
       0
       1
       0
       0
       0
       0
       0
       1
       0
       0
       0
       0
       0
       0
       0
       0
       0
       1
       0
       0
       0
       0
       0
       0
       0
       0
       0
       0
       1
       0
       0
       0
       0
       1
       1
       0
       0
       1
       0
       0
       1
       0
       0
       0
       1
       0
       1
       0
       0
       0
       0
       0
       0
       0
       0
       0
       0
       0
       1
       0
       1
       0
       0
       0
       0
       0
       0
       0
       0
       1
       0
       0
       0
       0
       0
       0
       0
       0
       0
       0
       0
       0
       0
       0
       0
       2
       0
       0
       0
       0
       0
       0
       0
       0
       0
       0
       0
       0
       0
       0
       0
       0
       0
       0
       0
       0
       0
       0
       0
       0
       0
       1
       0
       0
       0
       0
       0
       0
       0
       1
       0
       0
       0
       0
       0
       0
       0
       1
       0
       0
       0
       0
       0
       0
       0
       0
       0
       0
       0
       0
       0
       0
       0
       1
       0
       0
       0
       0
       1
       0
       0
       0
       0
       0
       0
       0
       1
       0
       1
       1
       0
       0
       0
       1
       0
       0
       0
       1
       0
       0
       0
       0
       0
       0
       0
       0
       0
       0
       0
       0
       0
       0
       0
       1
       0
       0
       0
       0
       1
       0
       0
       0
       0
       0
       1
       0
       0
       0
       1
       0
       0
       0
       0
       0
       0
       0
       0
       0
       0
       0
       0
       1
       0
       0
       0
       0
       0
       0
       0
       0
       0
       0
       0
       0
       1
       1
       0
       0
       0
       0
       0
       0
       0
       0
       0
       0
       0
       0
       0
       0
       0
       0
       0
       0
       0
       0
       0
       0
       0
       0
       0
       0
       2
       1
       0
       1
       0
       1
       0
       1
       1
       0
       0
       0
       0
       1
       0
       0
       0
       0
       1
       0
       0
       0
       0
       0
       0
       0
       0
       0
       0
       0
       0
       0
       0
       0
       0
       0
       0
       0
       1
       0
       0
       1
       0
       0
       1
       0
       0
       0
       0
       0
       0
       0
       0
       0
       0
       0
       0
       0
       0
       0
       0
       0
       0
       1
       0
       0
       0
       0
       0
       0
       0
       1
       1
       2
       0
       0
       0
       0
       0
       0
       0
       0
       0
       0
       0
       0
       0
       0
       0
       0
       0
       0
       0
       0
       0
       0
       1
       0
       0
       0
       0
       0
       0
       0
       0
       0
       0
       0
       0
       0
       0
       0
       0
       0
       0
       0
       0
       0
       1
       0
       0
       0
       0
       0
       0
       0
       0
       1
       0
       0
       0
       0
       0
       0
       0
       0
       1
       0
       0
       0
       0
       0
       0
       0
       0
       0
       0
       0
       0
       0
       0
       0
       0
       1
       1
       0
       0
       0
       0
       0
       0
       0
       0
       0
       0
       0
       0
       0
       0
       1
       0
       0
       0
       0
       0
       0
       0
       0
       0
       0
       0
       0
       0
       0
       0
       1
       1
       0
       0
       0
       0
       0
       0
       1
       0
       2
       0
       0
       0
       0
       0
       0
       0
       0
       0
       1
       0
       0
       0
       0
       0
       0
       0
       1
       0
       0
       2
       0
       0
       0
       0
       0
       0
       0
       0
       0
       1
       0
       0
       1
       0
       0
       0
       0
       1
       0
       0
       0
       0
       0
       0
       0
       0
       0
       0
       0
       0
       0
       0
       0
       0
       0
       1
       0
       0
       1
       2
       0
       0
       0
       0
       1
       0
       1
       0
       0
       1
       1
       0
       0
       0
       0
       0
       0
       0
       0
       0
       1
       0
       0
       0
       0
       0
       0
       0
       0
       0
       0
       0
       0
       0
       0
       0
       0
       1
       0
       0
       1
       0
       0
       0
       0
       0
       0
       0
       0
       0
       1
       1
       0
       0
       0
       0
       0
       0
       0
       0
       0
       0
       0
       0
       0
       0
       0
       1
       0
       0
       0
       0
       0
       0
       0
       0
       0
       0
       0
       0
       0
       0
       0
       1
       0
       0
       0
       0
       0
       0
       0
       0
       0
       0
       1
       0
       0
       0
       0
       0
       0
       0
       0
       0
       0
       1
       1
       0
       0
       0
       0
       0
       0
       1
       0
       0
       0
       0
       0
       0
       0
       0
       0
       0
       0
       0
       1
       0
       0
       0
       0
       1
       0
       0
       0
       0
       0
       0
       0
       0
       0
       0
       0
       0
       0
       0
       0
       0
       0
       0
       0
       0
       0
       0
       0
       0
       0
       0
       0
       0
       0
       0
       0
       0
       0
       0
       0
       0
       0
       0
       0
       0
       0
       0
       0
       0
       0
       0
       0
       0
       0
       0
       0
       0
       0
       0
       0
       0
       0
       0
       0
       0
       0
       0
       0
       0
       0
       0
       0
       0
       0
       0
       0
       0
       0
       0
       0
       0
       0
       0
       0
       0
       0
       0
       0
       0
       0
       0
       0
       0
       0
       0
       0
       0
       0
       0
       0
       0
       0
       0
       0
       0
       0
       0
       0
       0
       0
       0
       0
       0
       0
       0
       0
       0
       0
       0
       0
       0
       0
       0
       0
       0
       0
       0
       0
       0
       0
       0
       0
       0
       0
       0
       0
       0
       0
       0
       0
$ROI:
1
193 201
$PRESETS:
None
0
0
$ENER_FIT:
1.916382 0.612805
$MCA_CAL:
3
1.916382E+000 6.128052E-001 0.000000E+000 keV
$SHAPE_CAL:
3
2.905076E+000 5.086795E-004 0.000000E+000
