$SPEC_ID:
No sample description was entered.
$SPEC_REM:
DET# 1
DETDESC# DESKTOP-AKUPN2F Easy-MCA-8k SN 09022236
AP# Maestro Version 7.01
$DATE_MEA:
02/10/2017 11:45:50
$MEAS_TIM:
9345 9365
$DATA:
0 8191
       0
       0
       0
       0
       0
       0
       0
       0
       0
       0
       0
       0
       0
       0
       0
       0
       0
       0
       0
       0
       0
       0
       0
       0
       0
       0
       0
       0
       0
       0
       0
       0
       0
       0
       0
       0
       0
       0
       0
       0
       0
       0
       0
       0
       0
       0
       0
       0
       0
       0
       0
       0
       0
       0
       0
       0
       0
       2
       4
      24
      99
     152
     218
     369
     488
     453
     161
     103
     115
     595
     787
     742
     707
     745
     830
     842
     770
     759
     829
     758
     812
     838
     789
     835
     844
     826
     855
     897
     939
     914
     935
     937
     935
    1035
    1032
    1078
    1116
    1121
    1114
    1162
    1099
    1290
    1270
    1303
    1243
    1252
    1273
    1366
    1372
    1417
    1390
    1499
    1483
    1452
    1515
    1651
    2133
    2995
    3048
    2920
    3548
    4468
    3937
    2512
    1882
    1772
    1557
    1537
    1533
    1568
    1548
    1584
    1551
    1559
    1626
    1742
    2307
    2707
    2481
    2079
    1942
    1966
    1936
    1800
    1574
    1612
    1709
    1599
    1599
    1681
    1647
    1718
    1628
    1561
    1645
    1509
    1664
    1600
    1596
    1630
    1602
    1636
    1573
    1575
    1565
    1608
    1549
    1637
    1531
    1591
    1621
    1513
    1577
    1542
    1534
    1574
    1598
    1564
    1505
    1569
    1643
    1548
    1606
    1581
    1595
    1513
    1589
    1522
    1482
    1535
    1490
    1540
    1483
    1459
    1433
    1568
    1847
    2608
    2889
    2388
    1699
    1440
    1453
    1393
    1425
    1408
    1431
    1350
    1433
    1430
    1315
    1347
    1399
    1356
    1352
    1332
    1386
    1339
    1283
    1329
    1417
    1537
    1467
    1379
    1272
    1292
    1238
    1244
    1397
    1257
    1247
    1338
    1250
    1230
    1205
    1257
    1237
    1267
    1243
    1202
    1192
    1131
    1243
    1220
    1175
    1190
    1206
    1161
    1173
    1132
    1158
    1163
    1106
    1139
    1128
    1084
    1013
    1138
    1095
    1018
    1070
     977
    1043
    1003
    1071
     963
    1049
    1024
    1065
    1061
    1033
    1044
     983
     992
    1018
     946
     970
    1040
     927
     956
     877
     980
     983
     893
     905
     928
     917
     885
     965
     884
     967
     922
     924
     897
     912
     890
     931
     904
     899
     862
     891
     976
     988
     980
     942
     840
     869
     822
     885
     860
     842
     823
     832
     843
     780
     812
     784
     795
     793
     797
     763
     762
     831
     748
     738
     792
     738
     764
     738
     779
     754
     780
     754
     767
     689
     743
     692
     714
     743
     707
     711
     764
     731
     702
     666
     714
     680
     690
     646
     649
     688
     670
     719
     657
     680
     618
     677
     678
     659
     650
     690
     655
     631
     646
     662
     694
     649
     646
     601
     624
     657
     597
     594
     595
     598
     612
     609
     599
     571
     642
     532
     614
     560
     583
     644
     587
     679
     966
    1203
    1061
     780
     677
     684
     627
     642
     594
     551
     549
     535
     527
     522
     507
     506
     552
     512
     502
     486
     507
     500
     513
     517
     484
     524
     489
     496
     473
     478
     469
     532
     454
     479
     531
     451
     483
     462
     464
     429
     443
     459
     439
     450
     451
     430
     468
     454
     436
     454
     458
     488
     497
     460
     487
     440
     396
     397
     437
     415
     447
     433
     418
     426
     457
     481
     387
     409
     420
     407
     402
     447
     389
     356
     369
     389
     398
     395
     368
     398
     413
     384
     399
     403
     366
     382
     398
     360
     375
     360
     423
     390
     466
     634
     613
     498
     404
     365
     331
     366
     360
     365
     375
     376
     347
     376
     299
     348
     352
     303
     346
     328
     320
     355
     364
     305
     315
     325
     299
     341
     335
     343
     354
     314
     315
     319
     315
     285
     345
     299
     319
     321
     312
     305
     326
     296
     307
     339
     308
     267
     305
     318
     306
     311
     269
     342
     363
     336
     334
     313
     284
     315
     327
     305
     314
     297
     323
     281
     309
     298
     284
     296
     347
     417
     442
     385
     336
     275
     276
     296
     269
     256
     253
     305
     274
     253
     259
     291
     268
     260
     271
     241
     296
     309
     435
     666
     794
     592
     418
     279
     283
     265
     263
     237
     258
     261
     236
     273
     226
     237
     201
     245
     262
     209
     263
     252
     254
     225
     245
     241
     255
     264
     241
     222
     265
     241
     255
     243
     252
     237
     237
     242
     276
     242
     240
     225
     254
     241
     226
     207
     226
     212
     230
     243
     223
     236
     204
     224
     244
     248
     226
     206
     230
     215
     223
     203
     193
     225
     223
     213
     228
     221
     244
     232
     216
     222
     247
     260
     215
     209
     198
     222
     208
     199
     222
     195
     199
     228
     192
     200
     229
     225
     210
     204
     210
     235
     184
     221
     233
     248
     233
     227
     216
     210
     206
     195
     206
     190
     205
     184
     201
     198
     200
     230
     199
     191
     205
     181
     198
     186
     178
     195
     203
     197
     201
     190
     195
     191
     194
     194
     167
     176
     187
     175
     168
     183
     204
     155
     180
     177
     177
     170
     201
     180
     172
     200
     213
     195
     187
     201
     187
     206
     193
     176
     198
     181
     183
     174
     161
     179
     189
     185
     157
     168
     200
     161
     203
     186
     174
     188
     189
     166
     191
     191
     177
     177
     174
     155
     180
     159
     188
     180
     194
     171
     181
     184
     233
     224
     202
     188
     166
     186
     170
     164
     158
     167
     160
     154
     185
     174
     161
     154
     178
     166
     179
     154
     155
     166
     189
     180
     156
     160
     158
     159
     155
     169
     145
     148
     144
     159
     154
     171
     151
     139
     160
     156
     166
     151
     146
     154
     136
     163
     156
     158
     157
     140
     152
     133
     159
     144
     151
     156
     158
     141
     167
     136
     126
     144
     122
     152
     156
     150
     153
     130
     132
     147
     151
     154
     145
     133
     173
     160
     213
     285
     330
     336
     353
     266
     216
     179
     158
     129
     136
     127
     131
     125
     162
     125
     133
     149
     128
     136
     138
     115
     154
     130
     140
     132
     134
     128
     142
     105
     137
     122
     137
     141
     100
     130
     142
     122
     138
     121
     155
     166
     130
     116
     114
     141
     111
     118
     132
     153
     130
     157
     126
     132
     122
     108
     118
     118
     128
     129
     125
     126
     127
     128
     127
     132
     136
     114
     127
     129
     127
     115
     110
     113
     103
     125
     139
     106
     116
     131
     131
     123
     104
     126
     123
     131
     117
     122
     122
     107
     112
     132
     136
      96
     100
     117
     124
     125
     109
     109
     121
      98
     116
     120
     119
     119
     122
     120
     122
     118
     107
     129
     106
     110
     115
     126
     120
     116
     141
     239
     353
     400
     343
     184
     133
     115
     102
     112
     116
     108
     111
     111
     108
     103
     119
     126
     117
     108
     103
     115
     110
      93
      88
     112
     122
     106
     106
     101
     111
     113
      93
     110
     101
     101
     100
      81
     110
     101
     102
     123
     155
     220
     377
     578
     579
     341
     163
     105
      84
     119
      94
     119
      99
      83
     102
     111
      89
      99
     105
      88
      93
     106
      97
     104
      98
     100
      91
      93
      95
     104
      96
     100
     102
      95
      87
      75
     104
     100
     100
     104
      99
      98
     105
     105
      91
      87
      95
     109
      85
      85
     103
      83
      93
      99
     111
     101
      90
      98
     108
      79
     105
     108
      82
     104
      82
      84
      72
      92
     107
      86
      88
      83
     101
      84
      93
     102
      82
      88
      75
      80
     107
      92
      97
     102
     115
     148
     310
     611
     831
     858
     531
     257
     122
     119
      73
      99
      91
      94
      91
      74
      92
      91
      89
      68
      92
      86
      87
      84
      93
      84
      87
      97
      86
      90
      87
      86
      89
      79
      94
      98
      83
     105
      82
      89
      82
      86
      84
      90
      80
      79
      70
      78
      85
     119
      78
      92
      79
      81
      80
      85
      89
     103
      70
      89
     100
      95
      89
      79
      93
      87
     102
      84
      80
     102
      91
      84
      75
      94
      91
      74
     109
      78
      86
      73
      90
     102
      81
      77
      85
      81
      85
      78
      72
      89
      70
      90
      71
      86
      80
      53
      82
      92
      96
      91
     113
      81
      67
      83
      78
      74
      81
      75
      98
      84
     104
     135
     137
     129
      91
      68
      89
      78
      66
      71
      72
      65
      91
      77
      93
      70
      68
      89
      74
      81
      79
      70
      90
      86
      68
      79
      89
      75
      82
      76
      75
      60
      75
      85
      82
      80
      65
      76
      78
      62
      76
      92
      75
      75
      79
      74
      82
      72
     104
      78
      94
      86
      65
      78
      72
      66
      84
      77
      77
      72
      79
      85
      82
      74
      79
      80
      87
     123
     117
     128
     104
      84
      82
      72
      71
      92
      90
      75
      85
      69
      91
      86
      79
      67
     102
      71
      70
      86
      71
      61
      53
      99
      64
      82
      77
      84
      87
      84
      91
      77
      74
      76
      63
      55
      62
      61
      70
      58
      71
      80
     103
      94
     121
     113
      99
      91
      60
      71
      55
      66
      56
      68
      79
      57
      66
      72
      64
      68
      78
      72
      71
      85
      82
      86
      67
      79
      55
      68
      75
      59
      75
      75
      60
      74
      75
      76
      74
      58
      60
      68
      53
      63
      63
      76
      71
      63
      76
      62
      78
      74
      76
      78
      60
      74
      62
      65
      53
      62
      73
      91
      78
      74
      76
      69
      64
      77
      62
      82
      75
      60
      83
      65
      57
      69
      80
      74
      68
      61
      63
      46
      69
      56
      72
      55
      61
      59
      64
      63
      63
      72
      58
      58
      66
      60
      56
      63
      56
      61
      89
      66
      81
      60
      74
      57
      66
      82
      71
      76
     101
     115
      93
      77
      71
      68
      57
      70
      64
      51
      71
      59
      63
      50
      69
      69
      57
      61
      64
      69
      62
      59
      62
      59
      75
      62
      54
      71
      42
      56
      70
      69
      71
      57
      59
      56
      52
      53
      64
      71
      52
      49
      72
      66
      62
      51
      52
      70
      77
      62
      54
      59
      48
      63
      71
      79
      68
      71
      49
      69
      68
      55
      52
      65
      62
      66
      56
      41
      64
      63
      66
      63
      75
      65
      64
      60
      75
      70
      79
      69
     119
     122
     239
     258
     280
     162
      98
      73
      74
      67
      56
      68
      55
      58
      54
      57
      59
      50
      52
      49
      58
      51
      52
      56
      56
      59
      74
      64
      59
      52
      55
      70
      55
      78
      71
      62
      63
      52
      57
      80
      78
     107
      80
      55
      59
      55
      58
      41
      43
      59
      46
      60
      56
      61
      52
      62
      66
      51
      58
      48
      57
      62
      61
      73
      57
      83
      70
      73
      55
      67
      51
      62
      51
      42
      60
      54
      58
      46
      68
      55
      45
      67
      54
      48
      56
      62
      63
      47
      63
      86
      91
      87
      68
      75
      79
      93
     136
     176
     194
     134
      86
      61
      56
      55
      58
      44
      69
      48
      37
      47
      58
      60
      63
      57
      53
      41
      61
      43
      47
      55
      51
      48
      45
      51
      49
      70
      43
      57
      57
      48
      55
      47
      43
      63
      53
      67
      44
      47
      46
      62
      58
      53
      64
      53
      61
      43
      48
      49
      53
      65
      58
      59
      47
      55
      44
      55
      68
      71
      61
      50
      64
      60
      40
      45
      44
      48
      39
      43
      58
      48
      62
      47
      46
      65
      59
      55
      43
      48
      62
      53
      56
      48
      60
      43
      54
      37
      44
      42
      49
      44
      69
      42
      49
      50
      43
      51
      47
      41
      43
      64
      48
      61
      59
      42
      53
      56
      45
      45
      44
      49
      46
      41
      56
      47
      62
      40
      55
      51
      59
      53
      53
      51
      55
      55
      58
      48
      60
      53
      54
      48
      47
      58
      52
      55
      51
      32
      44
      50
      57
      47
      36
      58
      51
      66
      56
      52
      53
      60
      40
      37
      57
      69
      66
      61
      51
      52
      58
      47
      56
      50
      69
      66
      50
      60
      46
      67
      48
      53
      53
      50
      65
      52
      49
      57
      53
      56
      51
      54
      52
      49
      46
      67
      45
      58
      55
      51
      33
      47
      66
      63
      43
      56
      44
      61
      63
      45
      50
      56
      55
      51
      50
      53
      64
      55
      56
      60
      57
      43
      47
      48
      63
      54
      52
      62
      62
      44
      58
      60
      63
      45
      42
      47
      46
      56
      63
      55
      56
      61
      56
      70
      55
      57
      55
      58
      53
      61
      56
      67
      50
      46
      65
     104
     117
     164
     175
     162
     118
      72
      52
      53
      47
      71
      57
      43
      67
      49
      61
      40
      45
      49
      54
      57
      46
      47
      57
      56
      72
      58
      53
      52
      46
      65
      47
      45
      40
      49
      54
      52
      39
      51
      49
      57
      48
      41
      49
      56
      50
      51
      54
      43
      65
      54
      58
      55
      54
      61
      55
      44
      47
      56
      52
      64
      62
      51
      53
      55
      58
      58
      58
      61
      54
      57
      48
      41
      53
      56
      60
      49
      54
      45
      57
      46
      46
      54
      50
      49
      50
      57
      70
      67
      69
      50
      62
      46
      66
      63
      60
      48
      70
      48
      54
      55
      50
      45
      51
      56
      53
      59
      48
      64
      53
      59
      61
      63
      64
      55
      59
      48
      50
      53
      48
      56
      64
      65
      45
      46
      50
      65
      46
      62
      46
      55
      63
      56
      63
      56
      71
      58
      52
      49
      57
      60
      49
      55
      55
      63
      56
      72
      63
      58
      61
      69
      50
      57
      76
      67
      48
      61
      68
      53
      68
      71
      72
      60
      51
      61
      66
      61
      51
      57
      66
      61
      58
      74
      63
      47
      69
      55
      63
      59
      72
      63
      68
      46
      55
      60
      48
      54
      54
      68
      62
      65
      62
      55
      79
     106
     113
     107
      67
      53
      48
      62
      42
      52
      48
      55
      51
      43
      41
      52
      46
      46
      48
      36
      42
      46
      48
      50
      40
      39
      34
      42
      37
      32
      42
      46
      48
      37
      35
      47
      42
      39
      46
      41
      43
      30
      40
      45
      42
      43
      44
      24
      37
      33
      41
      40
      39
      38
      46
      41
      41
      45
      36
      31
      45
      37
      35
      41
      45
      40
      33
      35
      32
      35
      50
      45
      48
      43
      45
      36
      44
      34
      31
      37
      32
      32
      35
      38
      44
      27
      34
      35
      37
      40
      36
      36
      55
      36
      43
      38
      41
      40
      25
      36
      25
      29
      27
      37
      35
      40
      21
      33
      36
      29
      28
      28
      29
      32
      39
      38
      35
      28
      25
      36
      23
      31
      37
      32
      27
      36
      22
      32
      28
      33
      25
      29
      29
      26
      34
      26
      27
      22
      26
      20
      33
      33
      27
      23
      27
      41
      24
      32
      32
      28
      19
      27
      32
      27
      41
      34
      30
      23
      29
      32
      21
      30
      24
      27
      37
      24
      20
      24
      22
      24
      24
      26
      19
      20
      14
      17
      26
      20
      16
      24
      21
      20
      24
      26
      18
      20
      24
      23
      14
      17
      21
      18
      26
      20
      18
      29
      13
      23
      21
      15
      19
      21
      22
      22
      21
      27
      19
      17
      16
      20
      16
      26
      19
      16
      20
      18
      19
      16
      21
      22
      18
      13
      21
      29
      26
      31
      21
      36
      30
      51
      53
      43
      23
      16
      16
      25
      18
      11
      19
      16
      17
      26
      25
      22
      22
      26
      16
      17
      17
      13
      10
      27
      15
      24
      13
      20
      16
      17
      16
      15
      18
      19
      17
      11
      23
      18
      26
      27
      35
      23
      23
      12
      21
      25
      19
      28
      27
      35
      32
      49
      25
      32
      20
      17
      18
      12
      15
      21
      13
      12
      16
      18
      24
      12
      17
      11
      16
      24
      11
      22
      16
      10
      15
       6
      15
       9
      21
      16
      22
      16
      11
      20
      19
      14
      10
      20
      18
      15
      15
      13
      14
      16
      14
      14
      15
      13
      14
      15
      13
      10
      16
      19
      17
      23
      20
      15
      17
      19
      16
      13
      11
      17
      10
      21
      15
      18
      19
      22
      21
      15
      17
      14
      15
      13
      19
      25
      25
      38
      65
      88
     160
     262
     508
     956
    1364
    1628
    1406
     810
     338
      87
      23
      13
       9
       6
       9
       6
       6
      10
      10
      12
       9
      12
      10
      10
      10
       4
      11
       8
       4
      16
       8
       6
      11
       7
      14
       7
      10
       9
       5
       5
      12
      12
       7
      10
       9
      12
      12
      12
      15
       7
      10
      10
      10
      11
       9
      10
      11
       4
      10
       6
      12
      13
      14
      11
      22
       9
       6
      12
       8
      10
       7
      10
       6
      16
      16
       3
      15
      12
       7
      11
      20
      14
      16
      22
      24
      27
      11
       9
      15
      12
      19
       8
       5
       8
      10
       7
       7
      13
      10
       7
      10
       7
       2
      11
      10
      17
      14
      10
       6
       7
      11
      11
       7
      10
       9
      12
       9
       7
      10
       7
      12
       9
       8
      10
       5
      13
       9
       7
      12
      15
      12
       9
      12
       6
      10
       9
       9
      12
      12
       9
       7
      14
       8
      13
      10
       7
       4
      16
      17
       8
       5
      10
      10
       5
       2
      11
       5
       9
       9
      14
       9
      10
      13
       7
       9
       7
       4
       8
       8
       9
      12
      11
       5
       8
      12
       3
       5
      10
       8
       6
       7
       4
       4
       8
      12
       9
       7
       7
       9
       7
       6
       8
       2
       5
       7
       8
      11
       8
      15
      10
      10
       8
       9
      18
      13
      16
       9
       8
       6
      17
      25
      14
      32
      32
      24
      31
      17
      15
      25
      25
      31
      17
      19
      14
      10
      10
       6
       8
       8
      13
      18
       9
       7
      16
       8
       9
       7
       9
       9
       6
       4
       5
       5
       8
       6
       9
      11
      13
       5
       6
      11
       5
       7
       9
      12
       6
      12
       5
       7
       2
       7
       5
       8
      17
      22
      17
      13
      16
      10
       8
      11
      12
      10
       3
       4
       9
       4
      13
      13
      18
      12
      14
      12
       7
       9
       8
       6
      12
       8
       9
       2
       5
       9
       9
       6
       4
       8
       9
       6
       8
      10
       7
       5
       6
       7
       4
       6
       5
       6
       4
      10
       6
       5
      10
       7
       2
       4
       7
       7
       2
       9
       8
       8
      10
       6
      10
      10
       6
       6
       6
      10
      13
      13
      13
      11
       6
       4
       4
       6
       8
       8
       6
       8
       6
       6
       5
       8
       8
       7
       4
       3
       5
       5
       8
       3
       5
       8
       4
       3
      10
       5
       6
       7
       8
       6
       5
       3
       5
       6
       5
       5
       4
       5
       3
       6
       6
       5
       8
       6
       4
       5
       6
      11
       6
       9
      11
       7
       8
       5
       3
       4
       4
       6
       6
       9
       7
       9
       8
       5
       6
       7
       7
       6
       4
       5
       3
       2
       4
       3
       4
       1
       8
       9
       6
       3
      12
      10
       1
      11
       6
       6
       5
       6
       9
       7
      10
       7
       5
       3
      11
       4
       7
       3
       4
       8
       5
       5
       3
      10
      13
      10
      21
      18
      25
      29
      24
      13
       7
       4
       8
       7
       2
       7
       9
       2
       5
       6
       8
       4
       4
       4
       1
      15
       5
       3
       1
       4
       7
       9
       6
       8
       9
       6
       9
       5
       6
       4
       7
       2
       9
       5
       9
       2
       6
       4
       4
       9
       4
      11
       7
       6
       9
       7
      13
       8
      12
      34
      45
      84
      94
     118
      91
      51
      31
      11
       5
       4
       4
       5
       3
      10
       6
      11
      11
       1
       8
       6
       4
       6
       6
      10
       9
       3
       6
       6
       9
       2
       4
       5
       4
       8
       8
       8
       7
       4
       7
       7
       5
       4
       2
       8
       6
      10
       6
       9
       4
       3
       6
       5
       7
       6
       7
       8
       6
       5
       2
       4
       3
       6
       7
       7
       4
       8
      11
       4
       3
       6
       5
       8
       7
       6
       2
       5
       5
       5
       6
       6
       2
       9
      10
       6
       6
       2
       5
       3
       7
       5
       3
       3
       2
       8
       9
       5
       7
      11
       7
       5
       7
       8
       5
       7
       6
       4
       2
       3
       9
       9
       4
      10
       3
       8
       7
       6
       3
       4
       9
       5
       4
       8
       4
       9
      10
       5
       7
      10
       9
       6
      11
       4
       8
       6
       7
       9
      16
      18
      18
      20
      21
       4
      12
       7
       3
       3
       4
       2
       6
       5
       7
       8
       4
       5
       7
       4
       4
       8
       4
      12
       4
       3
       7
       3
       3
       3
       4
       7
       5
       8
       5
       4
       6
       7
      10
       7
       5
       3
       4
       5
       9
       6
       9
       7
       8
       7
       8
      13
       4
       4
      11
       8
       3
       4
       5
       4
       5
       4
       6
       4
       7
       3
       6
       6
       5
       9
       5
       7
       4
       1
      10
       5
       3
       6
       5
       9
       5
       5
       7
       3
       3
       7
       8
       5
       4
       5
       7
       4
      13
       9
       1
       5
       8
       6
       6
       1
       4
       1
       8
       6
       4
       5
       6
       7
       6
       5
       5
       6
       4
       5
       6
      10
       4
       3
       3
       3
       3
       6
       4
       7
       4
       5
       6
      10
       7
       6
       5
       5
       4
       5
       8
       3
       1
       5
       4
       6
       6
       2
       6
       5
       2
       5
       3
       8
       6
       6
       4
       6
       4
       6
       4
       5
       5
       7
       3
       6
       5
       4
       4
       5
       3
       4
       7
       5
       7
       4
       2
       6
       5
       5
       4
       5
       3
       8
       5
       9
       7
       4
       5
       5
       1
       2
       7
       6
       4
       9
       5
       5
       5
       9
       2
       7
       4
       6
       4
       8
       6
       8
       7
       6
       4
       4
       7
       7
       2
       2
       5
       6
       5
       6
       5
      10
       4
       4
       8
       9
       1
       1
       2
       4
       3
       1
       5
       1
       4
       5
       4
       5
       6
       4
       5
       2
       7
       1
       6
       4
       5
       1
       7
       9
       2
       4
      11
       3
       7
       1
       7
       5
       3
       6
       7
       4
       3
       5
       4
       5
       6
       4
       6
       5
       6
       4
       7
       4
       1
       4
       4
       5
       5
       4
       0
      10
       7
       6
       5
       7
       4
       4
       1
       3
       4
       6
       8
       5
       4
       5
       3
       5
       1
       5
       6
       1
       1
      11
       6
       3
       8
       7
       6
       6
       2
       6
       4
       5
       3
       2
       3
      10
       8
       3
       3
       4
       3
       4
       3
       5
       7
       3
       7
       5
       2
       5
       6
       4
       5
       8
       4
       4
       5
       7
       6
       6
       3
       3
       9
       2
       3
      14
       7
      11
       2
       5
       5
       3
       2
       8
       9
       4
       2
       1
       7
       5
       3
       4
       5
       2
       2
       5
       4
       4
       2
       6
       5
       9
       2
       3
       4
       7
       4
       3
       5
       4
       4
       4
       4
       7
       3
       3
       6
       6
       6
       4
       7
       3
       1
       3
       3
       4
       6
       5
       2
       1
       2
      10
       4
       3
       8
       7
       5
       7
       9
       3
       3
       5
       3
       1
       9
       3
       7
      10
      10
       8
      20
      21
      26
      24
      29
      22
       9
       7
       5
       7
       5
       5
      10
       5
       5
       7
       8
       5
       4
      10
       2
       5
       4
       2
       3
      10
       7
      18
      10
      16
       7
      11
       3
       1
       5
       4
       4
       5
      10
       5
       5
       1
       4
       6
       4
       4
       6
       5
       4
       2
       4
       6
       3
       7
       6
       2
       7
       5
       4
       6
       3
       2
       7
       7
       3
       5
       5
       6
       8
       4
       3
       2
       3
       4
       2
       2
       6
       7
       7
       3
       6
       5
       3
       4
       6
       2
       5
       8
       6
       9
       3
       6
       6
       7
       7
       1
       5
       3
       4
       3
       6
       0
       7
       3
       5
       4
       0
       5
       4
       3
       2
       8
      10
       4
       7
       9
       3
       4
       2
       2
      10
      10
       4
       5
       3
       1
       7
       5
       4
       5
       3
       5
       4
       7
       3
       6
       2
       3
       2
       7
       1
       6
       6
       3
       6
       5
       3
       3
       4
       8
       4
       5
       7
       5
       6
       7
       7
       7
       5
       5
       9
       6
      11
      11
      19
      22
      20
      22
      28
      19
      11
       7
       4
       3
       5
       5
       2
       5
       5
       4
       2
       6
       6
       3
       7
       2
       6
       8
       2
       1
       2
       6
       4
       3
       5
       0
       2
       3
       3
       4
       2
       2
       6
       6
       3
       1
       6
       9
       3
       6
       3
       3
       4
       3
       5
       5
       2
       5
       1
       2
       6
       2
       3
       2
       7
       8
       2
       5
       5
       3
       8
      10
       2
       3
       4
       8
       5
       4
       4
       5
       1
       4
       3
       2
      10
       3
       3
       5
       8
       1
       6
       8
       5
       2
       4
       3
       4
       2
       5
       6
       6
       5
       9
       7
       8
       3
       4
       1
       4
       3
       8
       6
      12
       8
       5
       7
       3
       8
       4
       6
      10
       3
       3
       4
       4
       5
       2
       6
       3
       7
       6
       1
       5
      10
       7
       4
       5
       3
       6
       5
       9
       3
       3
       5
       7
       7
       4
       7
       9
       5
       7
      11
       7
       5
       5
      10
       6
       4
       4
       6
       7
       3
       2
       4
       6
       8
       5
       3
       6
       7
       3
       2
       2
       8
       4
       8
       7
       9
       3
       3
       6
       5
       5
       5
       4
       3
       2
       9
       4
       6
       5
       6
       5
       3
       8
       4
       8
       3
       3
       3
       4
       6
       2
       8
       5
       2
       2
       3
       7
       9
       4
       8
       4
       8
       9
       6
       7
       7
       9
       7
       3
       7
       2
       7
       5
       5
       4
       4
       5
       4
       1
       5
       6
       9
       3
       7
       5
       8
       1
       4
       6
       3
       8
       5
       5
      13
       3
       6
       6
       4
       9
       7
      11
       7
       4
       8
       6
       4
       5
       2
       7
       6
       7
       6
       6
       7
       3
       7
       5
       7
       8
       6
       8
       3
       2
       4
       6
       7
       5
       6
       3
       9
       4
       9
       4
       1
       6
       9
       2
       5
       0
       3
      11
       8
       2
       7
       4
       8
       2
       4
       4
       6
       3
       5
       3
       4
       3
       8
       6
      10
       4
      11
       2
       2
       4
       1
       5
       4
       3
      10
       3
       1
       4
       9
       3
       5
       4
       5
       2
       9
       2
       5
       3
       2
       6
       3
       0
       4
       7
       2
       3
       5
       6
       6
       1
       3
       1
       1
       4
       2
       3
       6
       2
       2
       0
       2
       4
       5
       4
       4
       0
       2
       1
       5
       2
       4
       3
       1
       5
       7
       2
       3
       4
       3
       3
       4
       2
       3
       2
       1
       3
       4
       2
       4
       7
       1
       4
       3
       6
       3
       5
       0
       4
       4
       3
       9
       4
       2
       5
       6
       4
       7
      12
      13
      13
       7
       8
       8
       2
       3
       3
       2
       2
       0
       1
       2
       1
       0
       1
       2
       1
       5
       4
       3
       3
       4
       2
       3
       3
       3
       1
       2
       3
       5
       3
       2
       0
       3
       7
       0
       2
       1
       3
       2
       6
       1
       0
       1
       3
       1
       5
       4
       1
       1
       1
       7
       1
       1
       3
       2
       2
       1
       3
       1
       4
       1
       2
       1
       2
       0
       0
       3
       4
       1
       4
       1
       2
       2
       2
       1
       0
       1
       3
       0
       4
       2
       0
       4
       1
       0
       1
       4
       0
       2
       2
       3
       2
       1
       1
       1
       2
       1
       0
       1
       0
       2
       0
       0
       3
       2
       1
       1
       0
       0
       0
       4
       2
       1
       2
       2
       0
       1
       1
       1
       2
       0
       0
       0
       1
       1
       1
       1
       0
       0
       0
       1
       1
       2
       0
       1
       0
       1
       1
       1
       0
       2
       2
       1
       1
       1
       0
       0
       1
       1
       2
       0
       1
       4
       0
       0
       1
       4
       1
       2
       1
       0
       1
       1
       1
       0
       0
       0
       1
       0
       0
       1
       2
       3
       1
       0
       0
       1
       2
       3
       0
       1
       1
       1
       0
       1
       0
       0
       2
       4
       0
       2
       0
       2
       1
       0
       1
       0
       1
       4
       1
       1
       2
       0
       0
       1
       1
       1
       0
       1
       1
       1
       0
       2
       0
       4
       0
       3
       2
       0
       0
       0
       2
       1
       0
       1
       1
       0
       0
       1
       1
       0
       2
       0
       1
       0
       0
       0
       1
       3
       0
       0
       0
       1
       2
       1
       2
       0
       0
       1
       0
       1
       0
       1
       0
       1
       3
       5
       0
       2
       4
       2
       9
       9
      15
      19
      24
      37
      60
      85
     121
     144
     176
     157
      86
      74
      13
       4
       0
       0
       1
       0
       1
       1
       0
       0
       0
       0
       1
       0
       0
       1
       0
       1
       1
       0
       0
       0
       1
       0
       1
       0
       1
       0
       1
       1
       0
       0
       0
       0
       0
       2
       0
       0
       0
       0
       1
       0
       0
       0
       0
       0
       0
       0
       0
       1
       1
       0
       0
       0
       0
       0
       0
       0
       1
       0
       0
       0
       0
       0
       1
       0
       0
       1
       0
       0
       0
       0
       0
       1
       0
       0
       0
       0
       0
       0
       0
       0
       0
       1
       2
       0
       0
       0
       0
       0
       2
       0
       0
       1
       1
       3
       0
       0
       1
       0
       0
       0
       0
       2
       0
       0
       0
       0
       0
       0
       0
       0
       0
       0
       0
       0
       0
       0
       0
       0
       0
       0
       0
       0
       0
       1
       1
       1
       0
       1
       1
       2
       0
       0
       0
       0
       0
       0
       0
       0
       0
       1
       0
       0
       1
       1
       1
       1
       0
       0
       0
       0
       1
       0
       1
       0
       0
       1
       0
       0
       0
       0
       0
       0
       0
       0
       1
       0
       0
       0
       1
       0
       0
       0
       0
       1
       1
       0
       0
       0
       0
       0
       0
       1
       0
       1
       1
       0
       0
       0
       1
       0
       0
       0
       0
       0
       0
       0
       0
       0
       0
       0
       0
       1
       0
       0
       0
       0
       1
       0
       0
       0
       0
       1
       0
       1
       0
       0
       0
       0
       0
       0
       0
       0
       0
       0
       0
       0
       1
       0
       0
       0
       0
       2
       0
       1
       1
       0
       0
       2
       2
       0
       0
       0
       0
       0
       0
       0
       0
       0
       0
       0
       1
       0
       0
       0
       2
       0
       0
       0
       0
       1
       3
       0
       0
       0
       0
       0
       1
       0
       1
       0
       0
       0
       0
       1
       0
       0
       0
       0
       0
       0
       0
       0
       0
       0
       0
       1
       0
       0
       1
       0
       0
       0
       0
       0
       2
       0
       0
       1
       0
       0
       0
       0
       0
       0
       0
       0
       0
       0
       0
       0
       0
       0
       0
       0
       1
       0
       0
       0
       0
       0
       0
       0
       0
       0
       1
       0
       0
       0
       0
       1
       0
       0
       0
       0
       1
       0
       0
       0
       0
       0
       1
       0
       0
       0
       2
       1
       0
       0
       0
       0
       1
       1
       1
       0
       0
       1
       0
       1
       1
       0
       0
       1
       0
       1
       1
       0
       0
       0
       0
       1
       0
       0
       0
       1
       0
       0
       0
       0
       0
       0
       0
       0
       0
       0
       0
       1
       0
       0
       0
       0
       0
       0
       0
       0
       2
       0
       0
       0
       0
       0
       0
       0
       0
       0
       0
       1
       0
       0
       0
       0
       1
       0
       1
       1
       0
       0
       0
       0
       0
       0
       0
       0
       0
       0
       0
       1
       0
       0
       0
       0
       1
       0
       0
       0
       0
       2
       0
       0
       1
       0
       0
       1
       0
       0
       1
       0
       0
       1
       0
       0
       0
       0
       0
       0
       0
       1
       0
       1
       1
       0
       0
       0
       0
       1
       0
       1
       1
       0
       0
       0
       0
       0
       0
       0
       1
       1
       0
       0
       1
       0
       0
       0
       0
       1
       0
       0
       0
       2
       0
       0
       1
       0
       1
       0
       0
       0
       2
       0
       0
       0
       0
       1
       1
       2
       0
       1
       0
       0
       0
       0
       0
       0
       0
       0
       0
       0
       0
       1
       0
       0
       1
       0
       0
       0
       0
       1
       0
       2
       0
       0
       0
       0
       0
       0
       0
       1
       1
       0
       1
       0
       1
       0
       0
       0
       0
       0
       0
       0
       0
       0
       0
       0
       1
       0
       0
       0
       0
       1
       0
       1
       0
       0
       0
       0
       0
       0
       0
       0
       0
       0
       1
       1
       0
       0
       0
       1
       0
       0
       0
       0
       1
       2
       0
       0
       0
       0
       1
       0
       0
       1
       0
       0
       0
       0
       0
       0
       1
       0
       0
       0
       0
       0
       0
       0
       0
       0
       0
       1
       0
       0
       0
       0
       0
       1
       0
       0
       0
       0
       0
       1
       0
       0
       0
       0
       1
       1
       0
       0
       0
       0
       0
       1
       0
       0
       0
       0
       0
       1
       0
       0
       0
       0
       0
       0
       0
       2
       0
       0
       0
       1
       0
       0
       0
       0
       0
       1
       1
       0
       0
       1
       1
       1
       0
       0
       0
       1
       0
       0
       0
       0
       0
       1
       0
       1
       0
       0
       0
       0
       0
       0
       1
       0
       0
       0
       0
       0
       0
       0
       0
       0
       0
       0
       0
       1
       1
       0
       0
       0
       1
       0
       0
       0
       0
       1
       1
       1
       0
       0
       0
       0
       0
       0
       0
       0
       0
       1
       0
       0
       0
       1
       0
       0
       0
       0
       0
       0
       0
       0
       0
       0
       0
       0
       0
       0
       0
       1
       0
       0
       0
       0
       0
       0
       0
       0
       0
       0
       0
       2
       0
       0
       0
       1
       0
       0
       0
       0
       0
       0
       0
       0
       0
       0
       0
       0
       0
       0
       0
       0
       1
       0
       1
       0
       1
       2
       0
       0
       0
       1
       0
       0
       0
       1
       0
       1
       0
       0
       0
       0
       0
       0
       0
       0
       0
       0
       0
       0
       0
       1
       0
       0
       0
       0
       0
       0
       0
       0
       1
       0
       0
       0
       0
       0
       0
       0
       0
       0
       0
       0
       0
       0
       0
       1
       0
       2
       0
       0
       0
       0
       0
       0
       0
       0
       1
       0
       0
       0
       0
       0
       0
       0
       0
       0
       0
       0
       0
       0
       1
       0
       0
       0
       0
       1
       0
       0
       2
       0
       0
       0
       1
       0
       0
       0
       0
       0
       0
       0
       0
       0
       0
       0
       0
       0
       0
       0
       0
       0
       0
       0
       0
       0
       1
       0
       0
       0
       0
       0
       0
       0
       0
       0
       2
       0
       0
       1
       1
       0
       0
       0
       0
       1
       0
       0
       0
       1
       0
       0
       0
       0
       0
       0
       0
       1
       0
       0
       0
       1
       0
       0
       0
       0
       0
       0
       0
       0
       0
       0
       0
       0
       0
       0
       1
       0
       0
       1
       0
       1
       0
       0
       0
       0
       1
       1
       0
       1
       0
       0
       0
       0
       0
       0
       0
       0
       0
       0
       0
       0
       0
       0
       0
       0
       0
       0
       0
       0
       0
       0
       0
       0
       0
       0
       0
       1
       0
       0
       0
       0
       0
       1
       0
       0
       0
       1
       0
       1
       0
       0
       0
       0
       0
       0
       1
       0
       0
       0
       0
       0
       0
       1
       0
       0
       0
       0
       0
       0
       1
       0
       0
       1
       0
       0
       0
       0
       0
       1
       1
       1
       1
       0
       0
       0
       0
       0
       0
       0
       0
       1
       0
       1
       1
       0
       0
       0
       0
       0
       0
       0
       0
       0
       0
       1
       0
       0
       0
       1
       3
       0
       0
       0
       0
       1
       1
       0
       0
       0
       2
       0
       0
       1
       1
       0
       0
       0
       0
       1
       0
       0
       0
       1
       0
       0
       1
       0
       0
       0
       0
       0
       0
       0
       0
       0
       0
       0
       0
       0
       0
       0
       1
       1
       0
       0
       0
       0
       0
       0
       1
       0
       0
       0
       0
       0
       1
       0
       0
       0
       0
       0
       1
       1
       0
       0
       0
       0
       0
       0
       0
       0
       0
       0
       1
       0
       0
       0
       0
       1
       1
       0
       0
       0
       1
       0
       0
       0
       0
       0
       0
       0
       1
       0
       0
       0
       1
       0
       0
       0
       1
       0
       0
       0
       0
       0
       0
       0
       0
       0
       0
       0
       0
       1
       0
       0
       0
       0
       0
       0
       0
       0
       0
       0
       0
       0
       0
       0
       0
       0
       0
       0
       0
       0
       1
       0
       0
       0
       1
       0
       0
       0
       0
       1
       0
       0
       0
       0
       0
       0
       0
       0
       0
       0
       0
       0
       0
       0
       0
       0
       1
       1
       0
       0
       0
       0
       0
       0
       0
       1
       0
       1
       0
       1
       0
       0
       0
       1
       0
       2
       1
       0
       0
       0
       0
       0
       0
       0
       0
       0
       1
       0
       0
       0
       0
       0
       0
       0
       0
       0
       0
       0
       0
       1
       0
       0
       1
       0
       0
       1
       1
       0
       0
       0
       1
       0
       0
       0
       0
       0
       1
       0
       0
       0
       0
       0
       1
       0
       0
       1
       0
       0
       0
       0
       0
       1
       1
       0
       0
       1
       0
       1
       0
       1
       0
       0
       0
       0
       0
       0
       0
       0
       0
       0
       1
       0
       0
       0
       0
       0
       0
       0
       0
       0
       0
       0
       0
       0
       0
       1
       0
       1
       0
       0
       1
       0
       1
       1
       0
       1
       0
       0
       0
       0
       0
       0
       1
       0
       1
       0
       0
       0
       0
       0
       2
       1
       1
       0
       1
       0
       0
       1
       0
       0
       0
       0
       0
       0
       0
       0
       0
       0
       1
       0
       0
       0
       1
       1
       1
       0
       0
       0
       0
       0
       2
       0
       1
       1
       0
       0
       0
       0
       0
       0
       0
       0
       1
       0
       0
       0
       0
       2
       0
       0
       0
       0
       0
       1
       0
       0
       0
       0
       0
       0
       0
       0
       0
       0
       0
       0
       1
       0
       0
       0
       0
       0
       0
       0
       0
       0
       1
       0
       0
       0
       0
       1
       0
       0
       0
       1
       0
       0
       0
       0
       0
       0
       0
       0
       0
       0
       1
       0
       0
       0
       0
       0
       0
       0
       0
       0
       0
       0
       0
       0
       0
       0
       0
       0
       0
       0
       0
       1
       0
       0
       0
       1
       1
       0
       0
       0
       0
       0
       1
       0
       0
       0
       0
       1
       0
       0
       0
       0
       0
       0
       0
       0
       0
       0
       0
       0
       1
       0
       1
       0
       0
       0
       0
       0
       0
       1
       0
       1
       0
       0
       0
       0
       0
       1
       0
       0
       0
       0
       0
       0
       0
       0
       0
       0
       1
       0
       0
       1
       0
       0
       0
       0
       0
       0
       0
       0
       0
       0
       0
       0
       0
       0
       0
       0
       0
       0
       1
       0
       0
       0
       0
       0
       0
       1
       0
       0
       1
       0
       0
       0
       1
       0
       0
       1
       0
       0
       0
       0
       0
       0
       0
       0
       0
       1
       0
       0
       0
       0
       0
       1
       0
       0
       0
       0
       0
       0
       0
       0
       0
       0
       1
       0
       0
       0
       0
       0
       0
       0
       0
       0
       0
       0
       0
       0
       0
       0
       0
       0
       0
       0
       1
       0
       0
       0
       1
       0
       0
       0
       0
       1
       0
       0
       0
       0
       0
       0
       0
       1
       1
       0
       0
       0
       0
       1
       0
       0
       0
       1
       0
       0
       1
       0
       0
       1
       0
       0
       0
       0
       0
       1
       0
       0
       0
       1
       0
       0
       0
       1
       1
       0
       0
       0
       0
       0
       0
       1
       0
       0
       1
       0
       0
       0
       0
       0
       0
       0
       0
       1
       0
       0
       0
       1
       1
       0
       1
       0
       1
       1
       1
       1
       0
       0
       0
       0
       0
       0
       0
       0
       0
       0
       0
       0
       0
       0
       0
       0
       1
       1
       0
       0
       0
       0
       1
       1
       0
       0
       0
       0
       0
       0
       0
       0
       1
       0
       1
       0
       0
       0
       0
       0
       0
       1
       0
       0
       0
       0
       1
       0
       0
       0
       0
       0
       0
       0
       0
       0
       0
       0
       1
       0
       0
       0
       1
       0
       0
       1
       0
       1
       0
       2
       2
       0
       0
       1
       0
       0
       0
       0
       0
       0
       0
       0
       0
       0
       0
       0
       0
       1
       0
       0
       0
       0
       0
       1
       0
       1
       1
       0
       0
       0
       1
       1
       0
       0
       0
       1
       0
       0
       0
       0
       0
       0
       0
       1
       0
       0
       1
       0
       0
       0
       0
       0
       0
       0
       0
       0
       0
       1
       0
       2
       0
       0
       0
       0
       0
       0
       1
       0
       0
       0
       0
       0
       1
       0
       0
       0
       0
       1
       1
       0
       0
       0
       0
       1
       1
       0
       0
       0
       0
       0
       0
       1
       0
       0
       0
       0
       0
       0
       2
       0
       0
       0
       0
       0
       0
       1
       1
       0
       0
       0
       1
       0
       0
       1
       1
       0
       1
       1
       0
       0
       0
       0
       0
       0
       1
       0
       0
       0
       0
       0
       0
       0
       0
       0
       0
       0
       2
       0
       0
       1
       0
       0
       1
       0
       1
       0
       0
       1
       0
       0
       0
       0
       0
       0
       0
       1
       0
       0
       0
       0
       0
       1
       0
       0
       0
       0
       0
       0
       0
       0
       0
       0
       0
       0
       0
       1
       0
       0
       1
       0
       0
       0
       0
       0
       0
       0
       1
       0
       0
       0
       0
       1
       0
       0
       0
       0
       0
       0
       0
       0
       1
       0
       0
       0
       0
       0
       0
       0
       0
       0
       0
       0
       0
       0
       0
       0
       0
       0
       0
       0
       0
       0
       0
       0
       2
       0
       0
       0
       0
       1
       0
       1
       0
       0
       0
       0
       0
       0
       0
       0
       0
       0
       0
       0
       0
       0
       0
       0
       0
       0
       0
       0
       0
       0
       0
       0
       1
       0
       0
       0
       0
       0
       0
       0
       0
       0
       0
       0
       0
       0
       1
       0
       0
       0
       0
       0
       0
       0
       0
       0
       0
       1
       0
       0
       0
       0
       0
       0
       0
       0
       0
       1
       0
       0
       0
       0
       0
       0
       0
       0
       0
       0
       0
       0
       0
       0
       0
       0
       0
       0
       0
       0
       0
       1
       0
       0
       0
       1
       0
       0
       0
       1
       0
       0
       0
       0
       0
       0
       0
       0
       0
       1
       1
       0
       1
       0
       0
       0
       0
       1
       0
       0
       0
       0
       0
       0
       0
       0
       0
       0
       0
       0
       1
       0
       0
       1
       0
       0
       0
       2
       1
       0
       0
       0
       0
       0
       0
       0
       0
       0
       0
       0
       0
       0
       0
       0
       0
       0
       0
       0
       0
       0
       0
       0
       0
       1
       0
       0
       0
       0
       1
       0
       0
       0
       0
       0
       0
       1
       1
       0
       0
       0
       0
       0
       0
       0
       0
       0
       0
       0
       0
       0
       0
       0
       0
       1
       0
       0
       0
       0
       0
       1
       0
       0
       0
       0
       0
       0
       0
       0
       0
       0
       0
       1
       0
       0
       0
       0
       1
       0
       1
       0
       0
       0
       0
       0
       0
       0
       1
       0
       0
       0
       0
       0
       0
       0
       0
       0
       0
       0
       1
       0
       0
       0
       0
       0
       0
       0
       0
       1
       0
       0
       0
       0
       0
       0
       0
       0
       0
       0
       1
       0
       0
       0
       0
       0
       0
       0
       0
       0
       1
       3
       0
       1
       0
       0
       0
       0
       0
       0
       0
       0
       0
       0
       0
       0
       0
       0
       0
       0
       0
       0
       0
       0
       0
       0
       1
       0
       0
       0
       0
       0
       2
       0
       0
       1
       0
       0
       0
       0
       0
       0
       0
       0
       0
       0
       0
       0
       0
       0
       0
       0
       0
       0
       0
       0
       0
       0
       0
       0
       0
       0
       0
       0
       0
       0
       0
       0
       1
       0
       0
       1
       1
       0
       0
       0
       0
       0
       0
       1
       0
       0
       0
       0
       0
       0
       0
       0
       0
       0
       0
       0
       0
       0
       0
       0
       0
       0
       0
       0
       0
       0
       0
       1
       0
       0
       1
       0
       0
       0
       0
       0
       0
       0
       0
       0
       0
       0
       0
       0
       0
       0
       0
       0
       1
       0
       0
       1
       0
       1
       0
       1
       0
       0
       0
       0
       0
       0
       0
       0
       0
       0
       1
       0
       0
       0
       0
       0
       0
       0
       1
       0
       1
       0
       0
       0
       0
       0
       1
       0
       0
       0
       0
       0
       0
       0
       0
       0
       0
       0
       0
       0
       0
       0
       0
       0
       1
       0
       1
       0
       0
       1
       0
       0
       0
       0
       0
       0
       0
       0
       0
       0
       0
       0
       0
       0
       0
       0
       0
       1
       0
       0
       0
       0
       1
       1
       0
       0
       0
       0
       1
       0
       1
       0
       0
       0
       1
       0
       1
       2
       0
       0
       0
       0
       0
       0
       0
       1
       0
       0
       0
       1
       0
       0
       0
       0
       0
       0
       0
       0
       0
       0
       0
       1
       0
       0
       0
       0
       0
       0
       0
       0
       0
       1
       0
       0
       0
       0
       0
       0
       0
       0
       0
       0
       0
       0
       1
       0
       0
       0
       0
       0
       0
       0
       0
       0
       0
       0
       0
       0
       0
       0
       0
       0
       0
       0
       0
       0
       0
       1
       0
       0
       0
       0
       0
       0
       0
       0
       0
       1
       0
       1
       0
       0
       0
       1
       0
       0
       0
       0
       0
       2
       0
       0
       0
       0
       0
       1
       0
       0
       0
       0
       0
       0
       0
       0
       0
       0
       0
       0
       0
       0
       0
       0
       0
       0
       0
       0
       0
       1
       1
       0
       0
       0
       0
       0
       0
       0
       0
       0
       0
       0
       2
       0
       0
       0
       1
       0
       0
       0
       0
       0
       0
       0
       0
       1
       0
       0
       0
       1
       0
       0
       1
       0
       1
       0
       0
       0
       0
       0
       0
       0
       0
       0
       1
       0
       1
       0
       1
       0
       0
       1
       0
       0
       0
       0
       0
       0
       0
       0
       0
       0
       1
       0
       0
       0
       0
       1
       0
       0
       0
       0
       1
       0
       1
       0
       1
       1
       0
       0
       0
       0
       0
       0
       0
       0
       0
       0
       0
       0
       0
       0
       0
       0
       0
       0
       0
       0
       0
       1
       2
       0
       0
       0
       0
       0
       0
       0
       0
       0
       0
       1
       0
       0
       0
       1
       0
       0
       0
       0
       0
       0
       0
       0
       0
       1
       0
       0
       0
       0
       0
       0
       0
       0
       0
       0
       0
       1
       0
       0
       0
       0
       0
       0
       0
       0
       1
       0
       1
       0
       0
       0
       1
       0
       0
       0
       0
       0
       0
       0
       0
       0
       1
       0
       0
       0
       0
       0
       0
       0
       0
       0
       0
       0
       2
       1
       0
       0
       0
       0
       0
       0
       1
       0
       0
       0
       0
       1
       0
       0
       0
       0
       0
       0
       0
       0
       0
       0
       0
       1
       1
       0
       0
       0
       0
       0
       0
       0
       0
       0
       0
       0
       0
       0
       0
       0
       1
       0
       1
       0
       0
       0
       1
       0
       0
       1
       0
       0
       1
       0
       1
       0
       0
       0
       0
       0
       1
       0
       0
       0
       0
       0
       0
       0
       0
       0
       1
       0
       0
       0
       0
       0
       0
       0
       0
       0
       1
       1
       1
       0
       0
       0
       0
       1
       0
       0
       0
       0
       0
       1
       0
       0
       0
       0
       0
       0
       0
       0
       0
       0
       1
       0
       0
       0
       0
       0
       0
       1
       1
       0
       1
       0
       0
       0
       0
       0
       0
       0
       0
       0
       0
       0
       0
       0
       1
       1
       1
       1
       0
       0
       0
       0
       0
       0
       0
       0
       0
       0
       0
       1
       0
       1
       0
       0
       0
       0
       1
       0
       0
       1
       0
       0
       0
       0
       0
       0
       1
       0
       0
       0
       0
       0
       1
       0
       0
       0
       0
       1
       0
       0
       0
       0
       1
       0
       0
       0
       0
       0
       0
       0
       0
       0
       0
       1
       0
       0
       0
       0
       0
       0
       0
       0
       0
       0
       0
       0
       0
       0
       0
       0
       0
       0
       0
       0
       0
       0
       1
       0
       0
       0
       2
       0
       0
       0
       0
       0
       1
       0
       0
       0
       0
       1
       0
       1
       0
       0
       1
       0
       0
       0
       0
       0
       0
       0
       0
       0
       0
       0
       0
       0
       0
       0
       0
       2
       0
       0
       0
       0
       0
       0
       0
       0
       0
       0
       0
       1
       0
       0
       0
       0
       0
       0
       0
       1
       0
       0
       1
       0
       0
       0
       0
       0
       0
       0
       0
       0
       0
       0
       0
       0
       1
       0
       0
       0
       0
       0
       0
       0
       0
       0
       0
       0
       0
       1
       0
       0
       1
       0
       0
       0
       0
       1
       0
       0
       0
       0
       0
       1
       0
       0
       1
       0
       0
       0
       0
       0
       1
       1
       0
       0
       0
       0
       0
       0
       0
       0
       0
       0
       0
       1
       0
       0
       0
       0
       1
       0
       0
       0
       2
       0
       0
       0
       0
       0
       0
       0
       1
       0
       1
       0
       0
       0
       0
       0
       0
       1
       0
       0
       0
       0
       0
       1
       0
       1
       1
       0
       0
       0
       0
       0
       0
       2
       0
       0
       0
       0
       1
       0
       0
       0
       0
       0
       0
       1
       0
       0
       0
       0
       0
       0
       0
       0
       0
       1
       0
       0
       0
       1
       0
       0
       0
       0
       0
       0
       1
       0
       0
       1
       4
       0
       0
       0
       0
       0
       0
       0
       1
       1
       1
       0
       0
       0
       0
       2
       0
       0
       0
       0
       0
       0
       0
       0
       0
       0
       0
       0
       0
       0
       0
       0
       0
       0
       0
       1
       0
       0
       0
       0
       0
       0
       0
       0
       0
       0
       0
       0
       0
       0
       0
       0
       0
       0
       0
       0
       0
       0
       0
       0
       0
       0
       0
       0
       0
       0
       0
       0
       0
       1
       0
       1
       1
       0
       0
       0
       0
       1
       0
       0
       0
       0
       0
       0
       0
       0
       0
       0
       0
       1
       0
       0
       1
       0
       1
       0
       0
       0
       0
       0
       0
       0
       0
       0
       2
       0
       0
       0
       0
       0
       0
       0
       0
       0
       1
       0
       0
       0
       0
       0
       0
       0
       0
       0
       0
       0
       1
       0
       0
       0
       0
       0
       0
       0
       0
       0
       0
       0
       0
       0
       0
       0
       0
       0
       0
       0
       0
       0
       0
       0
       0
       0
       0
       1
       0
       0
       0
       0
       1
       0
       0
       0
       0
       0
       0
       0
       0
       0
       0
       0
       0
       0
       0
       0
       0
       0
       0
       0
       0
       0
       0
       0
       1
       0
       1
       0
       0
       0
       0
       0
       0
       0
       1
       0
       0
       0
       0
       0
       0
       0
       0
       0
       0
       0
       0
       1
       1
       0
       0
       0
       0
       0
       0
       0
       0
       0
       0
       0
       0
       0
       2
       0
       0
       0
       0
       0
       0
       0
       0
       0
       0
       0
       0
       0
       0
       0
       0
       0
       0
       1
       0
       0
       0
       1
       0
       0
       1
       0
       0
       0
       0
       0
       0
       0
       0
       0
       0
       0
       0
       0
       0
       0
       0
       0
       0
       0
       0
       0
       0
       0
       0
       0
       0
       0
       1
       0
       0
       0
       0
       0
       0
       0
       0
       0
       0
       0
       0
       0
       0
       0
       0
       0
       0
       0
       1
       0
       0
       0
       0
       1
       1
       0
       0
       0
       0
       0
       0
       0
       0
       0
       0
       0
       0
       0
       0
       0
       0
       0
       0
       2
       1
       0
       0
       0
       0
       0
       0
       0
       0
       0
       0
       0
       0
       0
       0
       0
       0
       0
       0
       1
       1
       0
       0
       0
       0
       1
       0
       1
       0
       0
       1
       0
       0
       0
       0
       0
       1
       0
       0
       0
       1
       0
       0
       0
       0
       0
       0
       0
       0
       1
       0
       0
       0
       0
       0
       0
       1
       0
       0
       0
       0
       0
       0
       0
       0
       1
       2
       0
       0
       0
       0
       0
       0
       0
       0
       0
       1
       0
       1
       1
       1
       0
       0
       0
       0
       0
       1
       1
       1
       0
       0
       1
       0
       0
       0
       0
       0
       0
       0
       0
       0
       2
       0
       0
       1
       1
       0
       0
       0
       0
       1
       0
       0
       0
       0
       0
       1
       0
       1
       0
       0
       0
       0
       0
       0
       2
       0
       0
       0
       0
       0
       0
       0
       0
       0
       0
       0
       1
       0
       0
       0
       0
       1
       1
       0
       0
       0
       0
       0
       0
       0
       1
       0
       1
       0
       0
       0
       0
       0
       0
       0
       0
       0
       1
       0
       0
       0
       0
       0
       0
       1
       0
       0
       0
       0
       0
       0
       0
       1
       0
       0
       0
       0
       0
       0
       0
       0
       0
       0
       0
       0
       0
       0
       0
       0
       1
       0
       0
       0
       0
       0
       0
       0
       0
       0
       0
       0
       0
       0
       0
       0
       0
       0
       0
       0
       1
       0
       0
       0
       0
       0
       0
       0
       0
       0
       0
       0
       0
       0
       0
       0
       1
       1
       0
       0
       0
       0
       0
       0
       0
       0
       0
       0
       0
       1
       0
       0
       0
       0
       0
       0
       0
       0
       0
       0
       0
       0
       0
       0
       0
       1
       0
       0
       0
       0
       2
       0
       1
       0
       1
       0
       0
       0
       0
       0
       0
       0
       0
       0
       1
       0
       1
       0
       0
       1
       0
       0
       0
       0
       0
       0
       0
       0
       0
       0
       0
       0
       0
       0
       1
       0
       0
       0
       0
       0
       0
       0
       0
       1
       0
       2
       0
       0
       0
       0
       0
       0
       0
       0
       0
       0
       0
       0
       0
       0
       0
       0
       0
       0
       0
       0
       0
       0
       0
       0
       0
       0
       0
       0
       0
       0
       0
       0
       0
       0
       0
       0
       0
       0
       0
       0
       0
       0
       0
       0
       0
       0
       0
       0
       0
       0
       0
       0
       0
       0
       0
       0
       0
       0
       0
       0
       0
       0
       0
       0
       0
       0
       0
       0
       0
       0
       0
       0
       0
       0
       0
       0
       0
       0
       0
       0
       0
       0
       0
       0
       0
       0
       0
       0
       0
       0
       0
       0
       0
       0
       0
       0
       0
       0
       0
       0
       0
       0
       0
       0
       0
       0
       0
       0
       0
       0
       0
       0
       0
       0
       0
       0
       0
       0
       0
       0
       0
       0
       0
       0
       0
       0
       0
       0
       0
$ROI:
1
195 201
$PRESETS:
None
0
0
$ENER_FIT:
1.916382 0.612805
$MCA_CAL:
3
1.916382E+000 6.128052E-001 0.000000E+000 keV
$SHAPE_CAL:
3
2.905076E+000 5.086795E-004 0.000000E+000
