$SPEC_ID:
No sample description was entered.
$SPEC_REM:
DET# 1
DETDESC# DESKTOP-AKUPN2F Easy-MCA-8k SN 09022236
AP# Maestro Version 7.01
$DATE_MEA:
02/09/2017 16:40:25
$MEAS_TIM:
58911 59031
$DATA:
0 8191
       0
       0
       0
       0
       0
       0
       0
       0
      10
       5
       0
       0
       0
       0
       0
       0
       0
       0
       0
       0
       0
       0
       0
       0
       0
       0
       0
       0
       0
       0
       0
       0
       0
       0
       0
       0
       0
       0
       0
       0
       0
       0
       0
       0
       0
       0
       0
       0
       0
       0
       0
       0
       0
       0
       0
       0
       0
       0
      30
     176
     570
     966
    1201
    2213
    2750
    2528
    1173
     617
     800
    3384
    4631
    4417
    4314
    4434
    4657
    4658
    4739
    4606
    4514
    4621
    4654
    4707
    4799
    4865
    4924
    5053
    5061
    5194
    5406
    5279
    5632
    5665
    5792
    5885
    6145
    6265
    6457
    6672
    6728
    6801
    6937
    7224
    7378
    7383
    7598
    7585
    7678
    7756
    7919
    7868
    8163
    8270
    8247
    8445
    8574
    9420
   12339
   17595
   19083
   16966
   21604
   27629
   23699
   14664
   10507
    9775
    9246
    8749
    8732
    8787
    8854
    8838
    8956
    8907
    9318
   10501
   13565
   16234
   15226
   12074
   10848
   11484
   11527
   10265
    9315
    9283
    9245
    9246
    8971
    9356
    9701
    9564
    9329
    9166
    9041
    8983
    9047
    8965
    8931
    8981
    9356
    9093
    9158
    8986
    9115
    8878
    8956
    8783
    8907
    9040
    8887
    9021
    8793
    8886
    8716
    8754
    8783
    8751
    8669
    8592
    8796
    8720
    8628
    8721
    8544
    8616
    8675
    8663
    8584
    8521
    8420
    8469
    8451
    8422
    8354
    8706
   10203
   14512
   17597
   14535
    9855
    8431
    8174
    8139
    8143
    8037
    7976
    7986
    8272
    8101
    7894
    8118
    7871
    7893
    7666
    7760
    7557
    7631
    7546
    7504
    7976
    8483
    8513
    7848
    7442
    7400
    7267
    7292
    7200
    7046
    7210
    7066
    7003
    7081
    7081
    6964
    7110
    6836
    6828
    6768
    6802
    6791
    6714
    6626
    6576
    6499
    6579
    6558
    6396
    6515
    6419
    6410
    6374
    6327
    6353
    6114
    6210
    6169
    6110
    5951
    6217
    5886
    6035
    5864
    6041
    5825
    5818
    5883
    5814
    5856
    5598
    5663
    5642
    5652
    5528
    5632
    5580
    5492
    5564
    5487
    5323
    5466
    5418
    5398
    5305
    5254
    5165
    5306
    5071
    5262
    5079
    5122
    5258
    5083
    5095
    5091
    5054
    5034
    4941
    4968
    5011
    5264
    5529
    5293
    5165
    4937
    4636
    4596
    4768
    4751
    4712
    4645
    4792
    4711
    4543
    4434
    4573
    4614
    4362
    4350
    4442
    4419
    4355
    4458
    4435
    4253
    4246
    4291
    4290
    4150
    4331
    4267
    4247
    4196
    4208
    4083
    4261
    4129
    4213
    4177
    4393
    4297
    4228
    4073
    3990
    3907
    3904
    3874
    3847
    3870
    3789
    3945
    3807
    3837
    3736
    3822
    3765
    3654
    3683
    3727
    3810
    3670
    3637
    3644
    3708
    3605
    3669
    3634
    3633
    3570
    3580
    3469
    3560
    3432
    3523
    3398
    3493
    3522
    3427
    3420
    3473
    3495
    3370
    3362
    3399
    3517
    3851
    5217
    6587
    6147
    4425
    3587
    3676
    3884
    3739
    3415
    3061
    3001
    2977
    2960
    3009
    2990
    2890
    2898
    2848
    2789
    2843
    2843
    2821
    2915
    2932
    2831
    2784
    2773
    2754
    2773
    2840
    2746
    2713
    2698
    2750
    2721
    2718
    2563
    2608
    2726
    2591
    2594
    2545
    2653
    2594
    2560
    2454
    2651
    2474
    2564
    2495
    2638
    2545
    2803
    2866
    2630
    2522
    2470
    2334
    2396
    2448
    2445
    2432
    2444
    2372
    2472
    2512
    2463
    2423
    2428
    2286
    2343
    2395
    2247
    2256
    2376
    2296
    2262
    2173
    2221
    2275
    2241
    2118
    2237
    2177
    2087
    2127
    2222
    2147
    2153
    2165
    2043
    2311
    2769
    3441
    3500
    2877
    2280
    2076
    1997
    2172
    2151
    2179
    2289
    2154
    2009
    1989
    1928
    1950
    1970
    1944
    1928
    1944
    1952
    1941
    1957
    1906
    1912
    1885
    1916
    1934
    1971
    1877
    1883
    1878
    1821
    1923
    1861
    1884
    1849
    1906
    1765
    1886
    1863
    1787
    1740
    1805
    1758
    1815
    1713
    1801
    1769
    1804
    1761
    1726
    1812
    1807
    1930
    1954
    1909
    1800
    1707
    1765
    1715
    1704
    1764
    1676
    1723
    1636
    1692
    1716
    1678
    1676
    1898
    2354
    2371
    2125
    1778
    1637
    1684
    1678
    1568
    1656
    1548
    1528
    1549
    1531
    1594
    1568
    1566
    1601
    1499
    1521
    1596
    1724
    2338
    3536
    4276
    3466
    2314
    1684
    1520
    1512
    1409
    1487
    1451
    1417
    1407
    1416
    1400
    1491
    1475
    1412
    1423
    1356
    1392
    1404
    1417
    1456
    1387
    1373
    1359
    1404
    1396
    1274
    1377
    1406
    1416
    1385
    1349
    1361
    1410
    1339
    1334
    1381
    1355
    1318
    1309
    1318
    1312
    1340
    1375
    1210
    1337
    1285
    1333
    1397
    1252
    1258
    1261
    1301
    1321
    1328
    1375
    1249
    1316
    1361
    1310
    1345
    1339
    1276
    1250
    1274
    1247
    1289
    1291
    1253
    1358
    1264
    1286
    1208
    1246
    1268
    1248
    1180
    1235
    1192
    1229
    1249
    1271
    1277
    1199
    1185
    1187
    1298
    1196
    1200
    1234
    1176
    1271
    1223
    1360
    1275
    1201
    1241
    1215
    1202
    1173
    1279
    1180
    1154
    1159
    1191
    1200
    1195
    1150
    1072
    1150
    1110
    1109
    1169
    1180
    1119
    1085
    1163
    1122
    1153
    1122
    1160
    1180
    1133
    1138
    1136
    1104
    1170
    1109
    1079
    1074
    1073
    1103
    1107
    1037
    1125
    1093
    1088
    1059
    1056
    1144
    1212
    1138
    1184
    1122
    1031
    1061
    1041
    1091
    1170
    1093
     978
    1070
    1033
     989
    1093
    1009
    1018
    1060
    1065
    1067
    1062
    1040
    1062
    1044
    1106
    1053
    1081
    1054
    1075
    1105
    1050
    1072
     992
    1080
    1010
    1017
    1015
    1051
    1143
    1210
    1297
    1194
    1068
     981
    1011
    1039
     967
    1004
    1002
     990
     993
     979
    1003
    1005
     974
    1012
     936
     976
     993
    1019
    1005
     900
     960
     956
     928
     972
     932
     923
     980
     924
     933
     944
     905
     943
     940
     902
     941
     884
     978
     853
     947
     862
     864
     815
     937
     898
     949
     923
     871
     915
     800
     871
     864
     863
     879
     870
     850
     859
     833
     830
     822
     839
     862
     829
     896
     826
     832
     866
     808
     816
     820
     880
     810
     925
    1015
    1202
    1612
    1951
    2206
    2026
    1567
    1216
     970
     905
     849
     885
     835
     818
     793
     798
     796
     766
     785
     775
     802
     747
     792
     766
     763
     774
     748
     754
     756
     791
     751
     749
     804
     765
     779
     749
     778
     734
     819
     695
     832
     778
     811
     734
     739
     725
     742
     807
     752
     723
     743
     751
     777
     738
     718
     715
     780
     745
     732
     726
     741
     773
     726
     719
     726
     731
     688
     715
     736
     719
     686
     681
     723
     737
     705
     676
     676
     697
     673
     744
     725
     697
     713
     731
     691
     777
     719
     750
     723
     725
     746
     685
     680
     681
     684
     697
     705
     764
     680
     654
     739
     684
     665
     656
     726
     719
     724
     658
     728
     674
     676
     665
     665
     725
     628
     709
     710
     668
     760
     889
    1265
    1978
    2470
    1850
    1084
     720
     662
     624
     645
     667
     684
     595
     654
     637
     628
     660
     586
     629
     620
     642
     617
     629
     655
     643
     595
     614
     635
     601
     660
     637
     615
     676
     638
     628
     601
     602
     617
     633
     612
     572
     643
     765
    1159
    2192
    3166
    3190
    2036
    1033
     688
     593
     606
     586
     574
     577
     544
     561
     594
     576
     552
     560
     601
     551
     590
     601
     600
     587
     589
     609
     537
     575
     554
     564
     565
     576
     529
     561
     621
     579
     577
     551
     569
     598
     584
     555
     534
     553
     568
     564
     538
     546
     587
     552
     508
     550
     536
     534
     562
     557
     574
     559
     546
     534
     553
     558
     553
     528
     541
     560
     561
     562
     519
     535
     533
     569
     535
     527
     510
     573
     551
     542
     520
     532
     545
     522
     630
     687
    1113
    1904
    3752
    5662
    5660
    3665
    1643
     751
     571
     634
     625
     609
     528
     514
     529
     524
     527
     509
     490
     542
     528
     493
     524
     518
     529
     509
     501
     503
     524
     493
     496
     473
     497
     506
     487
     502
     489
     456
     500
     484
     486
     442
     475
     478
     492
     490
     517
     519
     489
     508
     524
     534
     480
     557
     514
     465
     523
     473
     552
     514
     490
     459
     561
     495
     488
     479
     483
     511
     495
     507
     484
     520
     529
     552
     496
     480
     502
     456
     516
     490
     511
     470
     536
     472
     472
     505
     472
     450
     424
     488
     466
     516
     522
     488
     535
     498
     483
     522
     476
     482
     477
     516
     492
     470
     510
     454
     511
     477
     537
     705
     825
     835
     718
     553
     539
     448
     468
     502
     430
     449
     476
     456
     474
     452
     421
     474
     439
     467
     463
     424
     466
     428
     444
     467
     448
     463
     458
     448
     463
     462
     480
     452
     476
     422
     466
     466
     442
     427
     435
     473
     427
     438
     477
     443
     460
     467
     436
     511
     493
     460
     421
     462
     416
     457
     456
     463
     467
     438
     444
     469
     503
     456
     448
     452
     472
     489
     648
     646
     725
     596
     506
     427
     440
     467
     493
     481
     446
     425
     434
     411
     449
     408
     425
     446
     435
     378
     378
     415
     412
     437
     442
     458
     424
     441
     467
     457
     525
     472
     426
     423
     458
     426
     424
     412
     407
     435
     408
     470
     454
     492
     550
     635
     557
     525
     422
     411
     391
     399
     390
     416
     391
     414
     378
     409
     421
     424
     389
     450
     454
     438
     438
     427
     374
     382
     400
     386
     377
     406
     402
     394
     405
     364
     428
     389
     368
     414
     395
     377
     393
     404
     402
     431
     388
     388
     380
     397
     384
     391
     392
     404
     392
     361
     381
     376
     404
     402
     403
     390
     413
     420
     382
     400
     430
     411
     402
     396
     446
     466
     465
     427
     429
     380
     401
     435
     443
     460
     423
     396
     344
     388
     399
     364
     369
     371
     377
     378
     361
     387
     367
     399
     398
     351
     364
     362
     385
     399
     382
     366
     353
     363
     363
     366
     369
     371
     433
     407
     522
     548
     540
     522
     447
     384
     392
     388
     384
     337
     358
     397
     364
     346
     355
     345
     353
     363
     331
     393
     369
     373
     323
     369
     347
     359
     351
     376
     362
     369
     359
     367
     358
     372
     366
     385
     359
     327
     395
     344
     395
     371
     354
     375
     377
     369
     373
     364
     354
     391
     340
     369
     379
     367
     361
     367
     378
     351
     368
     353
     377
     333
     343
     379
     343
     370
     353
     366
     346
     356
     352
     402
     406
     360
     381
     353
     357
     340
     346
     375
     409
     500
     736
    1086
    1498
    1570
    1085
     611
     375
     378
     313
     330
     338
     318
     371
     342
     317
     348
     328
     347
     356
     339
     373
     340
     320
     338
     333
     337
     299
     310
     338
     350
     339
     310
     350
     333
     356
     326
     378
     405
     417
     462
     473
     455
     372
     362
     332
     296
     326
     354
     313
     323
     338
     324
     315
     334
     349
     320
     349
     343
     356
     318
     361
     352
     349
     409
     376
     382
     365
     385
     380
     366
     346
     305
     324
     332
     350
     327
     295
     345
     326
     346
     321
     338
     322
     349
     329
     331
     376
     354
     486
     517
     578
     503
     427
     416
     585
     803
    1025
    1022
     802
     511
     335
     310
     315
     323
     305
     347
     304
     343
     364
     316
     307
     317
     325
     309
     307
     311
     324
     320
     329
     316
     325
     332
     279
     304
     298
     292
     305
     345
     352
     317
     293
     292
     325
     294
     310
     323
     296
     344
     308
     338
     302
     307
     309
     297
     319
     325
     323
     328
     324
     371
     323
     325
     301
     290
     332
     320
     281
     316
     278
     319
     321
     310
     288
     317
     333
     311
     305
     324
     333
     308
     307
     313
     333
     293
     299
     311
     309
     324
     323
     279
     317
     316
     301
     305
     316
     275
     315
     315
     294
     310
     293
     320
     316
     301
     285
     323
     306
     315
     306
     336
     314
     318
     339
     302
     294
     289
     313
     309
     338
     287
     324
     312
     299
     297
     308
     292
     265
     297
     293
     335
     321
     297
     328
     306
     309
     297
     329
     290
     301
     272
     333
     324
     288
     307
     297
     317
     308
     280
     299
     295
     331
     306
     297
     282
     330
     286
     298
     312
     292
     336
     307
     297
     289
     303
     307
     332
     329
     302
     288
     323
     305
     299
     328
     330
     314
     274
     326
     303
     323
     311
     297
     312
     332
     290
     330
     329
     311
     308
     285
     299
     321
     296
     281
     278
     297
     312
     314
     306
     295
     340
     295
     308
     280
     326
     267
     310
     347
     326
     351
     289
     328
     324
     334
     266
     333
     305
     323
     322
     305
     294
     296
     300
     318
     309
     290
     309
     321
     316
     314
     294
     334
     309
     305
     325
     314
     292
     311
     328
     303
     313
     325
     312
     315
     316
     317
     332
     320
     326
     317
     344
     442
     621
     816
    1014
     964
     701
     423
     321
     311
     276
     347
     343
     290
     318
     310
     281
     312
     310
     324
     315
     297
     322
     296
     314
     325
     330
     312
     312
     322
     289
     294
     306
     312
     304
     294
     323
     307
     324
     295
     317
     307
     312
     264
     280
     320
     286
     298
     333
     277
     309
     298
     316
     302
     326
     331
     319
     322
     356
     341
     358
     401
     388
     357
     323
     314
     314
     320
     321
     300
     311
     304
     318
     311
     284
     300
     303
     299
     340
     303
     331
     319
     275
     318
     296
     323
     331
     330
     330
     372
     431
     381
     368
     342
     275
     338
     320
     330
     320
     340
     315
     313
     351
     371
     318
     354
     337
     331
     339
     321
     300
     310
     334
     270
     335
     331
     317
     325
     294
     338
     359
     319
     330
     327
     307
     350
     329
     318
     344
     288
     305
     340
     315
     286
     335
     336
     337
     318
     299
     351
     337
     363
     343
     307
     346
     372
     316
     369
     349
     344
     318
     319
     333
     333
     347
     351
     331
     338
     345
     354
     352
     328
     363
     333
     306
     353
     338
     360
     312
     345
     364
     351
     373
     330
     367
     353
     315
     361
     355
     333
     319
     301
     360
     308
     336
     338
     349
     337
     332
     357
     367
     370
     337
     365
     464
     495
     552
     592
     504
     396
     347
     333
     286
     315
     280
     263
     267
     281
     280
     304
     302
     279
     285
     271
     256
     252
     262
     231
     256
     255
     264
     265
     260
     283
     243
     260
     252
     249
     255
     235
     235
     216
     235
     248
     222
     207
     223
     220
     251
     242
     221
     236
     212
     236
     238
     228
     209
     197
     206
     230
     215
     213
     246
     221
     234
     226
     236
     226
     198
     229
     237
     221
     241
     247
     252
     242
     310
     284
     237
     228
     214
     231
     210
     199
     204
     198
     190
     231
     212
     180
     186
     192
     207
     188
     196
     218
     210
     183
     187
     200
     185
     173
     207
     190
     197
     204
     207
     160
     199
     182
     191
     187
     178
     194
     169
     175
     196
     177
     186
     175
     191
     175
     175
     172
     178
     168
     171
     173
     165
     158
     178
     179
     197
     171
     166
     169
     191
     189
     187
     171
     179
     151
     171
     163
     169
     158
     152
     153
     152
     183
     179
     164
     150
     155
     148
     145
     177
     154
     179
     222
     227
     227
     200
     175
     150
     137
     125
     150
     179
     141
     123
     119
     147
     158
     152
     132
     150
     124
     141
     139
     156
     128
     145
     134
     139
     143
     133
     136
     125
     117
     117
     157
     149
     128
     109
     130
     120
     126
     118
     117
     103
     111
     118
     120
     137
     131
     112
     123
     121
     120
     139
     115
     113
     108
     114
     106
     125
     138
     117
      96
     120
     108
     125
     106
     131
     118
     128
     112
     107
     125
     170
     194
     243
     305
     293
     239
     181
     141
     128
     103
     114
     122
     103
     128
     127
     138
     149
     119
     131
     109
     103
      98
     129
     104
     105
     120
     117
     109
      99
     103
     112
     122
     103
     117
     116
      92
     126
     125
     109
     115
     126
     134
     156
     181
     122
     128
     113
     124
     107
     104
     143
     151
     180
     214
     208
     135
     134
     107
      91
     113
      99
     102
      93
     104
      97
     120
      89
      97
      90
      83
      79
      86
     128
     101
     111
      84
     104
      94
     124
      90
      89
     103
     111
     116
      98
     106
     113
     102
     111
      87
      90
      93
      98
      98
      94
     108
      98
     111
      86
      98
      81
      85
     101
      91
     103
      84
     115
      94
     100
     107
      93
     108
     107
      88
     113
     115
      80
     105
      94
     106
      95
      97
     111
     115
      98
      87
      83
      90
     116
     121
     112
     190
     285
     460
     850
    1475
    2863
    4986
    7771
    9497
    8264
    4979
    2054
     597
     160
      65
      58
      67
      48
      60
      45
      68
      64
      66
      65
      59
      63
      61
      56
      64
      49
      41
      54
      57
      45
      58
      57
      63
      58
      53
      61
      62
      63
      61
      63
      60
      53
      53
      50
      66
      67
      47
      68
      62
      64
      55
      53
      52
      57
      60
      48
      58
      65
      83
      94
      66
      80
      72
      83
      70
      65
      50
      73
      75
      73
      76
      77
      71
      72
      84
      67
      50
      59
      66
      82
     100
      89
     137
     176
     115
     103
      70
      66
      79
      71
      75
      55
      58
      54
      63
      56
      61
      55
      68
      65
      56
      64
      55
      55
      53
      74
      48
      59
      57
      59
      76
      50
      57
      44
      64
      46
      60
      65
      69
      52
      43
      57
      58
      61
      49
      48
      60
      56
      52
      63
      91
      65
      68
      66
      66
      61
      55
      72
      63
      53
      54
      51
      47
      57
      48
      46
      45
      48
      49
      55
      40
      46
      49
      50
      54
      53
      55
      46
      47
      52
      57
      57
      57
      38
      55
      46
      42
      38
      51
      51
      39
      52
      38
      42
      44
      58
      54
      49
      52
      52
      50
      52
      41
      45
      46
      54
      45
      62
      46
      62
      58
      50
      56
      48
      49
      57
      40
      69
      63
      71
      62
      80
      58
      76
      78
      61
      89
      70
      78
      92
     130
     190
     196
     160
     112
      93
     106
     141
     171
     171
     151
     133
      87
      49
      54
      35
      59
      41
      49
      60
      45
      57
      45
      50
      42
      53
      52
      38
      58
      47
      55
      51
      56
      59
      44
      45
      47
      53
      41
      49
      50
      51
      42
      43
      43
      51
      52
      39
      41
      42
      57
      57
      66
      85
      93
     118
      86
      69
      52
      52
      44
      57
      49
      54
      46
      50
      46
      56
      67
      80
      94
     121
      83
      86
      44
      57
      43
      46
      48
      42
      40
      50
      67
      53
      62
      54
      36
      49
      43
      41
      33
      43
      39
      44
      45
      47
      44
      39
      41
      39
      35
      36
      42
      31
      47
      36
      36
      43
      34
      48
      39
      41
      43
      47
      34
      41
      46
      40
      52
      65
      72
      77
      67
      46
      58
      43
      35
      28
      49
      52
      45
      35
      46
      25
      22
      34
      37
      35
      39
      36
      47
      32
      32
      36
      46
      51
      39
      48
      37
      42
      38
      34
      38
      45
      34
      43
      37
      41
      46
      59
      41
      32
      49
      43
      34
      37
      39
      25
      41
      32
      46
      47
      54
      27
      49
      44
      41
      28
      46
      46
      42
      33
      41
      34
      36
      34
      34
      41
      25
      34
      28
      44
      28
      27
      35
      38
      39
      41
      28
      39
      35
      30
      30
      37
      39
      45
      24
      40
      27
      41
      35
      29
      40
      37
      39
      45
      39
      27
      31
      40
      42
      40
      32
      37
      31
      42
      49
      51
      47
      67
      88
     127
     142
     129
     104
      64
      43
      28
      34
      27
      41
      29
      24
      29
      33
      35
      30
      24
      25
      33
      29
      42
      42
      33
      31
      42
      37
      29
      31
      27
      21
      46
      39
      23
      32
      32
      34
      39
      37
      29
      35
      38
      33
      32
      26
      26
      40
      47
      38
      37
      46
      50
      60
      61
      97
     162
     253
     400
     583
     625
     539
     324
     173
      65
      33
      40
      43
      38
      39
      40
      25
      26
      20
      27
      33
      42
      25
      39
      23
      39
      44
      43
      35
      35
      25
      25
      40
      43
      37
      34
      36
      33
      28
      30
      25
      33
      32
      21
      29
      29
      26
      39
      35
      32
      30
      17
      35
      30
      25
      34
      26
      31
      31
      29
      32
      42
      23
      31
      34
      36
      29
      30
      31
      19
      27
      32
      35
      47
      37
      37
      34
      44
      18
      29
      32
      31
      34
      29
      37
      27
      43
      18
      33
      30
      30
      35
      33
      42
      27
      33
      27
      31
      25
      44
      34
      28
      33
      37
      34
      31
      30
      30
      38
      45
      24
      32
      32
      29
      25
      38
      36
      24
      32
      31
      29
      30
      44
      33
      44
      45
      44
      42
      33
      33
      35
      30
      36
      33
      38
      46
      51
      46
      86
      87
     104
     113
      74
      72
      42
      36
      43
      32
      28
      30
      43
      33
      35
      39
      16
      31
      32
      36
      25
      29
      29
      26
      38
      45
      27
      29
      34
      28
      33
      35
      29
      19
      25
      31
      25
      30
      34
      31
      42
      38
      40
      51
      47
      36
      36
      31
      46
      21
      34
      26
      25
      33
      23
      29
      24
      20
      46
      35
      37
      42
      32
      24
      37
      29
      39
      38
      41
      32
      30
      33
      43
      35
      38
      39
      19
      32
      45
      26
      30
      40
      41
      38
      29
      39
      33
      36
      31
      34
      33
      33
      32
      30
      31
      31
      44
      35
      33
      33
      39
      23
      32
      48
      34
      38
      32
      35
      29
      46
      37
      29
      28
      44
      34
      35
      38
      31
      38
      30
      34
      23
      26
      39
      20
      26
      27
      27
      30
      38
      34
      20
      40
      28
      23
      31
      33
      32
      35
      20
      33
      32
      33
      35
      36
      36
      35
      40
      39
      40
      37
      28
      33
      32
      22
      30
      37
      32
      24
      23
      25
      35
      21
      26
      33
      25
      33
      30
      31
      26
      29
      33
      25
      23
      25
      35
      27
      27
      26
      40
      33
      31
      31
      30
      35
      20
      34
      28
      27
      37
      31
      25
      28
      22
      44
      30
      37
      26
      32
      33
      29
      36
      31
      29
      37
      31
      34
      30
      30
      37
      32
      38
      27
      35
      25
      31
      25
      25
      26
      21
      34
      29
      28
      25
      29
      23
      27
      31
      28
      34
      32
      29
      42
      33
      37
      22
      23
      28
      31
      29
      24
      29
      32
      20
      21
      32
      34
      28
      27
      45
      19
      33
      23
      32
      30
      28
      35
      28
      27
      16
      35
      34
      28
      25
      33
      31
      40
      37
      36
      32
      34
      31
      32
      25
      33
      33
      26
      31
      29
      24
      20
      32
      27
      27
      25
      36
      30
      32
      24
      28
      29
      30
      34
      32
      28
      28
      29
      35
      29
      35
      29
      19
      35
      23
      32
      36
      28
      26
      31
      27
      29
      29
      32
      35
      36
      29
      26
      33
      20
      27
      20
      27
      24
      34
      20
      19
      30
      29
      29
      32
      34
      20
      30
      32
      27
      24
      28
      31
      25
      32
      27
      26
      29
      40
      16
      31
      29
      21
      28
      23
      41
      33
      26
      19
      37
      22
      32
      28
      22
      31
      20
      20
      25
      28
      31
      32
      27
      25
      25
      26
      24
      26
      22
      29
      26
      31
      24
      21
      24
      27
      28
      24
      20
      25
      14
      30
      29
      22
      30
      32
      27
      19
      22
      29
      24
      22
      21
      32
      26
      30
      28
      27
      27
      24
      33
      27
      33
      33
      30
      30
      35
      38
      58
      56
      56
      81
      93
     124
     136
     137
     148
     124
      89
      64
      60
      42
      38
      38
      29
      26
      38
      22
      26
      36
      26
      30
      28
      31
      30
      32
      38
      52
      65
      65
      61
      46
      60
      40
      27
      24
      27
      20
      21
      25
      30
      30
      28
      26
      31
      31
      26
      22
      24
      24
      29
      32
      27
      31
      31
      26
      31
      22
      36
      30
      31
      28
      32
      27
      16
      19
      28
      26
      15
      22
      31
      25
      30
      23
      28
      26
      33
      27
      34
      30
      38
      26
      27
      36
      27
      25
      28
      22
      34
      32
      28
      33
      25
      43
      37
      23
      25
      25
      33
      31
      35
      17
      25
      28
      29
      22
      33
      30
      23
      35
      20
      18
      31
      34
      27
      33
      34
      33
      32
      27
      30
      30
      32
      28
      26
      39
      27
      40
      29
      37
      41
      23
      13
      32
      37
      27
      30
      25
      27
      24
      32
      27
      31
      36
      34
      32
      27
      23
      32
      32
      31
      28
      30
      25
      29
      28
      34
      25
      27
      31
      34
      40
      37
      49
      47
      54
      91
     106
     176
     197
     169
     161
      83
      46
      29
      34
      21
      22
      29
      38
      25
      27
      28
      22
      35
      17
      22
      30
      27
      22
      36
      27
      24
      29
      23
      29
      32
      31
      43
      17
      26
      24
      22
      19
      29
      27
      24
      26
      32
      27
      23
      28
      38
      21
      24
      27
      19
      29
      30
      29
      30
      19
      25
      21
      22
      24
      23
      34
      32
      23
      33
      35
      28
      27
      23
      22
      28
      27
      41
      26
      29
      18
      31
      41
      26
      24
      27
      25
      34
      30
      28
      29
      23
      22
      36
      28
      34
      24
      32
      21
      35
      33
      28
      24
      26
      29
      31
      29
      24
      32
      24
      27
      29
      23
      28
      35
      24
      32
      32
      30
      33
      14
      24
      30
      26
      33
      28
      30
      33
      43
      38
      38
      35
      27
      33
      32
      24
      21
      28
      35
      36
      29
      27
      34
      39
      32
      31
      38
      32
      37
      40
      29
      37
      38
      41
      39
      44
      28
      42
      34
      28
      35
      23
      32
      34
      30
      31
      39
      21
      27
      39
      33
      35
      36
      37
      27
      24
      32
      31
      44
      35
      27
      27
      28
      35
      34
      33
      36
      26
      33
      34
      29
      28
      27
      44
      27
      32
      36
      30
      33
      34
      27
      31
      32
      41
      35
      39
      24
      36
      33
      27
      26
      33
      28
      21
      26
      29
      41
      27
      40
      25
      36
      32
      41
      29
      36
      28
      20
      40
      26
      31
      38
      28
      26
      29
      36
      38
      35
      34
      32
      27
      42
      33
      31
      31
      39
      34
      35
      43
      35
      34
      38
      43
      34
      26
      35
      39
      49
      35
      34
      32
      22
      45
      38
      37
      29
      46
      34
      28
      41
      39
      37
      32
      34
      42
      36
      32
      30
      37
      36
      28
      38
      37
      39
      34
      46
      33
      42
      31
      27
      30
      26
      30
      31
      34
      21
      32
      36
      28
      25
      25
      28
      29
      31
      28
      16
      26
      26
      22
      22
      30
      28
      17
      24
      24
      22
      23
      37
      24
      18
      24
      23
      20
      23
      19
      21
      17
      27
      23
      25
      16
      15
      27
      23
      23
      28
      14
      20
      19
      11
      24
      22
      26
      21
      21
      23
      21
      19
      16
      18
      17
      17
      27
      31
      21
      20
      10
      19
      25
      23
      21
      25
      13
      13
      14
      11
      17
      26
      16
      23
      18
      33
      25
      21
      20
      16
      28
      21
      20
      12
      21
      16
      16
      15
      16
      23
      21
      17
      16
      16
      20
      19
      19
      19
      22
      13
      13
       6
      23
      23
      34
      27
      30
      42
      55
      60
      70
      59
      44
      38
      25
      15
      16
      20
      16
      17
      21
      17
      19
      15
      26
      14
      17
      23
      18
      19
      14
      13
      26
      19
      13
      12
      15
      18
      12
      23
       5
      21
       6
      13
      15
      18
      14
       9
      19
      14
      10
      13
      11
       8
       8
       9
      12
      11
      11
       9
      15
      14
      11
      21
      14
       9
       6
      16
      14
      19
      12
      16
      10
      12
      10
       9
      15
      17
      12
       9
       9
      15
       6
       4
      12
       5
      15
       8
      11
       8
      11
      14
       9
      11
      12
       7
      15
      19
       7
       4
      10
      10
       7
       7
       3
       4
       9
      14
       7
       6
      11
       9
      10
       6
       6
       4
       5
       5
       9
       5
       4
       7
       7
       9
       2
       5
       5
       7
       6
       7
       7
       7
       8
       2
       6
       5
       7
       7
       6
       6
       8
       8
       9
       8
      10
       9
       3
       9
       6
       8
       6
       3
       6
      11
       5
       4
       7
       2
       7
       5
       5
       2
       8
       5
       7
       6
       3
       5
      12
       1
       3
      11
       4
       3
       6
       2
       4
       4
       6
       4
       4
       3
       2
       4
       5
      10
       5
       3
       2
       5
       4
       3
       5
       4
       4
       4
       4
       5
       4
       4
       4
       5
       4
       5
       8
       3
       8
       7
       6
       4
       7
       3
       3
       7
       4
       7
       2
       5
       7
       2
       5
       4
       6
       4
       8
       5
       2
       7
       5
       3
       5
       4
       5
       5
       6
       4
       6
       4
       5
       5
       6
       1
       6
       5
       7
       7
       6
       3
       6
       7
       6
       4
       2
       8
       5
       7
       2
       7
       7
       7
       6
       4
       7
      12
       5
       4
       7
       9
      12
      17
      21
      21
      34
      53
      75
     115
     147
     191
     312
     392
     621
     885
    1056
     863
     616
     326
     160
      64
      15
       6
       0
       3
       1
       2
       2
       3
       1
       2
       3
       3
       1
       1
       2
       5
       2
       2
       2
       0
       2
       0
       2
       2
       1
       4
       3
       4
       2
       1
       3
       0
       3
       2
       1
       0
       2
       2
       1
       2
       2
       2
       3
       2
       3
       3
       2
       0
       3
       2
       0
       0
       1
       2
       0
       0
       1
       1
       0
       3
       4
       1
       2
       1
       4
       2
       4
       2
       1
       1
       2
       2
       1
       0
       2
       3
       4
       3
       2
       2
       2
       2
       2
       1
       1
       4
       2
       1
       1
       2
       1
       4
       2
       2
       2
       1
       0
       1
       1
       0
       2
       2
       0
       1
       0
       1
       2
       1
       1
       4
       1
       3
       2
       1
       0
       2
       1
       3
       1
       2
       0
       1
       3
       0
       3
       0
       4
       0
       3
       0
       3
       7
       0
       0
       3
       2
       1
       3
       2
       1
       0
       3
       2
       3
       2
       1
       1
       2
       0
       1
       0
       0
       1
       1
       3
       1
       0
       2
       0
       2
       0
       5
       3
       1
       1
       0
       2
       1
       5
       1
       0
       3
       2
       3
       2
       1
       4
       3
       1
       3
       3
       3
       1
       2
       3
       2
       1
       3
       2
       3
       1
       1
       4
       3
       0
       1
       2
       0
       1
       1
       2
       0
       0
       2
       2
       0
       2
       0
       1
       1
       0
       2
       2
       2
       0
       2
       1
       1
       3
       0
       1
       0
       1
       2
       2
       4
       0
       1
       0
       3
       1
       0
       0
       1
       0
       2
       6
       3
       3
       0
       0
       0
       2
       1
       2
       4
       4
       4
       2
       3
       0
       0
       1
       5
       1
       1
       2
       1
       1
       1
       1
       2
       1
       0
       4
       3
       3
       0
       1
       0
       1
       1
       0
       1
       0
       1
       1
       0
       1
       3
       1
       2
       0
       0
       2
       1
       4
       2
       2
       0
       4
       0
       2
       1
       1
       2
       1
       0
       1
       3
       2
       1
       0
       4
       2
       2
       2
       1
       1
       1
       2
       1
       2
       3
       1
       1
       2
       2
       2
       2
       4
       2
       0
       0
       1
       1
       3
       0
       5
       1
       1
       2
       2
       3
       0
       0
       1
       3
       1
       0
       2
       1
       5
       1
       2
       4
       1
       0
       1
       2
       2
       3
       1
       0
       1
       2
       3
       2
       1
       2
       2
       0
       0
       2
       0
       4
       1
       2
       0
       2
       3
       1
       1
       3
       2
       0
       4
       3
       1
       1
       2
       0
       0
       2
       3
       1
       1
       4
       2
       3
       2
       3
       0
       2
       1
       1
       1
       2
       0
       0
       1
       1
       3
       1
       0
       0
       3
       2
       2
       4
       4
       2
       4
       2
       2
       2
       0
       2
       0
       0
       4
       2
       2
       0
       4
       1
       1
       1
       2
       1
       2
       4
       0
       2
       1
       4
       5
       2
       3
       2
       1
       1
       2
       2
       2
       1
       1
       1
       2
       0
       3
       4
       0
       3
       0
       1
       2
       1
       1
       4
       0
       4
       0
       1
       5
       0
       2
       3
       3
       0
       1
       1
       2
       2
       1
       1
       1
       1
       1
       3
       1
       0
       3
       1
       1
       0
       1
       3
       1
       4
       1
       3
       2
       1
       0
       3
       5
       4
       2
       4
       2
       1
       1
       0
       0
       2
       0
       0
       3
       1
       2
       2
       3
       1
       0
       1
       1
       0
       2
       1
       2
       0
       1
       0
       1
       2
       0
       0
       0
       1
       2
       1
       2
       1
       2
       1
       0
       2
       2
       2
       0
       2
       5
       1
       1
       3
       0
       0
       3
       1
       2
       4
       2
       1
       1
       0
       2
       2
       0
       2
       2
       0
       2
       0
       1
       0
       2
       4
       0
       1
       2
       2
       3
       1
       1
       1
       2
       5
       0
       2
       0
       2
       1
       1
       1
       0
       1
       0
       4
       0
       2
       2
       2
       1
       2
       2
       1
       1
       2
       0
       0
       2
       2
       2
       5
       0
       2
       0
       0
       2
       2
       2
       3
       0
       2
       2
       1
       2
       2
       2
       0
       1
       1
       3
       2
       2
       3
       1
       3
       2
       0
       1
       1
       0
       1
       0
       0
       3
       0
       1
       0
       2
       0
       1
       1
       1
       0
       1
       0
       2
       1
       2
       1
       1
       1
       0
       1
       0
       2
       2
       0
       2
       2
       1
       3
       2
       1
       1
       1
       1
       1
       1
       3
       2
       0
       2
       0
       1
       2
       1
       2
       0
       0
       1
       0
       2
       4
       3
       1
       0
       2
       1
       1
       1
       2
       0
       3
       3
       2
       0
       0
       2
       1
       2
       0
       0
       0
       3
       3
       0
       1
       2
       1
       1
       3
       0
       1
       0
       1
       1
       4
       3
       3
       1
       2
       1
       2
       1
       0
       0
       2
       2
       1
       0
       6
       2
       2
       0
       1
       2
       2
       1
       0
       0
       1
       3
       2
       4
       1
       1
       1
       0
       1
       3
       1
       4
       3
       1
       1
       0
       0
       2
       1
       1
       0
       2
       1
       1
       1
       1
       1
       0
       1
       0
       1
       0
       1
       1
       1
       0
       3
       0
       1
       4
       4
       2
       2
       1
       0
       0
       1
       1
       1
       0
       0
       0
       0
       1
       1
       2
       1
       2
       2
       4
       0
       2
       1
       2
       0
       0
       1
       0
       2
       1
       0
       0
       1
       1
       3
       1
       2
       0
       2
       1
       2
       3
       2
       1
       1
       1
       0
       1
       0
       3
       1
       2
       3
       0
       2
       0
       1
       1
       0
       0
       1
       1
       3
       3
       1
       0
       0
       1
       1
       1
       0
       1
       0
       2
       1
       2
       1
       1
       3
       0
       2
       0
       2
       2
       0
       1
       1
       0
       2
       1
       2
       2
       1
       2
       1
       3
       1
       2
       2
       0
       2
       2
       1
       0
       1
       0
       1
       3
       1
       2
       2
       3
       0
       2
       2
       1
       1
       4
       2
       4
       0
       2
       1
       0
       2
       2
       1
       0
       2
       2
       1
       1
       1
       0
       0
       3
       6
       4
       1
       1
       2
       1
       0
       1
       1
       0
       4
       1
       1
       0
       0
       3
       1
       0
       2
       3
       0
       1
       0
       1
       1
       1
       0
       2
       1
       1
       2
       5
       1
       2
       0
       0
       0
       2
       2
       0
       1
       0
       1
       1
       3
       2
       2
       1
       0
       1
       0
       3
       0
       1
       0
       2
       0
       3
       1
       0
       1
       0
       1
       0
       0
       0
       1
       0
       0
       3
       2
       0
       0
       3
       3
       3
       3
       0
       0
       1
       4
       2
       0
       1
       0
       2
       1
       1
       2
       3
       1
       0
       1
       2
       0
       0
       0
       0
       2
       1
       0
       2
       0
       3
       2
       1
       2
       0
       1
       0
       3
       0
       1
       2
       0
       1
       0
       1
       0
       3
       2
       0
       3
       0
       1
       0
       1
       1
       0
       0
       0
       0
       1
       3
       3
       0
       2
       2
       1
       0
       2
       2
       2
       2
       1
       2
       0
       0
       1
       0
       2
       1
       1
       4
       1
       1
       1
       1
       3
       1
       1
       0
       1
       1
       2
       1
       2
       0
       0
       3
       2
       1
       1
       0
       2
       1
       1
       2
       3
       2
       2
       0
       2
       2
       2
       1
       1
       1
       2
       2
       3
       2
       5
       2
       2
       1
       0
       1
       2
       2
       1
       1
       5
       0
       1
       2
       1
       1
       1
       3
       1
       0
       2
       2
       0
       2
       2
       2
       3
       1
       0
       1
       1
       3
       0
       1
       1
       0
       0
       1
       1
       0
       1
       2
       2
       1
       0
       1
       1
       3
       0
       2
       2
       1
       1
       1
       0
       1
       0
       0
       1
       1
       0
       0
       1
       1
       2
       3
       1
       2
       0
       0
       0
       0
       0
       2
       2
       1
       0
       0
       2
       1
       1
       1
       0
       1
       0
       1
       2
       5
       2
       0
       1
       2
       1
       2
       1
       3
       0
       1
       0
       1
       1
       1
       1
       1
       2
       0
       0
       0
       3
       0
       2
       0
       1
       1
       3
       2
       2
       1
       2
       1
       1
       1
       0
       1
       0
       4
       1
       0
       2
       2
       0
       1
       0
       0
       0
       1
       1
       0
       3
       0
       0
       0
       1
       1
       2
       2
       2
       3
       2
       2
       2
       1
       0
       2
       0
       2
       4
       3
       1
       2
       1
       1
       2
       0
       2
       0
       0
       0
       0
       2
       3
       1
       3
       3
       0
       1
       1
       1
       0
       3
       0
       0
       1
       0
       1
       1
       1
       1
       2
       1
       2
       0
       1
       1
       1
       1
       1
       0
       1
       2
       0
       1
       2
       1
       4
       3
       4
       1
       0
       1
       0
       2
       2
       1
       3
       0
       1
       2
       2
       1
       2
       0
       4
       1
       3
       0
       0
       3
       1
       3
       0
       0
       1
       0
       0
       0
       1
       1
       2
       1
       0
       1
       0
       1
       1
       2
       0
       0
       0
       0
       0
       2
       0
       1
       2
       1
       0
       0
       1
       1
       0
       2
       0
       2
       0
       1
       1
       0
       2
       2
       1
       1
       0
       0
       5
       1
       1
       1
       2
       0
       1
       2
       4
       3
       1
       2
       2
       0
       1
       0
       1
       3
       1
       2
       1
       1
       1
       0
       0
       1
       2
       3
       1
       0
       1
       2
       1
       2
       1
       1
       2
       1
       3
       0
       2
       1
       5
       3
       0
       3
       2
       1
       1
       1
       1
       2
       0
       2
       2
       2
       1
       3
       4
       5
       2
       1
       0
       0
       1
       2
       0
       0
       1
       1
       0
       0
       3
       0
       0
       1
       3
       0
       0
       1
       1
       3
       2
       0
       0
       2
       1
       1
       1
       0
       0
       1
       1
       1
       0
       0
       0
       1
       3
       2
       1
       1
       1
       1
       0
       1
       1
       1
       0
       0
       1
       0
       2
       5
       0
       0
       2
       3
       1
       1
       0
       0
       0
       0
       2
       0
       0
       1
       1
       0
       0
       2
       2
       3
       1
       0
       1
       1
       1
       0
       1
       0
       1
       1
       2
       0
       1
       0
       0
       1
       2
       0
       2
       0
       1
       0
       1
       1
       0
       1
       0
       1
       0
       0
       2
       0
       0
       3
       1
       3
       3
       0
       1
       2
       1
       2
       1
       3
       3
       1
       1
       2
       1
       1
       1
       0
       0
       0
       0
       2
       1
       0
       2
       2
       0
       2
       3
       1
       1
       1
       3
       0
       1
       2
       1
       0
       1
       1
       0
       1
       2
       0
       0
       1
       1
       1
       0
       0
       2
       3
       1
       3
       0
       2
       1
       0
       0
       1
       0
       1
       0
       2
       1
       1
       0
       0
       0
       1
       2
       2
       0
       0
       0
       2
       0
       0
       1
       0
       1
       0
       2
       0
       0
       0
       0
       0
       0
       0
       2
       0
       1
       1
       1
       2
       1
       3
       1
       0
       0
       0
       1
       0
       1
       3
       0
       0
       2
       3
       1
       0
       3
       0
       1
       1
       4
       1
       2
       0
       3
       2
       0
       3
       3
       0
       1
       1
       0
       2
       1
       2
       0
       1
       1
       0
       1
       3
       0
       1
       0
       0
       3
       1
       1
       2
       2
       1
       0
       1
       0
       2
       2
       0
       0
       0
       0
       0
       2
       1
       1
       0
       0
       1
       2
       1
       0
       0
       1
       3
       1
       1
       0
       0
       1
       1
       2
       2
       1
       2
       3
       0
       1
       0
       1
       1
       0
       0
       2
       3
       1
       4
       1
       2
       1
       0
       2
       0
       2
       0
       2
       1
       0
       1
       0
       0
       2
       2
       0
       1
       3
       0
       0
       2
       3
       1
       0
       0
       0
       0
       3
       0
       0
       0
       0
       4
       2
       1
       0
       1
       1
       0
       2
       1
       0
       0
       3
       0
       1
       2
       2
       0
       0
       1
       1
       2
       1
       0
       1
       2
       1
       0
       1
       1
       1
       2
       1
       1
       0
       0
       1
       1
       2
       0
       2
       0
       3
       0
       0
       1
       1
       2
       2
       1
       0
       3
       2
       0
       2
       0
       0
       1
       3
       1
       0
       1
       1
       0
       1
       0
       0
       1
       0
       1
       0
       3
       0
       1
       2
       1
       1
       3
       2
       0
       3
       1
       1
       4
       0
       1
       2
       1
       1
       1
       0
       1
       0
       0
       0
       1
       1
       2
       1
       2
       1
       0
       1
       4
       2
       1
       0
       0
       0
       1
       0
       1
       0
       2
       1
       1
       2
       0
       1
       1
       1
       0
       1
       0
       1
       0
       1
       1
       3
       2
       0
       1
       0
       1
       1
       2
       0
       0
       0
       1
       1
       0
       1
       2
       1
       2
       2
       0
       0
       0
       1
       1
       2
       0
       2
       3
       1
       0
       1
       2
       0
       1
       1
       1
       2
       0
       0
       1
       1
       1
       0
       2
       0
       1
       0
       1
       0
       1
       2
       2
       1
       1
       3
       0
       1
       1
       1
       0
       2
       1
       1
       0
       1
       0
       0
       0
       1
       2
       1
       0
       2
       2
       4
       0
       0
       0
       1
       0
       1
       0
       1
       1
       2
       0
       1
       1
       2
       1
       3
       1
       2
       1
       0
       1
       1
       1
       1
       0
       1
       1
       3
       2
       1
       2
       3
       1
       0
       3
       1
       2
       0
       1
       0
       1
       1
       4
       1
       2
       0
       1
       0
       1
       2
       1
       2
       1
       0
       0
       0
       1
       1
       1
       0
       1
       1
       5
       0
       1
       2
       1
       0
       0
       1
       0
       0
       2
       3
       0
       2
       1
       0
       1
       3
       1
       1
       1
       1
       0
       1
       2
       0
       3
       1
       0
       2
       1
       1
       1
       2
       1
       1
       1
       1
       3
       2
       0
       0
       2
       0
       2
       1
       1
       3
       1
       0
       2
       0
       1
       1
       3
       0
       1
       1
       1
       3
       1
       1
       2
       0
       1
       0
       1
       1
       3
       2
       1
       3
       2
       1
       0
       1
       0
       0
       1
       0
       0
       1
       0
       0
       0
       1
       1
       0
       2
       1
       1
       1
       0
       1
       1
       1
       1
       0
       1
       2
       3
       1
       1
       0
       2
       1
       1
       1
       1
       0
       1
       1
       1
       0
       0
       1
       2
       0
       2
       0
       1
       2
       0
       1
       1
       1
       1
       2
       3
       2
       1
       2
       1
       4
       0
       3
       0
       0
       1
       1
       1
       0
       0
       1
       0
       1
       0
       2
       1
       2
       0
       2
       1
       2
       0
       2
       3
       2
       2
       0
       1
       2
       0
       1
       0
       0
       0
       0
       0
       2
       4
       0
       0
       0
       0
       0
       0
       0
       1
       1
       2
       1
       0
       0
       0
       2
       0
       0
       0
       0
       1
       2
       1
       1
       2
       0
       0
       2
       1
       0
       0
       1
       1
       1
       3
       1
       1
       1
       1
       0
       2
       0
       1
       3
       1
       0
       1
       2
       0
       0
       1
       1
       4
       1
       3
       1
       1
       0
       0
       3
       2
       0
       1
       1
       1
       0
       2
       0
       0
       0
       0
       1
       2
       0
       0
       0
       0
       0
       2
       2
       1
       1
       2
       0
       1
       0
       1
       0
       0
       0
       0
       0
       1
       0
       0
       4
       1
       1
       2
       0
       1
       1
       2
       2
       1
       1
       0
       1
       0
       1
       0
       1
       1
       1
       2
       0
       0
       1
       1
       2
       0
       1
       0
       1
       0
       1
       1
       0
       1
       2
       0
       1
       0
       1
       1
       0
       2
       0
       1
       0
       0
       2
       2
       3
       1
       1
       0
       0
       2
       1
       0
       0
       1
       0
       1
       2
       3
       0
       2
       0
       0
       0
       2
       1
       1
       0
       0
       1
       0
       2
       0
       1
       2
       1
       2
       1
       0
       1
       0
       1
       0
       0
       1
       1
       2
       0
       0
       1
       1
       5
       1
       3
       1
       0
       1
       2
       0
       2
       0
       1
       0
       1
       0
       1
       1
       2
       1
       0
       0
       1
       0
       0
       2
       1
       3
       0
       2
       2
       1
       2
       1
       2
       0
       2
       1
       2
       0
       0
       1
       0
       2
       1
       0
       0
       0
       0
       0
       0
       0
       0
       0
       1
       1
       0
       2
       2
       2
       2
       5
       1
       0
       0
       0
       0
       3
       1
       0
       2
       3
       0
       2
       0
       0
       1
       4
       0
       1
       0
       3
       2
       0
       0
       3
       1
       3
       0
       0
       0
       1
       2
       0
       1
       1
       2
       1
       2
       1
       1
       0
       1
       0
       1
       1
       1
       0
       0
       3
       0
       2
       0
       0
       2
       2
       2
       1
       0
       0
       3
       1
       0
       0
       0
       2
       2
       1
       0
       0
       2
       0
       2
       2
       0
       0
       1
       1
       0
       0
       0
       0
       1
       3
       2
       0
       1
       2
       1
       1
       1
       0
       3
       1
       1
       0
       0
       1
       3
       3
       1
       0
       3
       1
       2
       1
       0
       0
       3
       0
       2
       2
       3
       2
       1
       0
       2
       0
       1
       0
       1
       1
       2
       2
       1
       1
       0
       0
       0
       1
       1
       1
       2
       0
       0
       1
       1
       1
       0
       1
       1
       1
       1
       0
       2
       0
       1
       0
       0
       1
       1
       0
       2
       0
       1
       0
       1
       2
       1
       1
       0
       2
       2
       1
       0
       0
       4
       1
       2
       1
       1
       1
       1
       4
       2
       0
       1
       1
       1
       2
       5
       0
       1
       2
       1
       0
       0
       1
       1
       1
       0
       1
       1
       1
       0
       1
       1
       1
       3
       0
       0
       0
       1
       1
       0
       1
       0
       1
       1
       1
       1
       1
       0
       2
       1
       1
       0
       0
       2
       0
       0
       1
       0
       1
       1
       1
       3
       2
       0
       0
       2
       0
       2
       0
       1
       2
       1
       0
       0
       1
       0
       0
       2
       1
       2
       0
       0
       3
       0
       2
       1
       1
       0
       0
       0
       0
       1
       2
       1
       0
       3
       0
       0
       0
       0
       0
       0
       1
       0
       0
       0
       0
       3
       0
       1
       1
       1
       2
       1
       0
       0
       0
       2
       2
       0
       0
       4
       0
       3
       0
       1
       0
       1
       2
       2
       1
       1
       0
       3
       0
       2
       1
       1
       1
       1
       1
       1
       2
       0
       0
       1
       0
       1
       3
       1
       0
       1
       1
       3
       0
       0
       0
       0
       2
       0
       0
       0
       1
       0
       2
       1
       0
       0
       0
       1
       1
       0
       0
       0
       1
       0
       0
       0
       1
       2
       3
       1
       0
       1
       1
       1
       3
       0
       0
       1
       2
       0
       4
       3
       1
       1
       0
       0
       3
       2
       1
       3
       0
       0
       3
       1
       2
       2
       1
       1
       0
       2
       0
       0
       3
       1
       2
       3
       0
       2
       0
       1
       1
       2
       0
       1
       0
       1
       0
       0
       0
       0
       1
       0
       0
       1
       3
       0
       2
       1
       0
       0
       0
       0
       3
       1
       1
       1
       0
       0
       1
       0
       1
       0
       0
       1
       0
       1
       0
       2
       0
       0
       0
       1
       1
       0
       0
       1
       0
       2
       2
       1
       0
       0
       1
       0
       2
       1
       0
       0
       1
       0
       0
       0
       1
       1
       0
       1
       0
       0
       1
       0
       1
       0
       4
       0
       0
       1
       4
       0
       0
       0
       2
       3
       1
       1
       0
       1
       2
       0
       1
       1
       1
       0
       1
       0
       1
       2
       3
       0
       3
       0
       1
       0
       0
       1
       0
       1
       0
       0
       2
       0
       0
       1
       2
       0
       0
       2
       0
       0
       1
       3
       0
       0
       0
       2
       0
       1
       1
       2
       0
       0
       0
       3
       0
       1
       0
       2
       2
       1
       1
       0
       1
       1
       0
       1
       2
       1
       0
       3
       0
       1
       1
       1
       1
       2
       0
       0
       0
       2
       1
       3
       0
       0
       2
       0
       0
       0
       0
       0
       1
       4
       2
       0
       1
       1
       0
       2
       1
       1
       1
       1
       2
       5
       1
       0
       2
       2
       0
       1
       1
       1
       2
       1
       1
       2
       0
       1
       1
       0
       1
       3
       1
       0
       3
       3
       0
       2
       0
       0
       1
       1
       1
       1
       0
       1
       2
       0
       2
       2
       0
       1
       1
       2
       0
       1
       2
       0
       0
       2
       1
       0
       2
       1
       2
       1
       1
       2
       0
       1
       2
       0
       1
       1
       1
       2
       0
       0
       0
       0
       0
       0
       0
       1
       0
       1
       2
       1
       0
       1
       0
       1
       1
       0
       1
       1
       4
       1
       1
       2
       1
       1
       0
       0
       3
       1
       2
       0
       0
       2
       1
       1
       0
       1
       0
       0
       0
       0
       1
       0
       2
       1
       2
       3
       0
       1
       0
       2
       2
       1
       4
       0
       1
       1
       1
       2
       0
       2
       1
       0
       1
       1
       2
       1
       0
       1
       1
       1
       0
       1
       1
       1
       0
       0
       3
       1
       1
       1
       2
       2
       0
       2
       1
       2
       1
       0
       1
       0
       0
       1
       1
       1
       1
       2
       1
       1
       0
       2
       0
       0
       2
       0
       1
       2
       1
       0
       1
       2
       1
       0
       1
       0
       1
       2
       0
       0
       2
       1
       0
       2
       0
       0
       1
       1
       0
       0
       1
       1
       1
       2
       1
       0
       0
       0
       0
       1
       0
       0
       2
       1
       0
       3
       1
       0
       1
       2
       0
       0
       2
       1
       2
       1
       0
       0
       0
       0
       3
       0
       2
       0
       2
       0
       2
       0
       1
       0
       1
       1
       1
       1
       0
       0
       0
       2
       0
       2
       1
       2
       0
       1
       1
       0
       0
       0
       1
       2
       0
       1
       1
       0
       0
       0
       0
       1
       0
       0
       0
       0
       1
       1
       3
       1
       0
       0
       0
       2
       1
       2
       3
       2
       3
       0
       2
       0
       0
       1
       1
       0
       0
       1
       0
       0
       0
       1
       2
       2
       0
       1
       3
       0
       2
       0
       0
       1
       0
       2
       0
       2
       2
       1
       0
       0
       1
       0
       1
       0
       0
       1
       1
       0
       0
       1
       1
       0
       1
       0
       0
       1
       1
       0
       0
       1
       1
       0
       1
       1
       1
       3
       2
       5
       0
       1
       1
       1
       1
       3
       1
       0
       0
       1
       0
       4
       1
       1
       1
       1
       2
       1
       1
       1
       1
       2
       0
       1
       1
       1
       0
       1
       0
       1
       0
       0
       1
       0
       3
       2
       3
       1
       1
       2
       2
       3
       2
       2
       3
       0
       0
       2
       0
       0
       3
       0
       2
       1
       1
       0
       2
       0
       1
       0
       0
       1
       0
       1
       0
       0
       1
       0
       0
       1
       0
       1
       0
       1
       0
       1
       1
       1
       4
       0
       0
       1
       2
       0
       0
       0
       1
       1
       0
       0
       0
       0
       3
       2
       1
       1
       0
       1
       5
       3
       2
       0
       0
       1
       1
       0
       1
       4
       2
       0
       0
       0
       1
       3
       0
       2
       0
       1
       1
       1
       0
       2
       1
       0
       1
       2
       1
       1
       0
       1
       0
       0
       1
       0
       0
       1
       0
       1
       4
       1
       1
       1
       1
       0
       1
       0
       2
       1
       1
       2
       1
       0
       0
       0
       0
       0
       1
       0
       1
       3
       1
       0
       1
       1
       1
       2
       0
       1
       0
       1
       1
       1
       0
       2
       1
       0
       0
       0
       0
       4
       0
       1
       0
       0
       1
       0
       0
       1
       0
       2
       2
       1
       2
       0
       2
       1
       1
       0
       2
       1
       1
       1
       0
       0
       0
       1
       0
       2
       0
       2
       1
       1
       0
       2
       1
       0
       1
       0
       0
       1
       3
       4
       2
       0
       0
       0
       1
       1
       0
       2
       3
       1
       0
       1
       2
       1
       0
       0
       0
       1
       0
       0
       1
       0
       4
       1
       1
       3
       0
       1
       0
       0
       0
       3
       1
       2
       1
       0
       0
       0
       0
       0
       0
       1
       1
       0
       0
       2
       1
       0
       1
       0
       0
       0
       1
       1
       1
       3
       2
       0
       0
       1
       0
       1
       0
       1
       0
       2
       1
       1
       0
       1
       1
       1
       1
       3
       0
       2
       0
       2
       2
       1
       3
       1
       0
       0
       1
       0
       2
       1
       1
       1
       2
       1
       0
       1
       1
       1
       1
       1
       1
       1
       1
       2
       1
       1
       3
       0
       0
       0
       1
       2
       0
       1
       0
       1
       3
       0
       1
       2
       0
       4
       1
       1
       3
       1
       2
       2
       1
       2
       1
       1
       1
       0
       0
       0
       0
       1
       1
       0
       2
       1
       1
       0
       1
       0
       1
       1
       2
       0
       0
       1
       3
       0
       0
       3
       0
       1
       0
       1
       0
       1
       0
       0
       2
       0
       2
       1
       4
       1
       0
       1
       2
       0
       2
       1
       1
       3
       0
       0
       1
       0
       1
       1
       1
       1
       0
       1
       0
       2
       1
       2
       1
       0
       0
       0
       1
       2
       0
       1
       1
       0
       0
       1
       1
       0
       0
       3
       1
       1
       2
       0
       0
       0
       0
       0
       0
       0
       0
       0
       0
       0
       0
       0
       0
       0
       0
       0
       0
       0
       0
       0
       0
       0
       0
       0
       0
       0
       0
       0
       0
       0
       0
       0
       0
       0
       0
       0
       0
       0
       0
       0
       0
       0
       0
       0
       0
       0
       0
       0
       0
       0
       0
       0
       0
       0
       0
       0
       0
       0
       0
       0
       0
       0
       0
       0
       0
       0
       0
       0
       0
       0
       0
       0
       0
       0
       0
       0
       0
       0
       0
       0
       0
       0
       0
       0
       0
       0
       0
       0
       0
       0
       0
       0
       0
       0
       0
       0
       0
       0
       0
       0
       0
       0
       0
       0
       0
       0
       0
       0
       0
       0
       0
       0
       0
       0
       0
       0
       0
       0
       0
       0
       0
       0
       0
       0
       0
       0
       0
       0
       0
$ROI:
1
195 201
$PRESETS:
None
0
0
$ENER_FIT:
1.916382 0.612805
$MCA_CAL:
3
1.916382E+000 6.128052E-001 0.000000E+000 keV
$SHAPE_CAL:
3
2.905076E+000 5.086795E-004 0.000000E+000
