$SPEC_ID:
No sample description was entered.
$SPEC_REM:
DET# 1
DETDESC# DESKTOP-AKUPN2F Easy-MCA-8k SN 09022236
AP# Maestro Version 7.01
$DATE_MEA:
02/10/2017 09:06:11
$MEAS_TIM:
9441 9461
$DATA:
0 8191
       0
       0
       0
       0
       0
       0
       0
       0
       6
       2
       0
       0
       0
       0
       0
       0
       0
       0
       0
       0
       0
       0
       0
       0
       0
       0
       0
       1
       0
       0
       0
       0
       0
       0
       0
       0
       0
       0
       0
       0
       0
       0
       0
       0
       0
       0
       0
       0
       0
       0
       0
       0
       0
       0
       0
       0
       0
       1
      12
      34
      90
     145
     201
     340
     426
     342
     195
      81
     102
     550
     855
     730
     744
     781
     767
     831
     777
     772
     771
     820
     803
     813
     896
     836
     850
     875
     883
     887
     863
     880
     933
     932
    1087
    1010
    1018
    1045
    1085
    1133
    1096
    1162
    1161
    1266
    1284
    1314
    1249
    1296
    1243
    1380
    1350
    1362
    1394
    1409
    1416
    1397
    1530
    1559
    2072
    2956
    3267
    2899
    3505
    4615
    3944
    2420
    1852
    1724
    1605
    1476
    1551
    1510
    1551
    1535
    1555
    1609
    1673
    1870
    2361
    2811
    2638
    2114
    1930
    1927
    1977
    1793
    1632
    1568
    1644
    1627
    1628
    1556
    1696
    1649
    1694
    1551
    1574
    1551
    1586
    1492
    1591
    1579
    1634
    1628
    1598
    1592
    1582
    1570
    1546
    1591
    1533
    1508
    1559
    1587
    1568
    1538
    1524
    1471
    1567
    1538
    1606
    1534
    1543
    1546
    1558
    1496
    1541
    1503
    1493
    1508
    1499
    1452
    1482
    1500
    1444
    1467
    1411
    1512
    1812
    2593
    2946
    2385
    1662
    1511
    1425
    1475
    1401
    1420
    1434
    1388
    1458
    1432
    1394
    1429
    1387
    1329
    1377
    1310
    1341
    1413
    1305
    1350
    1377
    1480
    1477
    1338
    1291
    1326
    1309
    1265
    1268
    1179
    1348
    1237
    1254
    1260
    1282
    1219
    1210
    1276
    1190
    1210
    1201
    1156
    1209
    1202
    1247
    1233
    1161
    1172
    1171
    1155
    1142
    1128
    1186
    1090
    1128
    1062
    1041
    1067
    1138
    1127
    1020
     997
    1063
    1059
    1082
    1021
     998
    1034
    1003
    1001
    1032
    1070
    1026
    1003
     984
     929
    1046
     947
     961
     976
     906
     974
     939
     957
     911
     926
     934
     931
     900
     960
     886
     839
     958
     901
     946
     840
     879
     879
     893
     864
     889
     873
     978
     957
     933
     830
     788
     862
     847
     811
     847
     877
     785
     807
     821
     811
     753
     806
     767
     742
     752
     768
     759
     835
     805
     802
     753
     731
     757
     764
     721
     770
     743
     739
     737
     698
     718
     737
     704
     743
     737
     722
     731
     684
     714
     686
     692
     662
     693
     668
     689
     685
     705
     675
     631
     654
     713
     605
     616
     635
     639
     622
     643
     671
     676
     584
     689
     653
     611
     615
     682
     682
     652
     594
     628
     599
     611
     633
     605
     615
     592
     615
     625
     582
     593
     604
     638
     951
    1210
    1104
     767
     609
     666
     668
     678
     626
     515
     566
     497
     526
     523
     503
     493
     473
     513
     506
     518
     534
     491
     461
     465
     494
     488
     473
     489
     482
     485
     492
     428
     496
     502
     465
     475
     450
     489
     482
     451
     464
     466
     454
     449
     458
     494
     499
     402
     433
     433
     421
     462
     482
     465
     504
     428
     420
     425
     425
     442
     401
     390
     465
     410
     435
     429
     416
     411
     382
     403
     395
     354
     453
     381
     335
     384
     401
     377
     378
     423
     381
     359
     396
     365
     382
     385
     378
     392
     347
     362
     380
     407
     501
     577
     640
     476
     393
     388
     346
     354
     372
     383
     400
     363
     361
     307
     301
     354
     312
     329
     331
     343
     336
     341
     311
     323
     317
     324
     350
     336
     321
     378
     326
     336
     345
     341
     315
     303
     335
     340
     298
     291
     342
     310
     289
     328
     325
     295
     306
     295
     314
     343
     278
     306
     294
     280
     315
     351
     325
     333
     297
     325
     315
     286
     301
     315
     309
     311
     314
     299
     315
     302
     327
     436
     448
     378
     306
     323
     321
     237
     303
     310
     272
     263
     287
     271
     272
     256
     289
     269
     269
     265
     258
     306
     421
     600
     796
     629
     364
     267
     249
     229
     237
     252
     254
     270
     243
     245
     242
     250
     235
     236
     206
     253
     231
     230
     258
     237
     233
     237
     230
     261
     255
     234
     214
     219
     241
     224
     236
     257
     236
     230
     237
     225
     233
     207
     230
     227
     229
     232
     239
     243
     202
     208
     235
     213
     224
     220
     219
     230
     220
     223
     227
     262
     232
     230
     229
     219
     200
     210
     220
     209
     217
     227
     202
     212
     250
     226
     238
     240
     192
     174
     224
     195
     190
     219
     224
     210
     230
     229
     207
     179
     192
     213
     200
     211
     207
     219
     192
     252
     239
     197
     217
     194
     233
     193
     206
     194
     205
     208
     194
     215
     176
     191
     213
     197
     197
     226
     193
     200
     199
     186
     219
     204
     181
     182
     189
     193
     204
     206
     179
     202
     184
     178
     168
     184
     169
     189
     178
     182
     190
     197
     160
     177
     147
     192
     200
     216
     199
     185
     178
     185
     174
     164
     176
     168
     181
     185
     184
     178
     185
     178
     188
     179
     164
     170
     162
     169
     180
     201
     162
     192
     162
     196
     160
     177
     167
     167
     169
     153
     190
     164
     170
     165
     183
     191
     193
     198
     220
     182
     163
     161
     178
     156
     164
     171
     163
     175
     162
     166
     167
     160
     165
     183
     178
     163
     171
     153
     174
     189
     184
     138
     166
     164
     172
     153
     151
     153
     155
     164
     179
     151
     157
     163
     168
     149
     144
     118
     167
     168
     146
     156
     149
     142
     129
     136
     141
     149
     154
     158
     157
     155
     132
     153
     137
     153
     134
     168
     164
     129
     155
     143
     144
     159
     139
     150
     135
     159
     132
     155
     153
     141
     205
     253
     355
     395
     344
     287
     206
     157
     163
     151
     131
     138
     150
     142
     127
     135
     135
     114
     132
     138
     145
     157
     140
     110
     117
     136
     127
     140
     130
     103
     124
     130
     148
     138
     123
     132
     133
     115
     149
     145
     120
     138
     149
     140
     121
     125
     152
     126
     116
     127
     117
     121
     121
     118
     130
     118
     131
     115
     147
     142
     143
     109
     112
     131
     139
     124
     123
     132
     123
     136
     129
     119
     131
     119
     127
     104
     102
     129
     118
     118
     127
     121
     119
     128
     114
     105
     113
     132
     122
     122
     101
      96
     126
     110
     115
     122
     133
     121
     114
     129
     124
     119
     118
     113
     111
     116
     115
     103
     119
     124
     134
     117
     117
     107
     116
     110
     118
     131
     141
     207
     379
     430
     358
     207
     123
     104
     109
     103
     105
     103
      96
     115
     116
     122
     123
     102
     114
     113
     104
     114
     109
     100
      98
     117
     103
     100
     117
     104
     109
     116
     108
     110
      91
     105
     105
      99
     116
     103
     110
     109
     140
     187
     377
     573
     561
     382
     188
     133
     100
     106
     105
      75
      92
     107
      98
     104
     107
     112
     106
     116
      91
      87
     106
     107
     102
      89
      83
      87
     107
      96
      98
      95
      94
     121
      86
     113
      96
     110
     105
      80
      88
      90
      96
      96
     102
      95
      90
     115
      97
     104
      98
      92
     103
      86
     101
      85
     105
      85
      86
      95
      76
     112
      80
      68
      84
      92
     101
      84
     103
      90
      99
      98
     103
     117
     108
      84
     103
     100
      88
      93
      97
      95
      94
      84
     101
     128
     218
     354
     498
     581
     425
     211
     114
     102
      94
     108
     102
      97
      86
      84
      89
      75
     108
      78
      91
      95
      90
      94
      84
      96
      85
      81
      88
      86
      81
      93
      98
      90
      73
      91
      79
      86
      98
     103
      68
     111
      80
      88
      79
      82
      91
      94
      85
      79
      88
      85
      85
      83
      87
      81
      87
     106
     103
      75
      81
      71
      78
      69
      84
      96
      96
      97
      78
      88
      85
      77
      92
      82
      71
      91
      98
      95
      82
      64
      82
      80
      83
      65
      68
      98
      93
      78
      88
      74
      99
      88
      77
      75
      93
      74
      92
      76
      75
     104
      84
      88
      87
      74
      73
      82
      78
      86
      88
      87
     125
     131
     150
     111
      96
      85
      75
      81
      79
      74
      89
      78
      90
      73
      91
      75
      73
      81
      86
      73
      63
      81
      67
      91
      83
      73
      64
      76
      71
      72
      84
      81
     100
      85
      84
      83
      79
      68
      75
      70
      76
      57
      70
      75
      84
      66
      72
      89
      91
      75
      70
      75
      78
      57
      65
      75
      66
      73
      71
      74
      94
      87
      70
      87
      81
      78
     108
     108
     111
     114
     123
      95
      69
      79
      86
      90
      81
      83
      67
      61
      75
      68
      74
      81
      66
      76
      80
      64
      70
      76
      76
      77
      71
      73
      83
      84
      96
      89
      78
      77
      68
      62
      68
      65
      62
      81
      75
      72
      64
      63
     100
     103
     120
     115
      87
      69
      59
      70
      65
      71
      83
      78
      59
      76
      70
      61
      61
      63
      69
      79
      83
      71
      82
      73
      88
      61
      73
      63
      74
      62
      74
      70
      74
      62
      62
      62
      63
      74
      72
      57
      66
      66
      63
      69
      79
      55
      75
      71
      75
      68
      64
      84
      68
      69
      49
      58
      69
      49
      46
      69
      77
      60
      80
      64
      62
      46
      78
      86
      76
      73
      64
      66
      67
      65
      64
      82
      77
      78
      60
      63
      70
      66
      72
      66
      58
      67
      72
      60
      43
      63
      77
      66
      51
      77
      52
      72
      61
      72
      72
      65
      38
      61
      55
      71
      73
      64
      68
      93
     107
      92
      95
      78
      70
      65
      56
      64
      63
      51
      62
      66
      68
      79
      57
      66
      56
      57
      56
      68
      57
      62
      88
      61
      69
      55
      65
      64
      69
      76
      59
      71
      57
      62
      54
      63
      58
      74
      69
      56
      67
      59
      52
      44
      70
      53
      58
      53
      70
      80
      59
      58
      62
      69
      54
      56
      72
      53
      68
      65
      64
      67
      58
      48
      69
      69
      68
      55
      50
      79
      74
      75
      57
      69
      82
      57
      68
      62
      64
      73
      92
     137
     179
     260
     272
     183
     124
      72
      64
      56
      53
      42
      60
      52
      60
      56
      60
      82
      51
      49
      56
      76
      48
      54
      51
      57
      60
      54
      68
      50
      51
      46
      46
      58
      58
      78
      57
      66
      60
      70
      87
      84
      70
      57
      65
      48
      49
      60
      59
      46
      48
      55
      58
      69
      60
      61
      60
      54
      58
      64
      56
      57
      58
      53
      54
      79
      60
      65
      59
      54
      56
      55
      56
      75
      45
      60
      53
      60
      50
      60
      55
      67
      52
      49
      61
      54
      54
      89
      53
      74
      89
      91
     104
      58
      82
     103
     137
     181
     195
     133
      86
      67
      44
      56
      55
      51
      52
      38
      54
      50
      49
      63
      55
      52
      50
      50
      54
      51
      66
      44
      59
      47
      49
      59
      62
      51
      50
      44
      55
      67
      48
      61
      67
      59
      42
      57
      50
      58
      55
      54
      66
      40
      51
      49
      49
      47
      54
      41
      58
      69
      62
      61
      50
      61
      53
      63
      67
      51
      60
      50
      48
      56
      56
      55
      53
      60
      42
      40
      60
      62
      51
      45
      56
      46
      64
      41
      43
      57
      52
      42
      53
      47
      64
      32
      40
      54
      43
      55
      44
      58
      69
      48
      48
      49
      62
      57
      67
      40
      52
      57
      53
      40
      42
      50
      55
      43
      43
      43
      50
      36
      60
      51
      43
      48
      49
      51
      55
      59
      41
      42
      60
      44
      41
      57
      60
      52
      47
      49
      39
      56
      50
      49
      59
      50
      46
      57
      58
      63
      44
      59
      50
      58
      52
      59
      51
      51
      47
      53
      67
      58
      56
      37
      62
      50
      60
      45
      45
      49
      51
      52
      57
      47
      41
      47
      49
      56
      50
      57
      56
      58
      56
      53
      38
      46
      62
      62
      55
      55
      45
      39
      60
      49
      60
      52
      55
      59
      39
      50
      45
      45
      52
      55
      63
      53
      45
      51
      62
      63
      53
      53
      56
      49
      54
      45
      54
      42
      58
      50
      38
      50
      50
      56
      57
      53
      44
      46
      58
      55
      47
      52
      49
      51
      57
      52
      51
      46
      48
      46
      54
      57
      39
      50
      49
      41
      51
      55
      49
      65
      62
      57
      57
      80
     119
     140
     189
     170
     104
      85
      61
      55
      40
      55
      71
      57
      50
      47
      65
      51
      51
      49
      50
      46
      59
      51
      46
      69
      53
      46
      49
      56
      75
      53
      55
      61
      45
      62
      53
      58
      46
      63
      44
      52
      49
      46
      51
      40
      52
      51
      55
      50
      59
      45
      50
      58
      54
      54
      60
      67
      47
      65
      69
      62
      50
      61
      61
      46
      55
      52
      45
      44
      54
      46
      69
      39
      61
      67
      61
      50
      61
      51
      48
      55
      57
      65
      51
      54
      49
      51
      63
      50
      57
      63
      48
      76
      56
      44
      54
      47
      65
      59
      56
      53
      52
      45
      62
      61
      70
      59
      46
      53
      60
      45
      49
      58
      61
      54
      52
      68
      63
      61
      41
      61
      67
      60
      67
      42
      49
      52
      53
      55
      47
      64
      59
      53
      46
      65
      50
      60
      77
      74
      64
      50
      46
      54
      50
      62
      51
      82
      66
      61
      50
      47
      66
      63
      64
      67
      62
      55
      61
      57
      62
      73
      48
      60
      59
      65
      63
      60
      55
      50
      67
      57
      61
      54
      61
      60
      67
      53
      67
      70
      61
      76
      68
      62
      51
      60
      62
      50
      64
      63
      46
      62
      83
      56
      79
      99
     112
     105
      78
      65
      58
      58
      54
      44
      53
      60
      39
      49
      43
      48
      47
      49
      50
      43
      28
      44
      44
      29
      33
      41
      53
      46
      41
      40
      42
      36
      39
      36
      35
      36
      42
      42
      46
      35
      46
      40
      39
      29
      48
      32
      39
      45
      45
      36
      38
      40
      43
      35
      40
      46
      41
      38
      44
      41
      33
      33
      25
      47
      40
      42
      40
      52
      31
      36
      41
      51
      51
      42
      42
      35
      32
      28
      49
      43
      44
      32
      33
      34
      33
      32
      26
      29
      26
      44
      31
      34
      34
      28
      32
      31
      34
      33
      39
      24
      23
      29
      40
      30
      37
      41
      32
      45
      31
      40
      25
      31
      38
      26
      30
      26
      34
      22
      31
      40
      32
      30
      46
      32
      38
      26
      35
      23
      28
      34
      36
      33
      28
      33
      29
      36
      22
      23
      34
      41
      30
      21
      37
      18
      31
      28
      28
      25
      35
      18
      23
      24
      29
      39
      34
      40
      39
      34
      22
      32
      24
      20
      24
      29
      28
      28
      26
      26
      24
      34
      27
      27
      19
      21
      22
      24
      17
      21
      26
      26
      22
      16
      21
      23
      15
      18
      23
      22
      27
      15
      22
      28
      19
      23
      19
      27
      21
      23
      21
      24
      12
      20
      21
      32
      13
      18
      31
      21
      20
      14
      18
      26
      19
      12
      25
      21
      21
      25
      23
      13
      17
      23
      22
      20
      14
      23
      25
      30
      33
      49
      53
      37
      28
      24
      28
      18
      21
      17
      19
      25
      26
      25
      29
      17
      25
      20
      15
      15
      21
      18
      15
      26
      28
       9
      21
      17
      16
      26
      21
      11
      17
      13
      11
      23
      24
      24
      24
      24
      18
      29
      24
      20
      18
      25
      15
      26
      23
      23
      33
      44
      31
      23
      17
      16
      14
      18
      19
      18
      11
      17
      18
      15
      14
      19
      19
      15
      22
      17
      14
      12
      12
      14
      16
      18
      18
      18
      27
      11
      14
      16
      16
      12
      13
       6
      14
      22
      14
      22
      15
       9
      14
      19
      16
      23
       9
      13
      10
      14
      14
      18
      21
      19
      21
      14
      28
      14
      21
      20
      21
      18
      17
      16
      16
      18
      11
      28
      15
      16
      14
      17
      15
      24
      19
      16
      15
      24
      15
      40
      47
      94
     156
     270
     436
     844
    1343
    1659
    1534
     952
     397
     118
      27
      10
      15
       9
       9
       9
      10
      12
      13
       9
      12
      13
      15
      12
      16
       4
      17
      10
       7
      12
       8
      20
       9
      13
       7
      11
       9
       9
       9
       8
      10
      10
      14
       9
      10
       8
      10
      13
      18
      10
      13
      13
      11
      12
       8
       3
       8
      14
      12
      11
       9
      18
      16
      19
      11
      12
      12
       6
      10
      16
       9
      11
      27
       8
      15
      12
      13
      10
      12
       8
      12
      17
      19
      24
      31
      25
      21
      11
      10
       8
      13
       9
      11
       8
      11
      10
      12
       3
       8
       8
       7
      13
       7
      11
       7
       7
       9
      11
      11
       4
      12
       6
       9
       8
       9
       6
      10
       8
      10
       7
      11
       7
      10
       8
      11
      11
      10
      11
      11
      16
      11
      10
      16
      10
      13
       6
      14
      11
      10
      15
      11
       7
      10
       8
       7
       7
      11
       9
       6
       9
      10
       7
      11
       5
       6
      10
       4
       8
       8
       9
      13
       8
      12
      11
       7
       5
       8
      11
      13
       8
      10
       2
       7
      13
       9
       6
       2
       6
      10
       9
       3
       9
       6
       9
      13
      12
       4
      11
       3
       6
       6
      11
       7
      11
      10
       7
      12
       6
       9
      15
      17
       9
      12
      15
      14
      19
      11
       8
       7
      13
      15
      23
      32
      43
      29
      17
      19
      14
      21
      28
      40
      35
      19
      13
      14
       6
      13
      12
       6
       9
       7
      10
       9
       9
       8
       5
       9
       7
       8
      15
       6
       6
       4
       4
      12
       9
      13
       9
       4
      10
       6
       8
       5
      11
       5
       5
       4
       7
      11
       5
      11
       9
       7
      12
      12
      21
      13
      12
       9
       8
       2
      10
       7
      10
       6
       8
       9
       8
      10
      14
      13
       9
      23
      14
      12
      10
      11
       9
       8
       5
       5
       7
       4
       6
       8
      10
      11
       6
       9
       7
       3
       5
       6
       7
       4
      10
       7
       7
       9
       9
       4
       7
       6
       8
       9
       7
       5
       5
       9
       9
       7
       5
       7
       6
       8
       5
       8
       8
       7
      13
       7
      13
      21
      11
       7
       9
       9
       8
       9
       5
       5
       6
       7
       8
       9
       9
       4
       6
      10
       5
       6
       6
       3
       4
       8
       6
       5
       6
       5
       7
       4
       9
       7
       7
       5
       5
       7
       7
       7
       7
      12
       3
       7
       3
       9
       6
       6
       7
       9
       6
       8
       3
       9
       5
      10
       7
       7
      10
       6
       7
       5
       7
       4
       6
      12
       4
       7
       5
       3
       5
       5
       2
       5
       4
       4
       8
       3
       5
      10
       9
       8
       5
       9
       2
       7
       7
       4
       7
       6
       9
       5
       9
       4
      10
       4
      13
       5
       7
       6
       7
       7
       8
       9
       4
       3
      10
      12
       2
       4
       8
      16
      14
      26
      21
      23
      32
      14
       7
       9
       2
       8
       5
       4
       1
       5
       5
       5
       8
       5
       4
       7
       5
       6
       5
       3
       3
       4
       4
       9
       3
       5
       7
       2
       6
       4
       3
       4
       6
       6
       6
      11
       4
       9
       9
       5
       5
       4
       9
       8
       3
       8
       7
       8
      10
      11
      20
      25
      33
      61
      88
     107
     108
      74
      26
      15
       4
       6
       3
       8
       3
       6
       3
       4
       3
       3
       4
       3
       5
       6
       3
       6
       8
       5
      10
       5
       4
       6
      11
       7
       2
       3
       5
       4
       2
       4
       3
       5
       7
       6
       2
       3
       4
       5
       5
       8
       3
       7
       3
       3
      12
       4
       5
       6
       7
       2
      10
       3
       6
       3
      10
       5
       8
       6
       4
       4
       7
       3
       4
       5
       3
      12
       7
       6
       4
       6
       7
       6
       7
       4
       1
       6
       7
       2
       5
       7
      10
       6
       9
       6
       4
       5
       5
       4
      10
       4
       9
       8
       7
       4
       4
       7
       8
       5
       3
       3
       6
       4
       5
       8
       7
       6
       4
       7
       2
       8
       4
       6
       9
       8
       4
      14
       0
       5
       7
       3
       7
       7
       5
       4
       7
      10
       9
      13
      10
      16
      21
      15
      14
       9
       6
       3
       6
       5
       4
       4
       2
      10
       5
       1
       2
       3
       8
       4
       7
       6
       3
       8
       7
       6
       8
       3
       4
       2
       2
       6
      12
       4
       6
       2
       4
       4
       6
       6
       3
       7
       7
       7
       6
       8
       4
       3
       4
       6
       6
       5
       3
       3
       5
       4
       7
      12
       7
       3
       5
       7
       9
       6
       2
       6
       3
      10
       3
       5
       5
       7
       5
       5
       4
       8
       4
       9
       3
       8
       6
      10
       6
       9
       6
       9
       6
       6
       5
       8
      13
      10
       6
       5
       8
       8
       4
       1
       7
       3
       6
       2
       3
       2
       5
       1
       5
       4
       4
       4
       7
       6
       7
       5
       6
       4
       5
       5
       4
       9
       3
       6
       4
       9
       8
       7
       5
       3
       1
       9
       5
       6
       4
       9
       7
       3
       4
       3
       2
       9
       7
       7
       4
      10
       3
       2
       5
       9
       3
       4
       5
       7
       5
       5
       5
       4
       3
       3
       7
       8
       2
       4
       7
       4
       2
       7
       8
       5
       6
       5
       4
       5
       7
       5
       7
       7
       4
       5
      10
       4
       7
       3
       3
       7
       4
       8
       9
       4
       5
       6
      12
       5
       8
      10
       6
       5
       9
       9
       5
       2
       4
       6
       2
       6
       7
       4
       4
       4
       9
       5
       4
       8
       8
       3
       5
       5
       5
       4
       4
       5
       3
       5
       4
       4
       4
       2
       6
      11
       6
       6
       3
       2
       5
       4
      10
       3
       2
       9
       4
       4
       4
       5
       0
       2
       4
       5
       7
      11
       7
       5
       8
       6
       4
       6
       5
       8
       3
       5
       5
       2
       1
       6
       4
       2
       5
       6
       5
       6
       6
       7
       7
       7
       3
       6
       5
       6
      10
       3
       2
       4
       4
       3
      11
       3
       6
       7
       2
       5
       8
       8
       3
       7
       7
       6
       2
       5
       3
       2
       1
       7
       5
       4
       4
       4
       7
       8
       2
       4
       4
       2
       5
       4
       3
       7
       5
       8
       4
       5
       3
       3
       5
       6
       4
       5
       3
       7
       3
       9
       3
       6
       5
       8
       3
       5
      10
       6
       1
      10
       7
       7
       4
       6
       6
       1
       4
       7
       5
       2
       1
       2
       5
       4
       3
       2
       3
       5
       6
       6
       6
       4
       3
       5
       4
       3
       4
       3
       4
       2
       3
       4
       4
       1
       3
       6
       2
       4
       7
       1
       4
       2
       5
       5
       2
       2
       4
       3
       6
       5
       4
       3
       4
       7
       4
       6
       6
       8
       3
       2
       3
       5
       2
       4
       3
       7
       4
       4
       5
       5
       2
       8
       7
       6
       7
       8
       8
      11
      14
      24
      19
      24
      24
      24
      17
      17
      11
       6
       5
       1
       2
       5
       3
       6
       4
       8
      11
       2
      16
       7
       5
       4
       3
       7
      11
      10
      14
      10
      10
       4
       6
       2
       1
       7
       5
       3
       5
       6
       2
       3
       6
       5
      10
       4
       8
       7
       5
       3
       3
       5
       4
       3
       3
       5
       3
       6
       4
       9
       4
       6
       6
       2
       3
       4
       4
       5
       3
       3
       4
       2
      13
       6
       4
       2
       2
       3
       5
       3
       2
      11
       7
       7
       4
       2
       4
       1
       2
       3
       3
       5
       3
       6
       2
       4
       4
       3
       7
       3
       2
       3
       8
       7
       8
       3
       3
       5
       6
       6
       6
       7
       3
       3
       3
       1
       2
       6
       5
       5
       6
       5
      11
       3
       8
       7
       1
       5
       7
       4
       5
       3
       4
       7
       4
       4
       2
       2
       0
       5
       6
       4
       1
       6
       5
       4
       6
       4
       2
       3
       4
       3
       4
       4
       4
       5
       5
       5
       3
       8
       6
      10
       5
      13
      17
      17
      28
      31
      27
      25
      17
      10
       5
       8
       6
       3
       5
       5
       5
       6
       4
       1
       5
       3
       3
       2
       4
       6
       4
       2
       3
       5
       6
       5
       2
       7
       6
       6
       7
       4
       6
       4
       3
       2
       4
       4
      12
       8
       6
       6
       6
       5
       5
       3
       5
       3
       6
       6
       5
       4
       3
      12
       3
       2
       6
       6
       8
       4
       2
       7
       6
       4
       5
       4
       3
       3
       3
       7
       7
       8
       8
       7
       6
       5
       4
       3
       0
       4
       5
       5
       2
       1
      12
       5
       6
      11
       4
       5
       5
       7
       7
       3
       7
       5
       7
       9
       8
       7
       5
       4
       0
       4
       3
      10
       6
       2
       1
       4
       6
       5
       4
       5
       9
       8
       6
       3
       5
       4
       9
       4
       2
       3
       4
       3
       5
       7
       3
       5
       7
       3
       6
       5
       6
       4
       8
       4
       7
       6
       6
       8
       4
       6
      11
       2
       4
       5
       6
       5
       5
       3
       5
       6
       3
      10
       9
       4
       5
       7
       6
       6
       9
       6
       6
       3
       2
       3
       6
       9
       4
       4
       5
       3
       5
       6
       7
       7
       5
       5
       6
       3
       9
       3
      11
       6
       4
       7
       6
       6
       6
       4
       5
       5
       5
       4
       2
       1
       4
       2
       3
       6
       3
       8
       8
       6
       5
       6
       5
       6
       6
       6
       5
       4
       4
       6
       6
       8
       5
       2
       6
       4
       3
       2
       5
       9
       7
       6
       6
       8
       3
       6
       7
       8
       7
       9
       2
       6
       4
       3
       7
       6
       4
       2
       9
       6
       4
       7
       6
       4
       9
       5
       3
       3
       9
       8
       6
       3
       3
       5
       5
       7
       6
       4
      10
       3
       8
      10
       4
       9
       3
       2
       4
      10
      10
       3
       7
       1
       4
       2
       7
       7
       2
       3
       3
       6
       4
       4
       4
       4
       7
       2
       7
       9
       4
       2
       6
       3
       4
       1
       2
       3
       2
       0
       4
       4
       4
       3
       5
       4
       4
       3
       6
       3
       1
       6
       5
       1
       4
       5
       1
       6
       3
       3
       5
       5
       3
       3
       7
       4
       3
       5
       4
       2
       4
       6
       2
       4
       5
       4
       6
       3
       5
       1
       5
       5
       4
       4
       2
       4
       6
       2
       4
       6
       4
       5
       7
       3
       1
       5
       7
       4
       0
       4
       5
       3
       4
       5
       5
       2
       4
       1
       3
       5
       4
       3
       6
       5
       3
       1
       3
       0
       0
       3
       2
       9
       1
       3
       2
       4
       6
       4
       5
      12
       3
      13
      18
       8
       9
       6
       4
       2
       3
       3
       2
       6
       0
       2
       2
       6
       1
       1
       5
       2
       2
       6
       4
       2
       2
       2
       2
       2
       4
       1
       4
       1
       0
       3
       4
       0
       4
       0
       4
       2
       1
       5
       2
       0
       1
       3
       1
       3
       1
       0
       4
       7
       5
       4
       2
       2
       2
       3
       0
       1
       4
       3
       3
       0
       1
       1
       4
       0
       3
       0
       1
       2
       3
       1
       2
       2
       5
       1
       2
       0
       1
       2
       3
       0
       1
       1
       1
       1
       2
       1
       1
       2
       0
       4
       2
       2
       0
       1
       4
       0
       0
       1
       1
       2
       1
       3
       2
       1
       1
       1
       1
       2
       0
       0
       3
       1
       3
       2
       0
       0
       1
       1
       1
       0
       2
       2
       0
       1
       0
       1
       0
       2
       1
       0
       0
       2
       2
       1
       1
       1
       1
       0
       0
       0
       1
       3
       0
       0
       0
       2
       1
       1
       1
       0
       0
       3
       0
       0
       0
       1
       2
       2
       2
       0
       0
       0
       0
       2
       1
       2
       1
       1
       1
       0
       1
       0
       2
       1
       0
       2
       0
       0
       0
       0
       1
       2
       1
       0
       0
       2
       0
       0
       2
       2
       1
       1
       0
       3
       2
       2
       1
       1
       1
       0
       0
       3
       0
       0
       0
       0
       3
       1
       1
       2
       0
       2
       1
       0
       0
       0
       1
       0
       1
       1
       2
       1
       3
       2
       0
       0
       1
       1
       3
       0
       2
       1
       1
       1
       1
       0
       2
       0
       0
       1
       1
       0
       1
       0
       1
       0
       0
       0
       1
       2
       2
       0
       2
       0
       2
       1
       2
       1
       4
       3
       7
       6
      16
      21
      30
      34
      48
      76
     108
     150
     172
     133
     127
      70
      37
      13
       1
       1
       0
       0
       0
       0
       0
       0
       1
       0
       0
       0
       1
       0
       0
       0
       0
       0
       0
       1
       0
       1
       0
       0
       0
       1
       1
       0
       0
       0
       0
       0
       1
       0
       0
       0
       1
       1
       0
       0
       1
       0
       1
       0
       0
       0
       0
       0
       0
       1
       0
       0
       0
       1
       0
       0
       0
       0
       0
       3
       0
       0
       0
       0
       0
       0
       0
       0
       0
       1
       0
       0
       0
       0
       1
       0
       0
       0
       0
       0
       0
       0
       0
       0
       0
       0
       1
       0
       0
       0
       0
       2
       0
       0
       1
       1
       0
       0
       0
       0
       0
       1
       0
       0
       0
       1
       0
       0
       1
       1
       0
       0
       0
       0
       0
       0
       0
       0
       2
       0
       0
       0
       0
       0
       2
       0
       0
       0
       0
       0
       0
       0
       1
       0
       0
       0
       0
       0
       0
       0
       0
       0
       0
       1
       0
       0
       1
       0
       0
       0
       0
       0
       0
       0
       0
       0
       1
       0
       0
       0
       0
       0
       0
       0
       0
       0
       1
       1
       1
       0
       0
       0
       0
       0
       0
       1
       1
       2
       1
       0
       1
       1
       1
       0
       0
       0
       1
       0
       0
       0
       0
       0
       0
       0
       0
       1
       0
       0
       1
       2
       0
       0
       0
       1
       1
       0
       0
       0
       0
       0
       0
       0
       0
       0
       0
       0
       0
       0
       1
       0
       1
       0
       0
       0
       1
       2
       0
       0
       0
       0
       0
       0
       0
       0
       2
       0
       0
       0
       0
       1
       0
       0
       0
       0
       1
       1
       1
       0
       0
       0
       1
       0
       1
       0
       0
       1
       0
       1
       0
       0
       0
       0
       0
       0
       0
       0
       0
       0
       1
       1
       0
       0
       1
       0
       0
       0
       0
       0
       0
       0
       0
       0
       0
       0
       1
       1
       0
       0
       0
       1
       0
       0
       0
       1
       0
       0
       0
       2
       0
       0
       0
       0
       0
       0
       0
       0
       0
       0
       1
       0
       0
       0
       0
       0
       0
       0
       0
       1
       0
       1
       0
       0
       0
       0
       0
       1
       0
       0
       0
       0
       0
       0
       0
       0
       0
       1
       0
       0
       0
       1
       0
       1
       0
       1
       0
       0
       0
       0
       0
       0
       0
       1
       0
       1
       0
       0
       1
       0
       0
       0
       1
       1
       0
       0
       0
       1
       0
       1
       1
       0
       0
       1
       0
       0
       1
       1
       1
       0
       0
       0
       0
       0
       0
       1
       0
       0
       0
       1
       0
       0
       0
       0
       1
       0
       1
       0
       0
       0
       0
       0
       1
       2
       0
       0
       0
       0
       0
       0
       1
       1
       1
       0
       0
       0
       0
       0
       0
       0
       0
       0
       0
       0
       0
       0
       0
       0
       0
       0
       0
       0
       0
       1
       0
       0
       0
       0
       0
       0
       0
       0
       1
       0
       0
       0
       0
       0
       0
       0
       0
       0
       1
       0
       0
       1
       0
       0
       0
       0
       0
       0
       1
       1
       0
       0
       0
       2
       2
       0
       0
       0
       0
       0
       0
       0
       0
       0
       0
       0
       1
       0
       1
       0
       0
       0
       0
       0
       0
       0
       0
       0
       0
       0
       1
       0
       0
       1
       0
       0
       0
       0
       0
       0
       1
       1
       0
       0
       0
       0
       0
       1
       0
       0
       0
       0
       0
       0
       0
       1
       0
       1
       0
       0
       0
       0
       0
       0
       1
       1
       0
       0
       0
       1
       0
       0
       0
       0
       1
       0
       0
       0
       0
       1
       0
       0
       0
       1
       0
       0
       1
       0
       0
       0
       1
       0
       0
       0
       1
       0
       1
       0
       0
       0
       0
       1
       0
       1
       1
       0
       1
       0
       0
       2
       0
       1
       0
       0
       0
       1
       1
       0
       0
       0
       1
       0
       0
       0
       2
       0
       0
       1
       0
       0
       0
       0
       0
       1
       0
       0
       1
       0
       0
       0
       0
       0
       1
       0
       0
       0
       0
       0
       1
       0
       0
       0
       0
       0
       0
       0
       1
       0
       0
       0
       1
       0
       0
       0
       1
       0
       1
       1
       0
       2
       0
       0
       0
       0
       0
       2
       0
       0
       1
       1
       3
       0
       0
       0
       0
       0
       0
       0
       0
       0
       2
       1
       1
       0
       0
       1
       0
       0
       0
       1
       0
       0
       0
       0
       0
       1
       0
       0
       0
       0
       0
       0
       0
       0
       0
       1
       0
       0
       1
       0
       0
       1
       1
       0
       0
       0
       0
       0
       0
       0
       0
       0
       1
       0
       0
       1
       0
       0
       0
       0
       0
       0
       0
       0
       0
       1
       0
       0
       0
       1
       0
       0
       0
       0
       0
       0
       0
       1
       0
       0
       1
       0
       1
       0
       0
       0
       0
       0
       0
       0
       1
       0
       0
       0
       0
       1
       0
       1
       1
       0
       0
       0
       0
       0
       0
       0
       0
       0
       0
       0
       0
       2
       0
       2
       0
       0
       0
       0
       0
       0
       0
       0
       0
       0
       0
       0
       0
       0
       0
       0
       0
       0
       0
       0
       0
       0
       0
       0
       0
       0
       0
       0
       0
       0
       0
       0
       0
       0
       1
       0
       0
       0
       0
       0
       0
       0
       0
       0
       0
       0
       0
       0
       0
       0
       0
       1
       1
       2
       0
       0
       0
       0
       1
       0
       0
       0
       0
       1
       0
       0
       0
       0
       0
       0
       0
       0
       0
       0
       0
       0
       0
       0
       1
       1
       0
       0
       2
       0
       0
       0
       0
       1
       1
       0
       1
       1
       0
       0
       0
       0
       0
       0
       0
       1
       1
       0
       1
       0
       0
       0
       0
       0
       0
       0
       0
       0
       0
       0
       0
       0
       0
       1
       0
       0
       0
       0
       1
       0
       0
       1
       0
       0
       0
       0
       0
       0
       0
       0
       0
       1
       0
       0
       0
       0
       0
       1
       0
       0
       0
       0
       1
       0
       1
       0
       0
       0
       0
       0
       1
       0
       0
       0
       0
       0
       0
       0
       0
       2
       1
       0
       0
       1
       0
       0
       0
       2
       1
       0
       0
       0
       0
       0
       0
       1
       0
       0
       0
       0
       0
       0
       1
       0
       0
       0
       0
       0
       0
       1
       0
       0
       1
       0
       0
       1
       0
       0
       0
       0
       0
       0
       0
       1
       0
       0
       1
       0
       0
       0
       0
       0
       0
       0
       0
       0
       0
       0
       1
       0
       0
       1
       0
       0
       0
       0
       0
       1
       0
       0
       0
       1
       1
       0
       1
       0
       0
       0
       0
       0
       0
       0
       0
       0
       1
       1
       0
       0
       0
       0
       1
       0
       0
       0
       0
       0
       1
       0
       0
       0
       0
       0
       0
       0
       0
       0
       0
       0
       1
       0
       1
       0
       0
       0
       0
       0
       0
       0
       0
       1
       0
       0
       0
       1
       0
       0
       0
       0
       0
       0
       1
       0
       0
       0
       1
       0
       0
       0
       0
       0
       0
       0
       0
       0
       0
       0
       0
       1
       0
       0
       0
       1
       0
       0
       1
       0
       0
       0
       0
       0
       0
       0
       0
       0
       0
       0
       0
       1
       0
       0
       0
       1
       0
       0
       0
       0
       0
       0
       0
       0
       0
       0
       2
       0
       0
       0
       0
       0
       0
       0
       0
       0
       0
       0
       1
       0
       0
       0
       0
       0
       0
       0
       2
       0
       0
       0
       0
       1
       0
       1
       0
       1
       0
       0
       0
       0
       2
       0
       0
       0
       0
       0
       0
       1
       0
       0
       1
       1
       0
       0
       0
       0
       0
       0
       0
       0
       0
       1
       0
       1
       0
       0
       0
       0
       0
       0
       0
       0
       0
       0
       0
       0
       1
       0
       0
       0
       0
       0
       0
       0
       1
       0
       1
       0
       1
       0
       0
       0
       1
       0
       1
       0
       0
       1
       1
       1
       1
       0
       0
       0
       0
       0
       0
       0
       0
       0
       1
       0
       0
       0
       1
       0
       0
       1
       2
       0
       0
       0
       0
       0
       0
       0
       0
       0
       0
       0
       0
       0
       0
       0
       0
       1
       0
       0
       0
       0
       0
       0
       0
       0
       0
       0
       0
       1
       0
       0
       1
       0
       0
       0
       0
       0
       0
       1
       0
       0
       0
       0
       0
       0
       0
       0
       0
       0
       0
       1
       0
       0
       0
       0
       0
       0
       0
       0
       0
       1
       0
       0
       0
       0
       1
       0
       0
       0
       0
       0
       0
       0
       1
       0
       0
       0
       0
       0
       0
       0
       0
       1
       0
       0
       0
       0
       0
       0
       0
       0
       0
       0
       0
       0
       1
       0
       0
       0
       0
       1
       1
       0
       1
       0
       0
       0
       0
       0
       0
       0
       0
       0
       0
       0
       0
       0
       0
       0
       0
       0
       0
       0
       0
       0
       0
       0
       0
       0
       0
       0
       0
       0
       0
       0
       0
       0
       0
       0
       0
       0
       0
       0
       1
       0
       0
       0
       0
       0
       0
       0
       0
       0
       0
       0
       0
       0
       0
       0
       1
       1
       0
       1
       0
       0
       0
       0
       0
       1
       0
       0
       0
       0
       0
       1
       0
       0
       0
       0
       1
       1
       0
       0
       1
       0
       0
       0
       1
       0
       0
       0
       0
       1
       0
       0
       0
       0
       0
       0
       1
       0
       0
       1
       0
       0
       0
       0
       0
       1
       0
       0
       0
       0
       0
       0
       1
       0
       0
       0
       0
       0
       0
       0
       0
       1
       0
       0
       0
       0
       2
       0
       0
       1
       0
       0
       0
       0
       0
       0
       1
       0
       0
       0
       1
       0
       0
       2
       0
       0
       0
       0
       0
       0
       0
       0
       0
       0
       0
       0
       0
       0
       0
       0
       0
       0
       0
       0
       0
       0
       0
       0
       0
       0
       0
       0
       0
       0
       0
       0
       1
       2
       0
       0
       0
       0
       0
       0
       2
       0
       0
       1
       0
       0
       0
       0
       0
       0
       1
       0
       0
       0
       0
       1
       0
       0
       0
       0
       0
       0
       0
       0
       0
       0
       0
       1
       0
       0
       0
       0
       1
       0
       1
       0
       0
       0
       1
       0
       0
       0
       0
       0
       0
       0
       0
       0
       1
       0
       0
       0
       0
       0
       0
       0
       0
       0
       0
       0
       1
       0
       0
       0
       0
       0
       0
       0
       0
       0
       0
       0
       0
       0
       0
       0
       0
       0
       0
       0
       0
       0
       0
       0
       0
       0
       0
       0
       0
       0
       0
       1
       0
       0
       0
       0
       0
       0
       0
       0
       0
       1
       0
       0
       0
       0
       0
       0
       0
       0
       0
       1
       0
       0
       0
       1
       0
       0
       1
       1
       1
       1
       0
       0
       0
       0
       0
       0
       1
       0
       0
       0
       0
       0
       0
       0
       0
       0
       0
       0
       1
       0
       0
       1
       1
       0
       0
       0
       0
       0
       0
       0
       0
       0
       0
       0
       0
       0
       0
       0
       0
       0
       0
       1
       0
       0
       0
       2
       0
       0
       1
       1
       0
       0
       0
       0
       0
       0
       0
       0
       0
       0
       0
       0
       0
       0
       0
       0
       0
       0
       0
       0
       0
       0
       0
       0
       0
       1
       0
       0
       0
       2
       0
       0
       0
       0
       0
       0
       1
       0
       0
       1
       0
       0
       1
       0
       0
       0
       0
       0
       0
       1
       0
       0
       1
       0
       1
       0
       0
       0
       0
       1
       0
       0
       0
       1
       1
       0
       0
       0
       0
       0
       0
       0
       0
       0
       0
       0
       0
       0
       1
       1
       0
       0
       0
       0
       0
       0
       0
       0
       0
       0
       0
       0
       0
       1
       3
       0
       1
       1
       0
       0
       0
       1
       0
       0
       0
       0
       0
       0
       0
       0
       0
       0
       0
       0
       0
       2
       0
       0
       0
       0
       1
       0
       0
       0
       0
       1
       0
       1
       0
       0
       0
       2
       0
       0
       0
       0
       0
       0
       0
       0
       0
       0
       0
       0
       0
       2
       0
       0
       0
       0
       0
       0
       1
       0
       0
       0
       0
       0
       0
       0
       1
       1
       0
       0
       0
       0
       0
       0
       0
       0
       0
       0
       0
       0
       0
       0
       0
       0
       0
       0
       0
       0
       0
       1
       0
       1
       0
       0
       0
       0
       0
       0
       0
       0
       0
       0
       0
       0
       0
       1
       0
       0
       0
       0
       0
       0
       0
       0
       0
       0
       0
       1
       1
       0
       0
       0
       1
       0
       0
       0
       0
       0
       0
       0
       0
       0
       1
       0
       0
       0
       0
       0
       0
       0
       0
       0
       1
       0
       0
       0
       0
       0
       0
       0
       0
       0
       0
       0
       0
       0
       0
       0
       0
       0
       0
       0
       0
       0
       1
       0
       1
       0
       0
       0
       1
       0
       0
       1
       0
       0
       0
       0
       0
       0
       0
       0
       0
       0
       0
       0
       0
       0
       0
       0
       0
       0
       0
       0
       0
       0
       0
       0
       1
       0
       0
       0
       0
       0
       1
       0
       0
       0
       1
       0
       0
       0
       0
       0
       0
       0
       0
       0
       0
       0
       1
       1
       0
       0
       0
       0
       0
       0
       0
       0
       0
       0
       0
       0
       0
       1
       0
       0
       0
       0
       0
       0
       0
       1
       0
       0
       1
       0
       0
       0
       1
       0
       1
       0
       0
       0
       0
       0
       1
       1
       0
       0
       0
       0
       0
       1
       0
       0
       0
       1
       0
       0
       0
       0
       1
       1
       1
       0
       0
       1
       0
       0
       0
       0
       0
       0
       0
       0
       0
       0
       0
       0
       0
       0
       0
       2
       1
       0
       2
       0
       1
       0
       1
       0
       0
       0
       0
       1
       1
       0
       0
       0
       0
       1
       0
       0
       0
       0
       0
       0
       0
       0
       0
       0
       0
       0
       1
       0
       0
       1
       0
       0
       0
       0
       1
       1
       0
       0
       0
       0
       1
       0
       0
       1
       0
       0
       0
       1
       0
       0
       0
       0
       0
       1
       1
       0
       0
       0
       0
       2
       0
       0
       0
       0
       0
       0
       0
       0
       0
       1
       0
       1
       0
       0
       0
       1
       1
       2
       0
       0
       0
       0
       0
       0
       0
       0
       1
       1
       0
       0
       0
       0
       0
       1
       0
       0
       0
       0
       0
       0
       0
       0
       0
       1
       0
       0
       0
       0
       0
       0
       0
       0
       0
       0
       1
       0
       0
       0
       0
       0
       1
       0
       0
       1
       0
       0
       0
       0
       1
       0
       0
       0
       0
       0
       0
       0
       0
       0
       0
       0
       0
       1
       0
       1
       0
       0
       0
       0
       0
       1
       0
       0
       0
       0
       0
       0
       0
       0
       1
       0
       1
       0
       0
       0
       0
       0
       0
       0
       0
       0
       0
       0
       0
       0
       0
       0
       0
       0
       0
       0
       0
       1
       0
       0
       0
       0
       0
       0
       0
       0
       0
       1
       1
       0
       0
       0
       0
       0
       0
       0
       0
       0
       0
       0
       0
       1
       0
       0
       0
       0
       0
       0
       0
       0
       0
       0
       0
       1
       0
       0
       0
       0
       0
       0
       0
       0
       1
       0
       0
       0
       0
       1
       1
       0
       0
       0
       1
       0
       0
       1
       0
       0
       0
       1
       0
       0
       0
       0
       0
       0
       0
       1
       0
       0
       0
       0
       0
       0
       0
       0
       2
       0
       0
       0
       0
       0
       0
       1
       0
       1
       0
       0
       0
       0
       0
       1
       0
       0
       0
       0
       1
       0
       2
       0
       0
       0
       0
       0
       0
       2
       0
       0
       0
       0
       0
       0
       0
       0
       0
       1
       0
       0
       0
       0
       0
       0
       0
       0
       0
       0
       0
       0
       0
       0
       0
       0
       1
       0
       0
       0
       0
       0
       1
       0
       0
       0
       0
       0
       0
       0
       0
       0
       0
       0
       0
       0
       0
       0
       0
       0
       0
       0
       0
       0
       0
       0
       0
       0
       0
       0
       0
       0
       0
       0
       0
       0
       0
       0
       0
       1
       0
       0
       0
       0
       0
       0
       0
       0
       0
       0
       0
       1
       0
       0
       0
       0
       0
       0
       0
       0
       2
       0
       0
       0
       0
       0
       0
       0
       0
       0
       1
       0
       0
       0
       0
       0
       0
       1
       0
       1
       0
       0
       0
       0
       1
       0
       0
       0
       1
       0
       0
       0
       0
       2
       0
       0
       1
       0
       0
       0
       0
       0
       0
       0
       0
       1
       0
       0
       1
       0
       0
       0
       0
       0
       0
       0
       0
       1
       0
       0
       0
       0
       0
       1
       1
       1
       0
       0
       0
       0
       0
       0
       0
       0
       0
       0
       0
       0
       0
       0
       1
       0
       0
       1
       0
       0
       0
       0
       0
       0
       0
       0
       2
       0
       1
       1
       1
       0
       1
       0
       0
       0
       0
       0
       0
       0
       1
       0
       0
       0
       0
       0
       1
       0
       0
       0
       1
       0
       0
       0
       0
       0
       0
       0
       1
       0
       0
       0
       0
       0
       0
       0
       0
       0
       0
       0
       0
       0
       0
       0
       0
       1
       0
       0
       0
       0
       0
       0
       0
       0
       0
       1
       0
       1
       0
       0
       0
       1
       0
       0
       1
       0
       0
       0
       0
       0
       0
       0
       0
       0
       0
       1
       0
       0
       0
       0
       0
       0
       1
       0
       0
       0
       0
       2
       0
       2
       0
       0
       0
       0
       1
       0
       0
       0
       0
       0
       0
       0
       0
       0
       0
       1
       1
       0
       0
       0
       0
       1
       1
       0
       0
       0
       0
       0
       0
       0
       0
       0
       0
       0
       0
       0
       0
       0
       0
       1
       0
       0
       0
       0
       0
       1
       0
       0
       0
       0
       0
       0
       0
       0
       0
       0
       0
       0
       0
       1
       0
       0
       0
       0
       0
       1
       0
       0
       0
       0
       0
       0
       0
       0
       0
       0
       1
       0
       0
       0
       0
       0
       1
       0
       0
       0
       1
       0
       0
       0
       0
       0
       0
       0
       0
       0
       0
       0
       0
       0
       0
       1
       0
       0
       0
       0
       0
       1
       0
       0
       0
       1
       0
       0
       0
       0
       0
       0
       0
       0
       0
       0
       0
       0
       0
       1
       0
       0
       0
       0
       1
       1
       0
       0
       0
       0
       0
       0
       0
       0
       0
       1
       0
       0
       0
       0
       0
       0
       0
       0
       0
       0
       0
       0
       0
       2
       0
       0
       1
       0
       0
       0
       0
       0
       0
       0
       0
       0
       0
       0
       1
       0
       1
       0
       0
       1
       0
       0
       1
       0
       0
       0
       0
       1
       0
       0
       0
       0
       1
       1
       0
       1
       0
       0
       0
       1
       0
       0
       0
       0
       0
       0
       0
       0
       0
       0
       0
       0
       0
       0
       0
       0
       0
       0
       0
       0
       0
       0
       0
       0
       0
       0
       0
       0
       0
       0
       0
       0
       0
       0
       0
       1
       0
       0
       1
       0
       0
       0
       0
       0
       1
       0
       0
       0
       0
       0
       0
       0
       0
       0
       0
       0
       0
       0
       0
       1
       0
       0
       0
       0
       0
       0
       0
       0
       1
       0
       0
       0
       0
       0
       0
       1
       0
       0
       0
       0
       0
       1
       0
       0
       0
       0
       0
       0
       0
       0
       0
       0
       1
       0
       0
       0
       0
       0
       0
       1
       0
       0
       1
       0
       0
       0
       0
       0
       0
       1
       0
       0
       0
       0
       0
       1
       0
       0
       0
       0
       0
       0
       0
       0
       0
       0
       1
       0
       0
       0
       0
       0
       0
       1
       1
       0
       0
       0
       0
       0
       0
       0
       0
       0
       0
       0
       0
       0
       0
       0
       0
       0
       0
       2
       0
       0
       0
       0
       1
       0
       0
       0
       0
       1
       1
       0
       0
       0
       0
       0
       0
       0
       0
       0
       0
       0
       0
       0
       0
       0
       1
       1
       0
       0
       0
       0
       0
       0
       1
       1
       0
       0
       0
       0
       0
       0
       0
       0
       0
       0
       0
       0
       0
       0
       1
       0
       0
       1
       0
       0
       0
       1
       0
       0
       0
       0
       0
       0
       0
       0
       0
       0
       0
       0
       0
       0
       0
       0
       0
       2
       0
       0
       0
       0
       0
       0
       0
       0
       2
       0
       0
       0
       0
       1
       0
       0
       0
       0
       0
       0
       0
       0
       0
       0
       2
       0
       1
       0
       1
       0
       0
       0
       0
       0
       0
       0
       1
       0
       0
       0
       0
       0
       0
       0
       0
       0
       0
       0
       0
       0
       0
       0
       1
       0
       0
       1
       0
       0
       0
       0
       0
       0
       1
       0
       0
       0
       0
       0
       0
       0
       0
       0
       0
       0
       0
       0
       0
       0
       0
       0
       0
       0
       0
       0
       0
       1
       0
       0
       0
       0
       0
       0
       0
       0
       0
       0
       0
       0
       1
       0
       0
       0
       1
       0
       1
       0
       0
       0
       1
       0
       0
       0
       0
       0
       0
       0
       0
       0
       0
       0
       0
       0
       0
       0
       0
       0
       1
       0
       0
       1
       0
       0
       0
       1
       0
       1
       0
       1
       1
       0
       0
       0
       0
       0
       0
       1
       1
       0
       0
       0
       1
       0
       0
       0
       0
       0
       0
       0
       1
       0
       0
       0
       0
       1
       0
       1
       1
       0
       1
       0
       0
       0
       1
       0
       0
       0
       0
       1
       0
       0
       0
       0
       0
       0
       1
       0
       0
       0
       0
       0
       0
       0
       0
       0
       0
       0
       0
       1
       0
       1
       0
       0
       0
       0
       0
       1
       0
       0
       0
       0
       0
       0
       1
       0
       0
       1
       1
       0
       0
       0
       0
       0
       1
       0
       0
       0
       1
       0
       0
       0
       1
       0
       0
       0
       1
       0
       0
       0
       0
       0
       0
       1
       0
       0
       1
       0
       0
       0
       0
       1
       0
       0
       0
       0
       0
       1
       0
       0
       0
       0
       0
       0
       0
       0
       0
       0
       0
       0
       0
       0
       1
       0
       0
       1
       1
       1
       1
       0
       0
       1
       0
       0
       0
       0
       0
       0
       0
       1
       0
       0
       0
       0
       0
       0
       0
       0
       0
       0
       0
       0
       0
       0
       0
       0
       1
       0
       0
       0
       0
       0
       0
       0
       0
       0
       0
       0
       0
       1
       0
       0
       0
       0
       0
       0
       0
       0
       0
       0
       0
       1
       0
       0
       0
       0
       0
       0
       1
       0
       0
       0
       0
       0
       0
       1
       0
       0
       0
       0
       0
       0
       0
       0
       0
       0
       0
       0
       0
       1
       0
       0
       1
       0
       0
       0
       0
       0
       0
       0
       0
       0
       0
       0
       0
       0
       0
       0
       0
       0
       0
       0
       0
       0
       0
       0
       0
       0
       0
       0
       0
       0
       0
       1
       0
       0
       0
       0
       0
       0
       0
       0
       0
       0
       0
       0
       0
       1
       0
       0
       0
       0
       0
       1
       0
       0
       1
       1
       1
       0
       1
       0
       0
       0
       0
       0
       0
       0
       0
       1
       1
       0
       1
       0
       0
       0
       0
       0
       0
       0
       0
       0
       0
       0
       0
       0
       0
       0
       0
       0
       0
       0
       1
       0
       0
       2
       0
       0
       0
       0
       0
       0
       0
       0
       0
       0
       0
       0
       0
       0
       0
       0
       0
       0
       0
       0
       0
       0
       0
       0
       0
       0
       0
       0
       0
       0
       0
       1
       0
       1
       0
       0
       0
       0
       0
       0
       0
       0
       0
       0
       1
       0
       1
       0
       0
       0
       0
       0
       0
       0
       0
       0
       0
       0
       0
       0
       0
       0
       0
       0
       0
       0
       1
       1
       0
       2
       0
       0
       0
       0
       0
       0
       1
       1
       0
       0
       0
       0
       1
       0
       0
       0
       0
       0
       1
       1
       1
       0
       0
       0
       0
       0
       1
       0
       0
       0
       0
       0
       1
       1
       0
       0
       2
       0
       0
       0
       0
       0
       0
       0
       0
       0
       0
       0
       0
       0
       0
       0
       0
       0
       0
       0
       1
       0
       0
       0
       0
       1
       0
       0
       0
       0
       0
       0
       1
       0
       0
       0
       0
       0
       0
       0
       0
       0
       0
       0
       0
       0
       0
       0
       0
       0
       0
       0
       1
       0
       0
       0
       1
       0
       0
       0
       0
       1
       0
       0
       0
       0
       0
       0
       0
       0
       0
       1
       0
       0
       0
       0
       0
       0
       0
       0
       0
       0
       0
       0
       1
       0
       0
       0
       0
       0
       0
       0
       0
       0
       0
       0
       0
       1
       0
       0
       1
       0
       0
       0
       0
       0
       0
       0
       0
       0
       0
       1
       0
       0
       0
       0
       0
       0
       1
       0
       0
       0
       1
       0
       0
       1
       0
       0
       0
       0
       0
       1
       0
       1
       0
       0
       0
       1
       0
       1
       0
       0
       1
       0
       0
       0
       0
       0
       0
       0
       0
       0
       0
       0
       0
       0
       0
       0
       1
       0
       0
       0
       0
       0
       1
       0
       0
       1
       0
       0
       0
       0
       0
       1
       0
       0
       1
       1
       0
       0
       0
       0
       0
       0
       0
       0
       0
       0
       0
       0
       0
       0
       0
       0
       0
       0
       0
       0
       0
       0
       0
       0
       0
       0
       0
       0
       0
       0
       0
       0
       0
       0
       0
       0
       0
       0
       0
       0
       0
       0
       0
       0
       0
       0
       0
       0
       0
       0
       0
       0
       0
       0
       0
       0
       0
       0
       0
       0
       0
       0
       0
       0
       0
       0
       0
       0
       0
       0
       0
       0
       0
       0
       0
       0
       0
       0
       0
       0
       0
       0
       0
       0
       0
       0
       0
       0
       0
       0
       0
       0
       0
       0
       0
       0
       0
       0
       0
       0
       0
       0
       0
       0
       0
       0
       0
       0
       0
       0
       0
       0
       0
       0
       0
       0
       0
       0
       0
       0
       0
       0
       0
       0
       0
       0
       0
       0
$ROI:
1
195 201
$PRESETS:
None
0
0
$ENER_FIT:
1.916382 0.612805
$MCA_CAL:
3
1.916382E+000 6.128052E-001 0.000000E+000 keV
$SHAPE_CAL:
3
2.905076E+000 5.086795E-004 0.000000E+000
