$SPEC_ID:
No sample description was entered.
$SPEC_REM:
DET# 1
DETDESC# DESKTOP-PNQJTCJ Easy-MCA-8k SN 09161357
AP# Maestro Version 7.01
$DATE_MEA:
03/10/2017 08:14:17
$MEAS_TIM:
805 826
$DATA:
0 8191
       0
       0
       0
       0
       0
       0
       0
       0
       0
       0
       0
       0
       0
       0
       0
       0
       0
       0
       0
       0
       0
       0
       0
       0
       0
       0
       0
       0
       0
       0
       2
      31
    1081
    6491
   16979
   24417
   24811
   22328
   21204
   21551
   19610
   18185
   79076
  165967
   15859
    7731
    7775
    7377
    7638
    7868
    7314
    6051
    4512
    3247
    2505
    1950
    1570
    1375
    1154
     956
     775
     621
     481
     410
     344
     276
     230
     188
     141
     121
     107
      76
      70
      55
      49
      37
      36
      38
      26
      22
      20
      18
      15
      18
      19
      12
      14
      10
      13
      13
       9
      13
      10
       6
       6
       6
       6
       5
       8
       6
       5
      13
       8
       6
       8
       8
       2
      14
       9
       5
       5
       6
       8
       6
       5
       7
       7
      10
       6
       6
       2
       9
       7
       2
       9
       3
       6
      10
       8
       7
       7
       8
       9
       4
       9
       5
       6
      10
       6
       7
       5
      10
       6
       9
       7
       6
       8
      11
       6
       6
       6
       3
       9
       3
       6
       9
      12
       5
       6
       4
       6
      11
       6
       4
       7
       5
       4
       3
       5
       7
       4
       4
       7
       4
       5
       5
       8
       6
       6
       7
       3
       4
       4
       6
       9
       9
       6
       7
       8
       4
       8
       6
       8
       7
       2
       5
       4
       9
       5
       8
       6
      15
       4
      11
       7
       4
       6
       6
       9
       5
       6
       5
       6
       7
       7
       7
       7
       7
       8
       4
       6
      11
       3
       8
       3
       6
       5
       5
      11
       5
       4
       4
       3
      11
       8
       8
       5
       4
       7
      11
       7
       7
       6
       7
       9
      11
       8
       6
       5
       3
       9
       1
       7
       5
       9
       6
       5
       4
       6
       6
       7
       1
       7
       9
      11
       5
       6
       6
       2
       8
       8
       2
       9
       2
      10
       4
       7
       8
      10
       8
       7
       3
       5
       3
       8
       5
       6
       6
       6
       2
       8
       6
      10
       7
       9
       9
       5
       2
       5
       6
       8
       7
       6
       6
       6
       4
       8
       4
       9
       4
       9
      10
      10
       6
      13
       6
       3
       7
      10
       3
       2
       2
       7
      10
       8
       3
       7
       8
       7
       7
       3
       9
       7
       4
       9
       5
       2
      10
       0
       3
       6
       6
       5
       8
       9
       8
       5
       9
      11
       7
       4
       6
       8
      14
       5
       8
       4
       5
       4
       6
       7
       5
       5
       8
       4
       3
       7
       7
       3
       6
       8
       6
      10
       8
      13
       8
       7
      11
       3
       3
       2
       8
      11
       6
      13
       6
       9
       7
       9
      10
      11
       3
      10
      12
       7
       7
       7
       6
       4
       5
      10
      12
       8
      12
       7
       6
      13
       8
       7
      11
      13
      10
       8
       4
       6
       7
       5
       6
       8
      11
       8
       3
       5
      11
       9
       5
       5
      12
      12
       5
      15
       8
       7
       8
      10
       3
      11
       4
       7
       8
      12
      11
      13
       8
      10
      11
      16
       7
       7
      11
       8
      12
       4
       4
       8
       4
       9
       9
       7
       5
       7
      13
       7
       5
       1
       5
      10
       7
       6
       8
       7
       5
       9
       7
       8
       6
       9
      12
       4
       9
       4
       7
      12
       6
      11
      10
       6
      14
      10
       6
      12
       4
       4
       8
      10
       9
       4
      10
      10
       9
      10
      13
       7
       6
       7
       7
       6
       3
      10
       5
      11
      10
      10
       8
       6
       6
      12
       7
       4
       7
       8
       9
       8
      11
       9
      11
       6
      12
       9
       6
       8
       9
       7
       9
       5
      11
       7
       7
      10
       7
       8
       8
       3
      11
      11
       3
      13
       8
      18
       5
      11
       5
       7
      10
       8
       9
       6
       7
       8
      11
       3
       8
       9
       9
       7
       7
       5
      19
       5
       7
      10
       7
      10
       7
      12
       8
       6
       7
       5
       7
       8
       6
       6
      10
      15
      11
      11
       7
      16
       7
       6
       8
       5
       7
       7
       5
       5
      10
       7
       8
       4
       6
       8
       5
       9
       4
      10
      10
       6
       9
       8
       4
       4
       2
       7
       8
       8
      10
       7
       7
       3
       9
       4
       9
       5
      12
      12
       8
       9
       8
       5
       3
       5
       6
       5
      11
       6
       7
      12
       7
       9
       4
      12
      10
       5
      11
       8
       3
      13
       7
       6
       9
       8
       9
       7
       7
       6
       8
       5
       6
       5
       7
       8
       6
       8
       8
       4
       8
       2
       7
       4
       4
       3
      11
       6
       5
       7
       7
       7
      10
      11
      10
       5
      11
       7
       9
       6
       9
       5
       7
       7
       5
      12
      12
       6
       7
       6
      11
      11
       9
       6
       4
       8
       3
       6
       3
       3
       7
       8
       8
       6
       8
       5
       7
       4
      12
      12
       8
       7
       9
      11
      21
      10
      10
      11
      18
       8
      17
      11
      12
      14
      13
      17
      14
      12
      11
       6
      10
      15
      20
      15
      19
      21
      18
      23
      23
      24
      17
      26
      18
      12
      12
      21
      13
      14
      10
      15
      17
      11
      18
      12
      14
      14
       9
      13
      10
      10
       8
      13
       5
       6
       8
       4
       5
       7
       7
       6
      11
      13
       6
      10
       4
       6
       7
       6
      11
      11
       7
       5
       5
       3
       5
      11
       3
       3
      14
       2
       4
       4
       4
       6
       7
       6
       5
       2
      12
       5
       2
       4
       6
       6
      10
       3
       6
       3
       5
       5
       7
       8
       4
       4
       6
       4
       8
       5
       9
       7
       7
       8
       3
       7
      12
      13
       7
       8
       2
      11
       8
       9
       9
       9
       7
       8
       6
       7
       4
       8
       7
       5
       6
       8
       5
      12
       9
       5
       8
       7
       5
       5
       7
       6
      10
       9
       3
       4
       8
       5
       9
       7
       8
       4
       7
       2
      13
       9
       6
       5
       7
      15
       8
       8
       5
       7
      10
       6
       7
       8
       7
       6
       5
       8
      12
      11
       8
       9
      10
       5
      11
      11
      10
       6
      11
      10
      14
       9
       4
      11
      10
      10
       6
      10
       4
       9
      10
       7
       9
      15
      14
       8
       8
       7
       8
      10
      12
       9
      10
       9
       6
       9
      13
      10
       7
       8
       7
       9
       5
       7
       6
      10
       5
       8
       9
       3
       7
       5
      11
       4
       7
       6
       8
       5
       4
       9
       6
       5
       1
       9
       2
       4
       9
       2
      10
       6
       7
       8
       3
       4
       7
       7
       3
       2
       6
       6
       3
       4
       8
       3
       5
       8
       2
       6
       7
      10
       6
       5
       8
       5
       6
       6
       5
       8
       3
       6
       3
       4
      11
       6
       6
       4
       1
       9
       7
       5
       5
       7
       9
       5
       5
       6
       4
       4
       5
       0
       7
       9
       8
       2
       6
       7
       9
      10
       8
       3
       5
       7
       2
       6
       3
       4
       7
       6
      10
       9
       5
       3
       3
       8
      10
       5
       6
       7
       5
       9
       7
       6
       4
       5
       7
       7
       8
       7
       7
       9
       9
       7
       4
       6
       4
       9
       5
       6
      10
       9
       8
       9
      11
      11
      11
      11
      13
      20
      11
       8
      14
      11
       7
       8
      10
      11
      11
       6
      11
      11
       8
       6
      15
      11
      13
      19
      13
       9
       8
       8
       8
       7
       3
      13
      15
       9
      11
      17
      14
       8
      10
      19
       8
      11
      12
       5
       8
       8
       7
      15
       7
      11
       9
      10
      10
      14
      12
       9
      10
      13
      14
      14
      19
      14
      14
      20
      10
      22
      12
      17
      13
      18
      12
       6
      18
      13
      16
      22
      13
      23
      21
      25
      19
      21
      17
      13
      16
      15
      12
      20
      17
      17
      20
      15
      13
      20
      12
      18
      11
      17
      14
      14
      18
      17
      15
      16
      10
       8
      14
      17
       9
       5
      16
       6
       8
      11
      11
       7
       6
      10
      10
       6
       7
       4
       3
       7
      10
       7
      10
       4
      12
       4
      14
       7
       8
      12
      12
       8
      11
       5
       7
       8
      10
      17
      14
      12
       6
      11
      13
      15
      13
      22
      22
      23
      26
      27
      24
      26
      27
      34
      32
      36
      45
      31
      54
      48
      80
      61
      62
      68
      79
      77
      88
      92
      89
     103
     126
      99
     137
     114
     140
     136
     145
     151
     143
     165
     137
     145
     171
     165
     171
     171
     161
     169
     145
     167
     147
     164
     152
     153
     125
     153
     136
     138
     128
     129
     140
     113
     110
     102
      96
     103
      81
      80
      79
      76
      60
      59
      50
      58
      47
      46
      50
      40
      45
      43
      26
      31
      34
      25
      26
      29
      22
      24
      22
      16
      17
      15
      16
      12
      24
      12
      16
      14
      12
      10
      19
      16
      14
      15
       6
      14
      13
      12
      11
       6
      10
      15
      11
      16
       8
       9
      15
      13
      11
      10
       8
       3
       8
      12
      16
       9
      16
       7
      10
      10
      20
      14
      20
      21
      21
      15
      20
      18
      22
      23
      24
      21
      18
      17
      22
      28
      28
      23
      26
      27
      21
      26
      24
      23
      28
      21
      26
      37
      26
      27
      24
      33
      30
      30
      24
      28
      31
      21
      30
      24
      35
      28
      25
      31
      22
      29
      18
      27
      46
      24
      29
      28
      28
      27
      37
      28
      32
      34
      35
      36
      22
      37
      44
      46
      35
      48
      45
      47
      38
      52
      65
      43
      61
      55
      49
      62
      48
      47
      47
      45
      44
      66
      40
      56
      61
      58
      58
      57
      45
      63
      61
      50
      43
      42
      39
      61
      39
      49
      36
      34
      35
      40
      39
      35
      24
      30
      33
      22
      16
      25
      25
      22
      13
      22
      22
      15
      18
      13
      14
      14
      16
       9
      20
      12
      11
      12
       6
      10
       7
       6
       9
       3
       3
       6
       8
       3
       5
       9
       8
       5
       7
       8
       4
      10
       2
       4
       4
       5
       6
       7
       7
      11
       3
       8
       7
       2
       9
       1
       5
       5
       4
       4
       2
       4
       3
       4
       4
       1
       3
       3
       5
       8
       4
       2
       4
       3
       3
       2
       2
       7
       4
       2
       3
       7
       7
       6
       3
       8
       7
       8
       6
       7
       9
       7
       3
       3
       4
       9
       8
       7
       5
       6
       3
       4
       1
       4
       3
       4
       5
       7
       1
       5
       4
      10
       3
       3
       2
       3
       2
       6
       6
       6
       7
       6
       3
       5
       3
       7
       1
       2
       9
       6
       4
       8
       5
       3
       6
       4
       6
       3
       3
      12
       5
       6
       7
       5
       6
      12
       7
      10
       3
       9
       5
       6
       7
       6
       6
       7
       5
       3
       7
       3
       5
       4
       2
       4
       6
       8
       4
       6
       7
       3
       6
       8
       2
       7
       6
       6
       8
       5
       7
       8
       2
       6
       9
       4
       7
       4
       9
       5
       1
       2
       8
       6
       9
       7
       3
       2
       3
       5
       3
       2
       8
       4
       5
       5
       8
      13
       7
       4
       7
       2
       3
       8
       4
       4
       5
      10
       9
       9
       3
       4
       8
       4
       5
       7
       8
       5
       7
       8
       8
       6
      11
       6
       9
       5
       8
       5
      10
       9
       4
       9
       5
       4
       9
       9
       5
       4
       8
       5
       7
       4
       9
       9
       8
       4
       5
       9
       6
       9
       6
       6
       4
       6
       7
      11
       4
       5
       7
       8
      12
       8
       4
       7
       8
       9
       6
       5
       5
       9
       8
       4
       6
       8
       8
       8
       3
      10
       6
       4
       6
       6
       6
       7
       8
      17
       8
       9
       5
       7
      10
       3
       3
       3
       4
       5
       7
       6
       8
       7
       3
      10
       9
       3
       9
       5
       7
       5
       7
       7
       2
       6
       9
       3
       7
       2
       3
       4
       3
       5
       9
       3
       4
       3
       9
       4
       6
       7
       5
      11
       3
       9
       6
       9
      12
       5
      11
       4
       4
       5
       4
       7
       3
       8
       6
       6
       3
       6
       3
       5
       5
       3
       5
       6
       5
       3
       3
       3
       3
       8
       1
       7
       4
       1
       7
       4
       3
       2
       5
       6
       4
       7
       3
       5
       7
       2
       5
       3
       4
       7
      11
       8
       7
       7
       7
       5
       2
       3
       3
       5
      14
       6
       4
       6
       2
       6
       3
       6
       3
       5
       8
       3
       5
       6
       6
       3
       7
       8
       2
       6
       6
       6
       8
       6
       9
      10
       6
       8
       6
       3
       6
       6
      10
       5
       7
       7
       9
       6
       4
       1
       5
       3
       9
       6
       4
       6
       3
       7
       8
      10
       6
       7
       6
      10
       4
      10
       7
       7
       6
       5
       3
       3
       5
       3
       8
      11
       6
       7
       7
      11
       9
       8
       4
       7
       4
       6
       7
       9
       7
      10
       5
       8
       9
       8
       8
       6
       5
       5
       8
       3
       6
       7
       1
       9
       6
       3
       6
       7
       6
       4
       7
       5
       7
      11
       6
       5
       7
       8
       6
       6
       5
       4
       5
       6
       7
       6
      12
       4
       6
       5
       3
       6
       5
       5
       9
       5
       5
       9
       7
       9
       5
       5
       9
       5
       7
      10
      10
       7
       7
      10
       5
       9
       7
       7
       4
       5
       6
       3
       7
       3
       4
       5
      11
      10
       9
      11
       9
       3
       4
       3
       6
       8
       8
       6
       3
       9
       8
       8
       5
      11
       4
       8
       7
       5
       8
      12
       7
       5
       8
       5
      10
       7
       4
       6
       5
       6
       5
       3
       8
       8
       7
       3
       6
       8
       4
       8
       3
       5
       5
       6
       5
       6
       5
       7
       4
       8
      11
      10
       7
       8
       4
       8
       9
       5
      10
      12
       6
       6
       7
       7
       8
       8
       5
       5
       5
       6
      10
       7
       5
       8
      14
       8
       6
       7
       6
       6
       5
       5
      11
       4
       4
       8
       5
       4
       2
       9
       9
      10
       6
       9
      11
       6
       7
       3
       9
       6
      14
       4
       4
       9
       9
       5
      16
       6
      12
      10
       6
       9
      15
      11
      10
       6
       7
       5
      10
       7
       3
       8
       6
      10
      10
      11
       6
      12
       9
       2
       6
       7
       8
      10
       8
      16
      13
       6
       9
      11
      11
       6
       7
       5
       5
      14
       9
      12
       7
       7
      12
       9
       3
      12
      11
       9
      12
       6
       9
      11
      10
       8
       5
       6
      10
       9
       7
       9
       5
       7
      10
      10
       7
       9
      15
       6
       9
       7
      14
       7
      13
       9
      12
      14
      16
      10
      13
      11
      10
      13
       9
      14
      11
      10
      11
      11
      13
       8
       8
      16
      16
       8
       6
      15
      14
       8
      21
       7
      13
       8
      10
      13
       8
      10
       8
       8
       7
      10
       7
       6
       8
      11
      15
      15
      15
       9
       9
      15
      17
      13
      13
      10
      12
       9
      16
      22
      13
      13
      13
      12
       9
      14
       7
      13
      19
      17
      11
       5
      13
      12
      13
      15
      13
      19
      15
      24
      14
      19
      10
      13
      12
       7
      14
      17
      22
      15
      13
      13
      17
      13
      17
      12
      10
      13
      10
      15
      17
      16
      10
       8
      16
      16
      10
      10
      15
      14
      10
      14
      10
      21
      15
      11
      12
      16
      16
      12
      15
       9
      16
      13
      14
      15
      16
      13
      13
      14
       9
      14
       7
      20
      19
      16
      16
      18
      12
      15
      14
      16
      12
      14
      13
      12
      15
      14
      15
      17
       9
      20
       9
      12
       9
      16
      14
      17
      21
      14
      16
      12
      14
      15
      11
      21
       8
      15
      12
      17
      11
      18
      14
      12
      18
       9
      16
      23
      12
      21
      10
      22
      22
      23
      13
      13
      24
      20
      15
      15
      14
      17
      16
      23
       9
      14
      14
      19
      22
      19
      21
      21
      20
      16
      19
      14
      23
      25
      18
      22
      14
      15
      18
      17
      17
      17
      26
       9
      22
      23
      20
      15
      18
      15
      24
      27
      14
      18
      16
      29
      15
      13
      18
      22
      17
      14
      20
      24
      24
      19
      28
      22
      22
      22
      24
      24
      19
      18
      21
      16
      21
      11
      27
      22
      30
      20
      21
      23
      24
      30
      25
      24
      20
      21
      29
      24
      21
      23
      26
      23
      26
      22
      30
      29
      23
      24
      23
      27
      30
      29
      32
      16
      23
      36
      21
      16
      25
      28
      36
      29
      31
      31
      24
      24
      33
      19
      28
      24
      34
      32
      28
      31
      42
      26
      48
      33
      34
      36
      34
      35
      24
      34
      26
      30
      47
      32
      47
      26
      38
      34
      41
      50
      41
      35
      42
      53
      37
      41
      38
      38
      48
      34
      40
      45
      44
      40
      54
      33
      57
      53
      45
      45
      60
      49
      54
      43
      61
      54
      49
      52
      55
      42
      59
      52
      63
      55
      50
      54
      61
      58
      64
      54
      73
      67
      54
      65
      62
      76
      56
      71
      61
      64
      74
      63
      62
      65
      58
      55
      81
      61
      67
      62
      64
      54
      69
      68
      85
      65
      67
      77
      74
      55
      86
      67
      62
      77
      70
      62
      72
      65
      72
      81
      90
      84
      71
      93
      72
      77
      67
      74
      67
      79
      82
      72
      83
      80
      72
      84
      73
      70
      79
      59
      71
      74
      83
      80
      80
      75
      78
      72
      68
      57
      81
      51
      73
      68
      67
      72
      59
      70
      48
      76
      67
      57
      54
      62
      74
      84
      65
      76
      69
      68
      66
      74
      52
      58
      70
      54
      63
      55
      73
      64
      72
      55
      66
      60
      58
      60
      62
      50
      57
      55
      44
      48
      64
      69
      48
      66
      63
      63
      69
      57
      73
      65
      67
      54
      65
      65
      84
      66
      59
      54
      62
      59
      68
      61
      55
      59
      69
      66
      57
      64
      63
      55
      61
      54
      51
      57
      59
      54
      48
      54
      52
      64
      64
      69
      60
      65
      58
      59
      49
      58
      63
      57
      50
      50
      64
      50
      55
      62
      80
      47
      55
      53
      60
      50
      51
      56
      53
      45
      44
      67
      52
      58
      63
      64
      56
      53
      66
      62
      64
      38
      43
      59
      39
      48
      44
      68
      54
      64
      50
      45
      61
      46
      60
      47
      50
      43
      64
      63
      54
      62
      63
      53
      69
      61
      53
      58
      59
      64
      50
      65
      59
      51
      48
      61
      61
      60
      62
      53
      42
      66
      52
      52
      52
      72
      63
      59
      50
      57
      49
      59
      72
      49
      69
      54
      52
      62
      77
      58
      46
      56
      54
      57
      67
      71
      49
      49
      64
      64
      50
      58
      59
      70
      60
      66
      69
      53
      58
      71
      62
      72
      61
      48
      61
      64
      61
      52
      53
      59
      65
      53
      50
      51
      53
      65
      57
      58
      61
      80
      61
      61
      46
      72
      60
      65
      47
      44
      69
      61
      62
      77
      53
      66
      56
      62
      76
      48
      56
      69
      68
      62
      66
      57
      66
      60
      67
      72
      61
      54
      74
      61
      67
      75
      49
      57
      72
      82
      61
      66
      59
      52
      67
      68
      60
      66
      68
      42
      66
      72
      64
      75
      63
      58
      71
      58
      72
      65
      54
      60
      63
      57
      56
      64
      71
      60
      65
      71
      76
      61
      55
      76
      71
      72
      63
      72
      55
      61
      57
      79
      52
      82
      71
      53
      64
      65
      63
      77
      73
      70
      71
      76
      67
      70
      74
      61
      66
      70
      72
      75
      62
      63
      62
      70
      68
      62
      79
      71
      71
      63
      68
      66
      63
      53
      69
      62
      82
      62
      72
      70
      73
      77
      67
      68
      74
      56
      77
      67
      83
      70
      63
      58
      74
      56
      81
      63
      57
      74
      77
      73
      80
      64
      75
      70
      67
      69
      79
      83
      55
      54
      71
      72
      66
      70
      62
      90
      73
      75
      74
      66
      88
      63
      85
      83
      69
      85
      59
      74
      75
      68
      74
      79
      67
      76
      74
      68
      85
      67
      62
      77
      57
      66
      72
      71
      88
      68
      76
      67
      73
      67
      64
      69
      84
      75
      89
      79
      86
      78
      56
      81
      81
      91
      75
      73
      91
      82
      77
      64
      78
      80
      91
      74
      80
      83
      90
      83
      74
      63
      77
      88
     113
      87
      92
     107
     121
     130
     144
     138
     140
     151
     181
     199
     186
     214
     222
     254
     271
     299
     324
     383
     394
     445
     442
     533
     573
     577
     640
     712
     790
     816
     905
     945
    1014
    1121
    1192
    1294
    1346
    1433
    1515
    1591
    1581
    1669
    1754
    1907
    1956
    2017
    2060
    2124
    2175
    2164
    2182
    2321
    2373
    2337
    2294
    2351
    2368
    2258
    2244
    2304
    2230
    2192
    2104
    2021
    1976
    1996
    1868
    1822
    1812
    1666
    1670
    1494
    1406
    1387
    1226
    1205
    1152
    1042
    1067
     902
     886
     743
     698
     659
     572
     531
     491
     450
     389
     394
     336
     325
     227
     205
     191
     199
     158
     154
     128
     100
     109
      77
      63
      60
      62
      54
      39
      46
      36
      28
      27
      17
      17
      16
       6
      10
      20
      13
      11
      12
      10
       9
      10
       7
      11
       6
       8
       6
      14
      12
       6
       6
       9
      11
      12
       7
       7
      10
       9
      10
       5
       6
      12
      11
      11
      11
       4
       7
       6
       9
       9
      12
       6
       3
      10
       8
       7
       7
       6
       7
      12
       6
      12
      10
      14
       6
      14
       9
       6
       8
       7
      11
      12
       9
       5
      10
      10
       6
       9
      12
      10
      11
       8
      13
       7
      10
       4
       6
      10
       6
       6
      11
       7
       3
      11
       5
       9
      11
       7
      13
       5
       5
       7
       4
       4
       9
       9
       3
       8
       8
       5
      11
       2
       8
       5
      12
       7
       7
      15
       8
       7
       9
      10
       5
      11
      16
      15
      11
       9
      15
       6
      16
      16
      12
      11
      12
      13
      11
       9
      16
      13
      11
      13
      14
      10
      11
      19
       5
      13
       9
       4
      14
       8
       8
       7
       8
      13
      10
       8
      12
      15
       6
       8
       6
       8
       8
      11
       6
       6
       9
       8
      14
       8
       8
      13
      10
      11
       7
       6
       7
      11
       6
      12
      11
       8
      12
       8
       4
       5
       8
      13
       9
      15
      12
      12
       8
       9
      10
      10
      10
       8
      16
      13
      13
       7
       7
      10
      12
       9
       5
      12
      15
       8
       6
      15
       6
      14
       8
       6
      13
       9
       8
       8
      10
      15
       6
       9
       7
       9
      15
      10
      12
      11
      10
      11
      10
      12
       9
       4
       6
      10
       4
      11
       4
       9
       9
      12
      10
       9
       8
       9
       9
      13
       8
      17
       8
      11
      10
       4
      10
      14
       8
      16
       7
      10
       8
      13
      12
       8
       8
      10
      11
       6
       9
      13
       6
       7
       7
      13
       4
      15
       5
      12
       9
       7
       8
       8
      12
      11
       9
      11
      10
      10
      15
       6
      11
      12
      12
      13
      11
       9
       6
      11
       7
      11
      12
       8
      16
       6
       4
       6
      12
      11
      12
      11
      11
      14
      10
      12
       8
      11
      11
       6
       8
      16
      10
      11
      12
      12
       5
      12
       6
       4
      12
      14
      14
      16
       6
       4
       8
      15
       5
      11
      14
      14
      15
      14
       8
      12
      13
      14
      10
       5
       5
      11
      15
      12
      12
       9
      17
      12
       7
       9
       7
       7
       6
      10
       8
       8
      11
      10
       6
      12
       7
      14
      11
       9
      13
      16
      18
       5
       9
       9
      17
      14
      12
      12
      10
       4
       9
      15
      13
       6
      13
      12
      10
       9
      15
      10
      12
       9
       4
       7
      12
      15
      12
       5
      10
       8
      11
       6
      16
      11
      16
      11
      15
       9
       7
       7
       7
       4
      10
      12
      11
       8
       5
       6
      12
      11
      12
      14
      12
       9
      10
       7
      15
       9
      10
       6
       7
      11
       4
       8
       8
       5
      16
       9
      14
      11
       9
       9
      11
       9
      12
      13
       3
      18
      12
      14
       9
      15
       8
      13
      11
      11
      13
      11
      10
       8
      16
       9
      10
       8
      15
      15
      12
       9
       8
      14
       7
      13
       7
       6
      13
      10
      10
       9
       6
       5
      12
      12
      17
       8
      16
      13
       8
      14
       9
      13
       8
      17
       5
      16
      12
      14
      11
       6
      10
      12
      13
       8
       4
      10
      15
       6
       8
       8
      11
      12
       7
      10
      15
      13
      10
      16
      10
       7
       6
      10
       7
       8
      14
      11
      21
      18
      12
      12
      11
      14
       8
      11
       4
      15
      11
      10
       8
      10
       9
      14
      10
      14
      10
      10
      17
       8
       8
      11
       9
      10
      15
       7
      13
      10
      15
      11
      14
      15
      12
       9
      15
       9
       6
      10
      13
       8
      13
      12
      10
      12
       8
       7
       9
      16
      18
       7
       8
      16
      15
      14
      14
      11
       7
      19
      15
      12
      12
      18
       8
      15
      11
      15
      12
       7
       8
      16
      15
      13
       8
      12
      23
       7
      13
      11
       8
       9
      15
      15
      16
       8
      14
      14
       9
      20
      13
      15
      18
      10
      10
      13
      14
      16
      15
      14
      18
      12
      12
      13
      10
      19
      18
      14
      20
      14
      14
      14
      19
      12
      16
      12
      13
       8
      21
      18
      15
      11
      14
      13
      16
      14
       9
      13
      18
      17
      17
      12
      11
      15
      12
      11
      17
       8
      15
      12
       9
       9
      10
      11
      17
      13
       8
      12
       7
      12
      11
       6
      19
      14
      13
      15
       8
      15
      14
      12
       8
       9
       7
      10
      10
      14
       8
       9
      14
      14
      11
      13
      10
      10
       8
      12
      11
      13
      12
      13
       9
      18
      11
      19
      17
      15
      11
      14
      15
      17
      21
      16
      11
      13
      13
      14
      21
      19
      14
      19
      19
      15
      20
      17
      19
      11
      15
      17
      20
      19
      18
      15
      21
      21
      19
      12
      26
      18
      27
      18
      25
      24
      17
      19
      19
      20
      20
      18
      14
      26
      16
      28
      32
      17
      15
      16
      23
      20
      17
      20
      11
      21
      22
      17
      16
      15
      18
      17
      11
       9
       8
      18
      13
      13
      19
      11
      12
      11
      13
      10
      13
      10
      11
      12
      11
       4
      10
       9
       8
      16
       7
      12
      16
       9
      10
       8
      15
      12
      17
      12
       8
       8
      14
      10
      11
      15
       6
       9
      13
      19
      12
      13
      19
      11
      11
       8
      12
       7
      14
      11
      10
      15
      20
      16
      12
      18
      18
      11
      14
      15
      10
      10
      18
      10
      16
      17
      15
      15
      14
      11
       9
      13
      16
      16
      17
      11
      10
      18
      18
      11
      13
      16
      13
      12
      19
      17
      10
      15
      15
      20
      16
      20
      13
      11
      19
      13
       4
      17
      15
      12
      12
      16
       8
      19
       9
      10
      14
      11
      13
      11
      15
       1
      17
      15
      12
       9
       9
      12
      16
      12
      10
      10
       8
      12
      15
      13
      11
       8
      11
      11
      14
      15
      11
      15
       7
      16
      16
       7
      11
       8
      13
      13
      12
      12
      16
       8
      16
      15
       8
      11
      14
       5
       8
      17
      20
      17
      14
       9
      10
       8
      12
      12
       8
       9
      14
       8
      12
      15
      13
      12
      15
       9
      13
      13
      11
      13
      12
      12
      17
      12
       9
      14
      18
      12
      11
      10
      11
      15
      13
      13
      13
      15
      10
      13
      16
      14
      13
      17
      13
      15
      16
      10
      13
       8
      10
      15
      16
       8
      11
       8
       7
      19
      11
      13
      15
       6
      13
       7
      14
      14
      17
       4
      11
      16
      22
       9
      16
      11
       8
      14
      14
      10
      10
      11
       5
      17
       6
      14
       9
       7
      11
      12
      14
      12
      10
       6
      15
      14
       8
      15
      11
      11
       7
      13
      13
      19
      15
      13
      10
       9
       6
      12
      11
       9
       8
      10
      12
       9
      13
       2
      13
      10
       8
      10
      13
      11
       7
      12
      14
       7
      13
      10
      11
      11
      16
       8
      13
      12
      14
      10
      16
      17
       9
      14
       8
       9
       8
      16
      12
      14
      14
      10
      10
      12
      11
      10
      13
      12
      13
      15
       7
      12
      18
       9
       3
      16
      11
      11
      13
      10
      11
      10
      12
      17
      13
      10
      14
      13
       7
      11
      20
      16
      16
      15
      13
      11
      14
       6
      12
      16
      14
      11
       8
      22
      11
      16
      17
      12
      14
       8
      11
      21
      12
      13
      13
      10
      22
       7
      14
      12
       8
      10
      11
       7
      14
      10
      13
       8
       9
      16
      14
      14
      11
      14
      17
      15
      11
      12
      12
       7
      17
      11
      14
       5
      10
      12
      15
      11
       9
       7
      17
      12
      14
      15
       6
       5
      16
      12
      13
      13
       8
      13
      12
      15
      13
      12
       5
      13
      15
      16
      10
      13
       9
      11
      13
      15
      11
      10
      21
      10
      15
      12
      10
      13
      21
      19
      17
      10
      11
      10
      12
       9
      17
      12
      13
      14
      12
      12
      19
      14
       9
      13
       9
       8
      10
      10
      14
      16
      12
      15
      14
      19
       9
      22
      10
      11
      10
      14
      10
      12
      12
      11
      18
      15
      12
      12
      14
      23
      15
      14
      12
      18
      12
      19
      14
      20
      25
      16
       9
      12
      17
      15
      14
      10
      15
      13
       7
      11
      21
      16
       4
      11
      17
      10
      11
      14
      19
      12
      15
      15
      21
      23
       9
      21
      17
      17
      12
      10
      14
      14
      19
      17
      15
       8
      18
       4
      17
      10
       8
      10
      22
       6
      19
      14
      16
      17
      12
      11
      16
      17
      14
      19
      11
       8
      12
      12
      12
      10
      18
       9
       9
      15
       7
      14
       9
      12
      14
      15
      10
      14
       9
      12
       8
      11
      15
      12
       6
      10
      12
       9
       8
      11
      13
      15
      12
      11
      16
      14
      11
       9
      16
      14
       8
      18
      15
      15
      10
      18
      18
      14
      13
      10
      14
      15
      12
      12
       6
      12
      23
      15
      15
      11
      15
      10
       6
      16
      11
      18
      14
      13
      15
      13
       8
      11
      13
      13
      26
      16
      16
      12
      12
      10
      10
      14
      12
      14
      17
      14
      17
      12
      18
      13
      12
      13
      13
      14
      16
      14
      16
      14
       9
      21
      14
      10
      11
      15
       8
       8
      13
      12
      19
      11
      12
       7
      11
      10
      16
       8
      15
      10
       6
      14
      10
      12
      14
      16
      16
      10
      12
      15
      15
       6
      10
       8
      16
      11
      13
      12
      14
      15
      15
      14
       7
      14
       7
      12
      13
      11
      10
      11
      11
      12
      20
      16
      11
       9
      10
      13
      14
      10
       9
      23
      15
      15
      13
      13
      21
      13
      10
      12
      17
      10
       7
      11
      14
       8
      12
       9
      11
      13
      11
      13
       9
      10
      10
       8
      10
      18
       9
      17
      11
      13
       8
      16
       7
       8
      19
      13
      15
      13
      14
      18
      20
      11
      11
      11
      13
      15
      16
       7
      15
      11
       8
       8
      12
      14
      14
      16
      17
       8
      12
      16
      15
      17
      11
       6
      12
      17
      18
      13
      19
      14
      15
       8
       8
      15
      24
       5
      17
      15
      15
      10
       8
       7
      12
      12
      18
      16
      10
      14
       8
      14
      19
      13
      15
      11
      13
      14
      11
      20
      11
      21
      12
       8
      14
       9
      15
      14
       3
      11
      12
      18
      14
      12
      14
      19
      14
       9
       7
      10
      18
      13
      14
       9
      14
      10
      10
      14
       7
      14
      11
       6
       8
      14
      12
      11
      10
       9
      16
       7
      12
       7
      13
      17
      12
       9
      11
      17
      11
       9
      11
      18
      18
       6
      11
      12
      15
      13
      13
      17
      19
      14
      11
      16
      16
      14
      14
      14
      11
      11
      15
      13
      18
      10
      13
      15
      12
       9
      12
      18
      14
      17
      12
      11
      14
      17
       8
      13
      11
      13
      18
      10
      16
      10
      18
      11
      14
      10
      13
      11
      14
      18
      10
      12
      12
      12
      12
      17
      14
       5
      10
      12
      14
      12
      17
      13
      14
      15
      12
      19
      15
      11
      13
      13
      11
      14
      13
      10
       9
      10
       9
      12
      13
      13
      12
      14
      20
      23
      15
      10
      12
      15
      11
      17
      12
      16
      12
      17
      15
      12
      12
      16
      13
       8
      17
       7
       8
      11
      12
      14
       7
       8
      13
      17
      16
       8
      15
      19
      11
      10
      10
      15
       9
      14
      13
      12
       6
      16
      11
      17
      11
      14
      12
       8
      12
      11
      16
      11
      13
      10
       7
      14
      12
      13
      11
      11
      14
      17
      13
      14
      13
      16
      10
      19
       9
       5
      12
      15
      11
      14
      11
      11
       9
       7
      17
       6
       6
      12
      11
       7
      10
      12
      13
      17
      16
       5
      10
      11
      13
       8
      16
      12
      12
       9
      12
       6
      23
      12
       8
      16
      13
      15
       9
      16
      12
       9
      13
      11
       9
      11
       9
       9
      13
      11
       8
       9
       3
       7
      10
       7
      11
      11
      14
       8
       9
      17
      12
      17
      13
      14
      17
      13
      12
      15
      18
      13
      11
       8
      15
      19
      12
      13
      13
      13
      17
      14
      11
      11
      11
      14
      17
       6
      13
      12
      18
      11
      10
      15
      13
      17
      16
      15
       8
      16
      16
      24
      10
      17
      16
       9
      11
      14
       9
      11
      16
      13
      13
      11
      10
      15
      12
      15
      11
      12
      11
       7
       7
      13
      11
      13
       9
      14
       5
      17
      18
      12
       9
       9
       8
      13
      12
      17
      14
      17
      10
      11
       8
      16
      14
      16
      15
      12
       8
      15
      11
      14
      11
       7
      11
      13
       9
      12
      11
      20
      18
      19
       8
       7
      11
      16
      17
       9
      11
       6
       9
      15
      12
      13
      12
      10
      10
      12
      15
      10
      12
      14
      14
      14
      11
      13
      18
      14
      12
      14
      18
      13
      18
      17
      14
      15
      16
      17
      11
      13
      14
      18
      13
      17
       9
      17
      15
      22
      19
       6
      16
      11
      23
      14
      17
      18
      19
      18
      15
      20
      16
      18
      18
      17
      17
      13
      20
      18
      16
      17
      21
      19
      14
      20
      22
      13
      17
      16
      10
      27
      19
      21
      20
      19
       8
      12
       6
      16
      15
      22
      18
      16
      13
      15
       8
      12
       8
      10
       9
      10
      13
      16
      17
      11
      12
      13
      10
      15
      13
      13
      16
      20
      11
      12
      14
       8
      15
      10
      13
      17
      14
      19
       6
      18
      16
       9
      19
       9
      14
       9
      20
      12
       9
      15
      13
      14
       8
      13
      13
      18
      10
       9
      12
      20
      20
       9
      19
      10
      13
      13
       6
      15
      24
      14
      16
      10
      17
      15
      12
      12
      11
      18
      18
      20
      16
      11
      16
      21
      10
       8
      19
      10
      17
       8
      12
       4
      16
      11
      18
      13
      14
      16
       9
      14
      16
      12
      17
       9
      14
      15
       7
       9
      14
      10
       8
       8
      21
      16
      10
      10
      15
       9
      14
      10
      20
      12
      13
      12
      13
       9
      11
      11
      10
       9
       9
      17
      11
      13
      16
       9
      21
      12
      16
      14
      12
      18
      17
      11
       8
      10
      16
      10
       9
      13
      14
      13
      19
      14
      12
       9
      13
      11
       8
      13
      19
       9
      10
      15
      13
      16
      12
      17
      12
      15
      15
      18
      14
      12
      12
      28
      15
      17
      17
      15
      13
      17
      15
      17
      18
      10
      19
      13
      14
      21
      15
      17
      14
      19
      13
      15
      20
      18
      14
      10
      11
      12
      32
      21
      19
      13
      16
      12
      19
      17
      16
      14
      22
      12
      13
      11
      17
      16
      11
      14
      13
       9
      19
      20
      13
      13
      14
      13
      12
      17
       7
      18
       7
      14
       5
      16
      12
      11
      18
       6
      14
      13
       4
      10
      10
      11
      11
      13
       7
      10
      10
      10
      14
      11
      11
      13
      10
      13
      17
      16
      10
      11
      14
       9
       5
      11
      13
      15
      13
      10
      13
       8
      16
      15
      12
       9
      12
       9
      14
      10
      15
      13
      14
      10
       8
      15
      14
      14
      15
      12
      14
      14
      11
       7
      12
      12
      10
      16
      11
      10
      11
      13
      13
       7
      15
      14
      11
       8
       5
      11
       7
      10
       8
      14
       8
      14
      12
      12
      13
       9
      15
       6
       8
      10
       9
      17
      18
      12
      14
       7
      12
      14
      11
      10
       8
      11
      14
      14
       9
      13
      17
      14
       9
      12
       6
      11
      12
      18
       9
      11
       9
       8
      10
      15
      14
      13
      11
       9
      11
      11
      10
      21
      14
      13
      13
      11
      13
      13
       8
      16
       9
      12
      12
      16
      11
      12
      14
      13
      11
      16
      12
      13
      10
      14
      14
       8
      12
      12
       7
      11
      10
       5
      11
      12
      16
      15
       9
       8
      13
      15
      12
       8
      16
      20
      13
       9
       6
      12
       5
      14
      14
      11
       9
       6
      13
      11
      14
      12
      16
      14
      10
       9
      10
      14
      12
      13
      10
      10
      13
      11
      13
       9
      11
      13
      12
       8
      14
       8
       8
      20
       6
      13
      14
       9
      12
      10
      16
      13
       9
       9
      13
      10
      11
       7
      13
      16
      10
      19
       9
       7
       7
      11
       8
       7
       8
      18
      25
      12
       8
       6
      17
      10
      18
      13
       7
       6
      10
       9
      11
      16
      13
      12
      12
      13
       6
      14
      12
      10
      13
      10
      12
      10
       9
      16
      10
       8
      12
      17
      10
      12
      14
      10
      13
       8
       8
      11
      14
      17
      12
      17
      18
      13
      10
      10
      10
       8
      12
      14
      12
      13
       7
      11
       8
      12
      15
       8
       9
      14
      16
      10
       9
      12
      18
       9
      13
      12
       6
      11
      12
      14
      14
      16
      13
      16
       9
      15
      20
      13
       7
      15
      15
      10
      16
      10
      10
      12
       7
       6
      12
       9
      11
      10
      15
      17
      16
      11
      16
      12
      17
       7
      16
      12
      13
      15
       9
       7
       9
      11
      12
       6
       9
       4
      12
      15
      13
      14
      14
      12
      15
      12
      10
      19
      17
       8
       9
      16
      11
      11
      10
       6
      11
      11
      10
      16
      10
      14
      13
       5
      12
      10
      10
      10
      12
       6
      13
      11
       9
      13
      11
      11
      13
      11
      13
      18
      14
      11
      19
      17
      14
       8
      12
      16
      11
      25
      15
      10
      11
      11
      17
      12
      18
      16
      12
      16
      10
       8
      15
      11
      10
      17
       9
      13
      17
      17
       9
       9
      10
       8
      13
      16
      10
      13
       9
      14
       8
      10
       9
      11
      12
      16
      14
      16
      11
      10
      12
      11
      14
      12
      16
      14
       6
       9
      11
      10
      15
      10
      10
       8
       8
      12
      13
      11
       9
      11
      15
      12
      13
      11
       6
      18
      15
      12
      13
      12
      10
      11
      13
      12
       9
      16
       6
      19
      10
       7
      12
      15
       9
      13
      13
       5
       9
      20
      11
      12
       9
      13
       5
      12
      11
      11
       9
      11
      11
      12
      12
      11
      15
      14
      17
       9
      13
      12
       9
      18
       4
       9
      16
      10
      13
      12
      17
      14
      10
       9
       6
      16
       7
      14
       7
      15
       7
       9
      13
      15
      12
      16
       6
       9
      10
      20
      13
      17
      18
       9
      15
      11
      16
       9
      11
       9
      20
      12
      13
      12
      10
      11
      10
      11
      10
      15
      17
      10
      14
       9
       7
      15
      15
       9
       4
       5
       7
      10
      10
      10
      15
       8
      11
      10
      15
      18
      10
       4
       8
       9
      16
      11
       8
      14
       6
      11
      12
      11
      11
       5
      10
      16
      12
       8
      15
      11
      11
       7
      12
      16
      13
      14
      15
      10
      12
      14
       9
      12
      16
       6
       7
      14
      11
      13
      11
      15
      19
      13
      11
      12
      13
      12
      10
      10
       7
      10
       7
      11
      11
      14
       6
       9
      12
      13
      14
       4
      11
      11
       7
      12
      10
      17
      13
      11
       8
      11
      13
       9
      14
      10
      15
      11
       7
      12
      11
       9
      13
      18
      13
      11
      14
      15
      13
      14
      16
      13
       8
       9
       8
      16
      14
      12
      14
      19
       8
       6
       8
      12
      11
      11
      11
       8
      10
      11
      11
      13
       8
      11
       6
      11
       9
      19
       8
      15
       9
       9
       9
      16
      14
       8
      10
       8
       8
      14
       8
       7
       9
      10
      14
       9
      13
      11
       7
      17
       9
      15
       8
      14
      11
      11
       5
      17
      13
      11
      15
       3
       9
      14
      10
      11
      16
       5
      14
       5
      18
      10
       5
      13
      10
      10
       9
      10
      15
       6
      11
      18
       8
      20
      10
      14
      14
      12
      13
       6
       9
      12
      10
      11
      12
      16
      12
       8
      12
      15
      11
      17
       6
      17
      15
       7
      11
      11
      13
       6
      14
       8
      11
       7
      10
      15
      10
       6
       7
      10
      10
      11
      11
       6
      17
       7
      11
       6
       8
      14
      10
      10
       9
       4
       8
       9
      14
      12
       9
       9
      13
       5
      12
      14
       7
      14
      11
       7
       9
      15
      11
      17
       8
      11
      10
      17
      14
       8
      15
      17
      15
      13
      10
      14
       7
      17
      18
      16
      13
       9
       9
      11
      11
      12
       5
      11
      11
      15
      10
       8
      10
       7
      14
       4
      15
      14
       9
      14
      14
      11
      13
      12
       6
      13
       9
      13
      13
       9
      11
      16
       9
      14
       9
      10
       4
      10
      13
      16
      10
      13
       9
      19
      12
      10
       9
      13
      16
      14
       6
      11
       6
      12
       8
      11
       7
      14
       9
       7
      10
      10
      15
       9
      15
      11
       7
      11
      11
      11
      11
       9
      15
      15
       7
       9
      15
       9
      11
       9
      13
       8
      13
      12
       5
      10
      14
       8
      14
      12
      12
       9
       9
      15
      15
      12
      13
       9
       8
      10
       9
      12
       5
      15
       6
      13
       9
       7
      12
      21
      12
      17
       8
       7
      14
       5
       8
      10
      15
      10
      15
      16
      10
      10
       8
      12
      12
       8
       8
      18
      13
      10
      11
      11
      14
      13
      14
      11
       9
      10
      10
      16
       9
       9
      14
      14
      13
      14
      12
      15
      11
      14
       9
      11
       7
      14
       7
       7
      13
      12
      15
      11
      17
       5
       9
       8
      17
      12
      11
      12
      13
       8
       7
      12
      10
       9
      12
       8
       6
      17
       9
       9
      13
      10
      17
       9
      13
      11
      13
      14
      10
      12
      12
      12
      11
      15
       5
      12
       9
       9
      10
      10
      11
      12
      10
      13
      12
      14
      16
      14
      12
       5
      11
       7
       8
       6
      10
      14
      13
       8
       9
       8
       9
       8
       7
       7
      13
      14
      10
      10
      12
      16
      10
      14
      11
      16
      14
      13
      11
      10
      13
       5
       9
      16
      11
       9
       6
      12
      13
      10
      12
       8
      10
      15
      18
      17
      17
       9
      16
      12
       6
      11
      12
       7
      12
      17
       6
      14
      14
       5
      17
      16
      22
       7
       7
      10
      13
       9
       9
      19
      14
       8
       9
      10
      14
      14
      12
       6
      10
       9
      13
      14
      11
      15
      12
      13
       9
       7
       6
      14
       6
      11
       6
      12
      11
      13
       9
      11
      11
      13
      10
      15
       9
      14
       8
       8
      11
      13
      12
      10
       9
       8
      11
      11
       9
       9
      18
      11
      14
       8
      12
      12
       7
       9
       7
      14
       5
       7
      14
      13
      12
       5
       9
       8
       9
      16
      10
      11
      15
      11
      12
       7
      14
       7
       5
       8
       7
       7
       5
       8
       9
      19
      10
      13
       9
      10
      19
      11
      10
       8
      10
      14
      11
       4
      16
      11
      12
       9
       9
      11
       8
       7
       9
       4
      12
       7
       3
       7
      11
      13
      13
      20
      10
       7
       6
      16
      13
      18
      13
      11
      10
       9
       6
       8
      10
      10
       9
      10
       3
       6
       6
      14
      10
       8
       9
       9
      15
      14
       7
      10
       8
      15
      16
      17
       4
       9
      15
       6
      19
       9
      13
       8
       9
      18
      10
      14
      11
      14
       8
       9
      12
      10
       7
       8
      12
      12
       6
       6
      14
      13
      12
      20
      12
       6
      13
       6
       6
      12
      10
       9
      17
      14
       9
       8
       8
      12
       9
      10
      13
      11
      11
       9
      12
       7
       7
       8
      11
       7
       9
       7
       9
       6
       9
       5
      13
      13
      13
       7
      14
      17
       7
      13
       8
       9
      20
      15
      12
      15
      11
      11
      16
      10
      10
      14
       7
       5
      16
      21
       7
      13
       8
       7
      10
       7
      14
      13
      11
      11
      12
      14
       7
      13
       8
       9
       9
      13
       1
       5
       9
       5
      10
      11
       8
      10
      12
      14
       7
       9
      13
       6
      15
      10
      13
      12
      13
       6
      11
      14
      10
       5
      10
      14
       8
       5
      10
      12
      14
      12
       7
       8
      15
      12
       9
       6
      13
      14
       7
      11
       9
       9
       6
       9
      11
       9
       9
       4
      10
      13
      13
       9
       8
      12
      11
      12
      10
       8
       6
       4
      13
      10
       6
      12
      10
       9
      10
       5
       8
      12
       9
       3
       8
      10
      10
       6
       9
       7
       7
      11
      16
       8
       9
       6
      10
      11
       5
      10
      15
      11
       9
       5
      12
      11
      14
       6
       9
      11
       7
       8
      12
      10
      10
      13
      10
      12
       9
       7
       7
       7
       6
       9
       8
      12
       9
       8
      14
       8
      15
      12
      14
      13
      11
      11
      12
      10
      17
       8
      11
      10
      18
      11
       8
       8
       7
       8
      14
       8
      13
      10
      12
      10
      10
       7
       9
      10
      16
       9
       8
       7
      10
       7
      14
      12
      11
       9
       9
      10
      11
      21
      11
       8
      12
      13
      10
       9
       7
      13
      13
       7
      10
      12
      12
       8
       4
       8
      10
      12
      13
      11
      11
       7
      14
      11
       7
       7
       8
       9
      13
      12
      13
      13
      17
       8
      15
      20
      13
      11
      11
       6
       8
       5
       5
      13
       9
      12
       7
       8
       9
       7
      14
       8
      11
       8
      12
      15
      10
      13
      15
       9
      11
      10
      11
      14
       7
      11
      11
      13
       8
       9
      10
       2
      11
      13
       7
      10
      10
      11
      13
      11
       5
      12
       8
      10
       9
       7
      10
       7
      23
       7
       8
       8
      12
       8
       7
      15
       8
      10
      13
       9
      12
      11
      12
      12
       8
       7
      13
      14
       5
       7
      14
      10
      12
       9
      12
      13
       8
      10
      10
      11
      13
       9
      12
       7
      10
      17
       9
       8
      12
       8
       7
       9
       7
       7
       8
      12
       9
       9
       4
      13
       7
      15
       6
      12
       9
       9
      14
       5
      10
      11
      18
       7
       8
       6
       9
      16
       6
      12
       9
       8
       8
      12
       9
       4
      14
      10
       8
       7
       9
      15
      13
       7
      11
       6
       3
       7
       8
       7
       8
       6
      11
       8
      11
      17
       5
       9
      17
      12
       5
      11
       6
       8
      12
      14
       5
       6
       3
      11
      11
      10
       9
      14
      11
       4
      12
      10
      14
      15
       8
       7
       6
      12
       9
       9
      10
       9
      11
       6
      10
       7
       5
       4
      10
      10
       9
      10
       7
      14
       7
      10
       4
      11
      12
      10
      15
      15
      11
      11
      10
       8
       6
       9
      12
       9
      12
       8
      10
      10
      11
      12
      10
       6
      12
       8
      11
      11
      12
      12
       9
      10
       8
      14
      10
      12
       7
       6
       9
      10
       6
       6
       8
       7
      11
      10
       9
       7
      14
       6
      16
      10
      10
      11
      11
      11
       5
       7
       8
      12
       8
      11
       6
      12
       7
      12
       4
       5
       7
       7
       9
       6
      15
      11
      13
       5
       9
      12
       9
       8
       8
       8
      12
       8
      12
      17
      13
       6
       9
       8
       7
      15
       7
       6
      10
       7
       8
      17
      13
       6
       9
      12
      14
      13
       9
      13
      15
       5
       9
      12
      10
       4
       7
      11
      11
      10
      14
       6
      10
      18
       5
      11
      10
       7
      14
      10
      10
      11
       7
      10
      14
       3
       5
      16
       4
       6
       9
       3
      13
      10
      11
      15
      10
      10
       9
       5
      14
      16
       9
       6
      19
       8
       8
       6
      12
       9
       4
       9
      10
      14
      13
       7
      12
       8
      14
       7
       9
       9
      14
       6
      11
       9
       7
       5
       3
       7
      11
      10
      11
      10
       8
       8
       5
       8
       7
      11
       5
      13
       9
       7
      16
       6
       8
      12
       8
       7
       3
      11
       5
      12
       7
       7
      10
       9
       8
       7
       6
       7
      13
       6
      12
       9
      13
       9
      11
       6
       7
      11
      10
       6
       6
       8
      13
      10
       7
       6
      13
      14
       8
       7
       8
       4
      10
      10
      14
      14
       9
      10
       4
      11
      10
      10
      12
      12
      11
       4
      17
      11
       8
       6
       6
       7
       8
       5
       7
       9
       7
       5
       5
       8
       9
       9
       5
       9
       9
       9
       9
       4
       5
       7
      10
       8
       6
       5
       8
       8
      11
       5
      13
       7
       8
      18
      11
      10
       4
       9
       8
       9
       3
      11
       8
      10
       5
       4
      10
       7
       6
       6
       9
      13
       6
       8
       9
      13
      10
       5
      11
       7
       7
       8
      11
       8
       8
      11
       9
       5
       8
      12
       9
       7
       8
       8
       7
      11
       7
       7
       8
       8
      11
      11
       7
       8
       7
       5
      11
       8
       6
       9
      11
       4
      10
      11
       5
       9
       9
       5
      13
      11
       7
      14
      10
      11
      11
       7
      11
       8
       7
       5
       9
       5
      12
      10
      12
       4
      14
      10
       7
      12
      10
       6
       8
       7
      14
      13
      11
       7
       5
       6
       7
      11
      11
      14
      10
       6
       8
       8
      10
       6
      12
       7
       4
      11
       9
       7
      12
       9
       6
      11
       8
       4
       9
      12
       7
       7
       7
       6
       5
      14
       7
      14
      14
       8
       8
      13
       8
      11
      10
       9
       7
       4
       9
      11
       8
       6
      16
       8
       3
       9
      10
      10
       8
      10
       6
       6
      10
      10
       7
       5
       5
       7
       7
       6
       8
       4
      10
       7
       9
      10
       5
      11
      11
      14
       9
      13
       3
      10
       7
       7
      11
       8
       8
       5
       5
      10
      10
       7
      12
      12
       8
      12
       4
      10
       4
       5
       6
       8
       6
      12
       7
       5
       5
       6
       8
       6
       7
       9
      16
       5
      12
      11
      10
      15
       9
      11
       6
       5
       5
      10
      10
       8
       8
       5
       9
      14
       9
       5
       7
      14
       9
       6
       5
       7
       9
       8
       8
       7
       9
      12
       9
      11
      10
      12
       8
       4
      12
      12
      10
      13
       5
       4
       8
       9
       9
      10
      11
       5
      12
       3
       9
       6
       5
       8
       5
       7
       2
       5
       9
      11
       9
       5
       5
       8
       6
      11
       6
      11
      11
       9
       4
       7
       6
       9
      10
       6
       6
      12
      10
      11
      10
       8
      15
      12
      10
      10
       9
       4
      10
      10
      11
       6
       4
       6
       4
       6
       5
      14
       9
       6
       6
       6
       9
      12
       6
      11
       6
       4
       6
       5
       7
      13
       6
       5
       8
      10
      12
       7
       7
       4
       7
       7
       9
       5
       8
      10
       5
       7
      14
      11
      12
       9
      10
       5
      11
      11
       6
      10
       5
       7
      13
       9
       5
       8
       6
       8
       5
      13
      12
      11
       6
      11
      10
       5
       9
       7
      11
       7
      10
       8
       7
       7
       7
       8
       5
      13
       7
       8
       7
       8
       9
       9
       5
       4
       7
       9
      10
       5
       8
       7
       8
       9
      10
       7
       5
       8
      12
      12
       9
      11
       8
       9
       6
       9
       7
       5
       9
      10
       6
       5
       8
      11
       4
       9
      12
       7
      11
      13
       4
       8
      10
       7
       4
       6
       8
       4
       5
       3
       6
       5
       6
      15
      12
       7
      18
      10
      12
      14
      10
      10
       6
       6
       5
       6
      11
       3
       6
       9
       2
       6
       8
       6
      10
       5
       8
      18
       5
       3
       9
       8
       7
      10
       3
       6
       6
       9
       5
       4
       6
       8
       9
       8
      12
      10
      10
      11
       7
       4
       7
       7
      10
      12
      10
       6
       6
       6
       9
       6
       8
       6
       7
       7
      10
      11
      12
       7
       6
      15
       6
       7
       7
       7
       5
       5
       9
       8
       5
      10
       8
       8
       7
       7
       4
       5
      13
       4
      13
       9
       6
       5
      10
      11
       5
       8
       7
       7
       8
       8
      11
       4
      14
      10
       6
       7
       6
      13
       7
       8
       9
       8
       9
      10
       3
       7
       7
       5
      12
       7
       3
      10
      13
       6
       6
       7
       6
       9
       9
      12
       8
       9
       9
       7
       7
       8
      13
       5
      10
      10
      17
       6
      11
      10
       8
       4
      15
      10
       7
       9
       8
       8
       8
       4
       6
       3
       6
       6
       8
      10
       9
      14
       5
       3
       7
      11
       3
       9
       8
       5
      10
       8
       4
       7
      13
       9
       7
       8
      10
      15
       6
       6
       9
       9
       9
       5
       5
      15
      13
      13
      11
       4
      14
      11
       2
       4
       7
       8
      12
      11
       6
       7
       8
       7
       8
       4
      11
       7
       8
      11
       9
       5
       9
       6
       0
       0
       0
       0
       0
       0
       0
       0
       0
       0
       0
       0
       0
       0
       0
       0
       0
       0
       0
       0
       0
       0
       0
       0
       0
       0
       0
       0
       0
       0
       0
       0
       0
       0
       0
       0
       0
       0
       0
       0
       0
       0
       0
       0
       0
       0
       0
       0
       0
       0
       0
       0
       0
       0
       0
       0
       0
       0
       0
       0
       0
       0
       0
       0
       0
       0
       0
       0
       0
       0
       0
       0
       0
       0
       0
       0
       0
       0
       0
       0
       0
       0
       0
       0
       0
       0
       0
       0
       0
       0
       0
       0
       0
       0
       0
       0
       0
       0
       0
       0
       0
       0
       0
       0
       0
       0
       0
       0
       0
       0
       0
       0
       0
       0
       0
       0
       0
       0
       0
       0
       0
       0
       0
       0
       0
       0
       0
       0
$ROI:
1
3023 3169
$PRESETS:
None
0
0
$ENER_FIT:
0.000000 0.019215
$MCA_CAL:
3
0.000000E+000 1.921453E-002 0.000000E+000 keV
$SHAPE_CAL:
3
4.059771E+001 0.000000E+000 0.000000E+000
