$SPEC_ID:
No sample description was entered.
$SPEC_REM:
DET# 1
DETDESC# DESKTOP-PNQJTCJ Easy-MCA-8k SN 09161357
AP# Maestro Version 7.01
$DATE_MEA:
03/10/2017 07:56:51
$MEAS_TIM:
284 297
$DATA:
0 8191
       0
       0
       0
       0
       0
       0
       0
       0
       0
       0
       0
       0
       0
       0
       0
       0
       0
       0
       0
       0
       0
       0
       0
       0
       0
       0
       0
       0
       0
       1
       0
      15
     494
    2645
    6134
    8804
    8897
    8131
    7564
    7797
    6973
    6660
   26822
   54835
    5745
    3235
    3015
    2654
    2510
    2543
    2265
    1717
    1335
     924
     652
     565
     440
     366
     298
     223
     194
     156
     132
     111
      99
      59
      43
      38
      30
      24
      20
      12
      13
      18
       9
      14
       7
       9
       9
      11
       6
       4
       6
       4
       6
       6
       3
       1
       3
       5
       5
       4
       5
       4
       5
       1
       6
       4
       2
       3
       5
       3
       1
       1
       5
       4
       4
       3
       6
       4
       4
       6
       6
       2
       4
       5
       4
       5
       4
       4
       5
       2
       4
       2
       3
       1
       1
       3
       4
       4
       3
       2
       1
       4
       0
       2
       3
       1
       3
       3
       0
       3
       1
       3
       5
       2
       5
       3
       2
       4
       0
       1
       1
       6
       0
       1
       4
       5
       1
       2
       4
       5
       3
       0
       4
       2
       5
       1
       1
       3
       2
       3
       4
       5
       2
       2
       1
       4
       2
       5
       4
       2
       7
       2
       4
       4
       0
       3
       4
       3
       4
       4
       4
       6
       4
       2
       2
       4
       3
       4
       2
       4
       2
       3
       1
       3
       5
       3
       5
       3
       4
       3
       4
       1
       5
       1
       1
       5
       4
       4
       2
       6
       0
       3
       2
       2
       2
       4
       1
       4
       6
       1
       5
       2
       5
       5
       1
       5
       4
       3
       1
       4
       3
       5
       4
       3
       6
       2
       1
       4
       3
       4
       5
       3
       6
       1
       4
       0
       1
       3
       2
       4
       2
       6
       4
       4
       2
       3
       2
       2
       2
       5
       4
       2
       4
       3
       6
       5
       1
       3
       3
       1
       5
       0
       2
       1
       3
       4
       2
       3
       4
       5
       3
       4
       5
       3
       3
       5
       4
       3
       3
       3
       3
       1
       6
       9
       4
       4
       2
       4
       1
       7
       3
       2
       3
      11
       2
       5
       2
       3
       2
       7
       1
       5
       1
       1
       0
       5
       2
       4
       3
       1
       4
       3
       9
       4
       4
       5
       6
       2
       3
       6
       0
       1
       5
       2
       2
       1
       1
       6
       3
       2
       7
       2
       5
       2
       4
       4
       3
       3
       3
       6
       1
       3
       8
       1
       6
       1
       3
       6
       5
       4
       6
       3
       4
       3
       6
       4
       2
       4
       3
       7
       8
       3
       6
       3
       7
       3
       4
       2
       0
       7
       7
       3
       6
       6
       6
       7
       1
       6
       5
       5
       8
       4
       3
      12
       5
       4
       3
       5
       4
       5
       4
       4
       9
       6
       4
       6
       3
       8
       6
       6
       9
      12
       2
       7
       4
       4
       5
       6
       8
       4
       5
       4
       5
       7
       3
       4
       6
       4
       2
       3
       2
       4
       9
       5
      10
       3
      13
       5
       2
       7
       5
       6
       6
       8
       5
       5
       3
       5
       4
       4
       9
       7
       5
       5
       8
       9
       3
       6
       6
       8
       5
       4
       2
       5
       5
       7
       7
       8
       4
       4
       6
       8
       8
      11
       5
       7
       1
       4
       4
       6
       5
       2
       3
       5
      10
       9
       3
       6
       3
       3
       7
       6
       7
       5
       6
       2
       4
       5
       4
       7
       3
       6
       3
       4
       4
       5
       7
       0
       8
       4
       3
       6
       5
       6
       3
       3
       2
       4
       9
       2
       4
       3
       8
       5
      14
       6
       7
       4
       5
       8
       5
       2
       6
       8
       8
       6
       4
       6
       5
       6
       5
       5
       7
       7
       8
       3
       3
       5
       4
       4
       5
       7
       7
       4
       6
       5
       7
       2
       4
       7
       5
       4
       3
       7
       8
       6
       9
       4
       5
       6
       3
       9
       4
       2
       7
       5
       5
       2
      11
       2
       4
       4
       6
       8
       2
       3
       6
       6
       6
       3
       4
       5
       3
       4
       6
       8
       3
       2
       2
       4
       3
       2
       9
       5
       8
       5
       5
       5
       7
       6
       6
       4
       4
       9
       6
       5
       7
       5
       7
       6
       2
       3
       3
       6
       8
       1
      11
       4
       4
       6
       3
       5
       1
       4
       3
       4
       1
       4
       5
       3
       0
       1
       6
       1
       4
       7
       5
       5
       2
       4
       6
       6
       5
       4
       3
       8
       8
       8
       4
       5
       3
       3
       3
       5
       5
       7
       6
       6
       3
       6
       1
      11
       3
       4
       8
       8
       5
       5
       6
       5
       7
       5
       4
       5
       6
       4
       4
       5
       5
       4
       4
       5
       4
       7
       8
       6
       6
       8
       6
       8
       9
       3
       7
       6
      10
       9
       9
       7
       8
      11
      12
      10
       5
      15
       5
      15
       6
      13
      13
      15
      19
      14
      16
      17
      20
       5
      18
      13
      14
      10
      15
      14
      15
      17
      17
      15
      14
       7
       9
      12
      17
      18
      15
       9
      18
      14
      15
       9
       9
      15
       9
      13
       8
       9
      10
       7
       5
      10
       1
       6
      12
       5
       6
       4
       4
       5
       5
       5
       4
       2
       4
       2
       3
       5
       2
       3
       3
       2
       4
       5
       3
       2
       2
       9
       4
       3
       2
       4
       5
       3
       3
       3
       3
       1
       1
       4
       2
       3
       3
       3
       1
       5
       9
       4
       4
       2
       4
       2
       1
       2
       3
       3
       3
       3
       4
       2
       3
       2
       5
       3
       0
       3
       3
       5
       3
       5
       5
       3
       5
       2
       3
       6
       4
       7
       4
       3
       2
       6
       4
       5
       4
       6
       9
       5
       5
       3
       3
       3
       5
       1
       2
       6
       5
       9
       5
       6
       3
       1
       3
       6
       1
       2
       4
       2
       4
       6
       4
       6
       5
       6
       2
       7
       7
       5
       1
       7
       3
       5
       8
       5
       3
       5
       3
      10
       7
       5
       5
       0
       7
       8
       7
       8
       5
      11
      11
      12
       9
      12
       7
       4
       7
       9
       9
       9
       8
       6
       7
       3
       6
      10
       6
       6
       8
       7
       7
       5
       7
       5
       8
       5
       6
       5
       8
       6
       6
       4
       9
       3
       6
       5
       8
       4
       4
       7
       6
       2
       4
       3
       1
       4
       3
       3
       3
       0
       5
       3
       3
       4
       4
       4
       3
       3
       3
       2
       2
       1
       2
       1
       2
       0
       2
       3
       2
       2
       1
       2
       4
       2
       1
       4
       1
       3
       5
       2
       4
       1
       0
       5
       2
       2
       2
       2
       2
       1
       3
       2
       3
       2
       2
       4
       3
       4
       1
       1
       4
       1
       5
       2
       4
       1
       3
       0
       0
       3
       7
       3
       7
       1
       0
       2
       3
       4
       3
       1
       3
       1
       2
       4
       9
       7
       3
       3
       4
       6
       2
       3
       2
       1
       4
       4
       5
       3
       3
       1
       7
       2
       6
       6
       3
       5
       4
       5
       4
       4
       4
       5
       5
       5
       5
       4
       5
      10
       9
       5
       4
       5
       4
       5
       5
       6
      10
       7
       8
      10
       6
       8
      10
      10
       6
      13
      10
      11
      11
       9
      16
      10
      11
      10
      12
       3
       6
       6
       7
       8
       8
       4
       7
       8
       6
       9
       9
       6
       5
      13
       4
       9
       8
       8
      11
      12
       5
       6
       4
      16
       8
      10
       8
       7
       6
      11
       9
      13
       8
      11
       9
      12
      13
      10
      16
      20
      15
      19
      17
      18
      19
      19
      19
      18
      16
      10
      12
      18
      25
      15
      20
      19
      15
      13
      22
      23
      16
      19
      22
      16
      14
      19
      21
      12
      17
      17
      17
      16
      10
      17
      18
      21
      15
      12
      12
       6
       7
      14
       8
      11
       7
       6
       7
       6
       4
       4
       8
       9
      11
       5
       8
       3
       7
       7
       5
       7
       5
       5
       6
       4
       4
       4
       1
       4
       6
       7
       9
       5
       8
      12
       8
       8
       7
       8
       5
      13
      16
      12
      19
      27
      15
      20
      25
      31
      27
      30
      32
      24
      34
      45
      50
      57
      54
      70
      65
      75
      65
      84
      91
      88
     114
     101
     109
      97
     125
     134
     127
     136
     145
     152
     160
     180
     143
     143
     200
     166
     185
     191
     179
     174
     169
     168
     174
     191
     165
     151
     176
     166
     150
     150
     133
     135
     132
     132
     143
     108
     113
     131
      95
      98
     110
      77
      72
      78
      61
      63
      56
      60
      48
      47
      49
      50
      45
      45
      34
      30
      23
      32
      27
      18
      29
      21
      15
      16
      11
       8
      19
      14
       9
       9
      12
      11
      15
      10
      12
      12
      11
      10
       8
       9
       9
      11
      16
       7
       3
       8
      11
       8
       7
       4
       5
       9
      11
       6
       9
       7
       2
       5
      11
       5
       7
       8
       7
      10
      11
      15
      11
      13
      16
      11
      10
      14
      11
      13
      20
      17
      27
      29
      17
      35
      26
      26
      22
      24
      28
      32
      30
      31
      31
      24
      31
      34
      42
      33
      27
      26
      29
      32
      34
      26
      37
      23
      30
      30
      24
      26
      33
      23
      41
      30
      27
      29
      25
      31
      31
      29
      26
      30
      29
      39
      28
      28
      43
      29
      34
      46
      34
      38
      37
      49
      54
      39
      47
      58
      61
      49
      62
      66
      52
      59
      71
      60
      66
      48
      55
      57
      57
      63
      51
      71
      47
      53
      44
      47
      52
      50
      41
      39
      54
      38
      38
      26
      39
      37
      30
      29
      26
      32
      31
      32
      33
      19
      22
      23
      20
      21
      18
      20
      24
      19
      13
      15
      17
      11
       9
       8
      12
      11
      11
       7
       8
      10
       9
       7
       5
       6
       7
       4
       5
       9
       8
       5
       2
       2
       2
       3
       2
       4
       1
       6
       7
       4
       4
       3
       2
       0
       1
       2
       1
       3
       4
       3
       1
       3
       0
       4
       1
       5
       3
       2
       0
       2
       2
       1
       3
       1
       1
       2
       1
       4
       3
       0
       1
       0
       3
       3
       2
       5
       8
       0
       1
       0
       0
       3
       3
       2
       2
       4
       1
       4
       2
       3
       1
       6
       2
       2
       2
       4
       2
       1
       1
       2
       1
       2
       2
       3
       2
       3
       2
       2
       2
       2
       2
       2
       2
       2
       2
       1
       3
       1
       4
       0
       1
       1
       1
       2
       0
       2
       4
       4
       0
       1
       1
       4
       0
       0
       1
       3
       2
       3
       1
       3
       2
       3
       0
       0
       0
       2
       1
       3
       3
       0
       4
       2
       7
       1
       1
       2
       4
       0
       4
       2
       4
       6
       0
       5
       2
       3
       2
       3
       3
       3
       2
       2
       3
       1
       4
       6
       1
       1
       4
       1
       3
       4
       5
       3
       3
       2
       2
       2
       0
       2
       3
       3
       4
       3
       5
       1
       4
       3
       0
       2
       2
       1
       3
       2
       3
       4
       5
       2
       5
       3
       5
       4
       3
       1
       5
       6
       4
       3
       4
       6
       6
       6
       2
       3
       4
       4
       3
       2
       2
       5
       5
       2
       2
       4
       3
       1
       3
       2
       3
       3
       3
       4
       3
       3
       2
       1
       0
       2
       3
       2
       2
       3
       2
       4
       3
       4
       6
       3
       3
       4
       5
       7
       6
       1
       3
       6
       8
       2
       6
       7
       6
       4
       6
       3
       2
       9
       2
       1
       6
       4
       3
       9
       4
       6
       6
       3
       3
       8
       2
       5
       4
       7
       3
       1
       4
       3
       5
       3
       3
       3
       4
       3
       5
       4
       4
       1
       5
       3
       3
       2
       2
       2
       2
       1
       1
       2
       3
       3
       0
       4
       3
       4
       2
       4
       5
       3
       2
       5
       0
       2
       2
       1
       3
       2
       1
       2
       1
       4
       0
       3
       6
       3
       1
       2
       2
       2
       4
       5
       0
       5
       3
       1
       1
       2
       1
       0
       1
       6
       3
       3
       4
       2
       0
       5
       0
       0
       3
       1
       2
       3
       2
       6
       4
       3
       1
       0
       2
       4
       0
       4
       3
       4
       4
       1
       3
       5
       1
       4
       1
       1
       1
       1
       1
       0
       0
       2
       2
       2
       1
       2
       1
       0
       1
       0
       2
       2
       4
       1
       2
       3
       1
       2
       5
       3
       3
       2
       3
       2
       4
       4
       6
       0
       3
       2
       6
       1
       1
       1
       4
       0
       5
       1
       2
       3
       5
       3
       2
       1
       4
       2
       2
       5
       4
       6
       4
       1
       4
       2
       5
       1
       3
       4
       3
       3
       5
       0
       5
       5
       2
       4
       2
       5
       4
       1
       3
       2
       4
       1
       0
       1
       1
       4
       0
       4
       3
       1
       2
       0
       2
       0
       2
       1
       1
       6
       2
       3
       3
       2
       3
       3
       3
       6
       1
       2
       3
       5
       3
       3
       3
       3
       3
       1
       2
       0
       0
       2
       2
       3
       2
       1
       2
       2
       4
       0
       1
       6
       2
       4
       3
       3
       5
       2
       2
       2
       4
       3
       4
       5
       3
       4
       5
       4
       1
       3
       1
       6
       3
       1
       4
       2
       3
       2
       6
       5
       4
       2
       8
       3
       1
       3
       3
       5
       4
       6
       1
       3
       4
       6
       3
       2
       3
       6
       2
       6
       5
       4
       1
       1
       7
       2
       1
       6
       2
       4
       3
       2
       0
       4
       1
       1
       3
       5
       1
       1
       5
       3
       4
       3
       3
       5
       2
       4
       4
       4
       7
       5
       3
       4
       5
       4
       7
       5
       4
       5
       9
       7
       7
       3
       5
       2
       4
       4
       1
       2
       5
       4
       7
       2
       7
       7
       3
       3
       6
       2
       0
       4
       7
       2
       5
       4
       2
       2
       3
       4
       4
       3
       4
       5
       2
       4
       6
       4
       2
       2
       4
       8
       3
       6
       5
       5
       6
       5
       4
       4
       1
       4
       4
       6
       5
       4
       3
       3
       6
       1
       4
       6
       6
       5
       5
       3
       5
       1
       2
       4
       1
       7
       5
       2
       4
       5
       3
       3
       3
       2
       7
       4
       4
       1
       6
       2
       2
       6
       2
       4
       3
       3
       4
       4
       5
       3
       4
       3
       3
       4
       6
       2
       3
       4
       4
       6
       6
       6
       7
       2
       7
       3
       5
       5
       5
       4
       2
       3
       6
       5
       7
       3
       7
       4
       4
       6
       7
       3
       3
       3
       9
       2
       5
       6
       5
       4
       2
       2
       4
       9
       7
       5
       3
       4
       6
       7
       6
       7
       3
       4
       7
       6
       6
       7
       4
       8
       7
       7
       6
       1
       5
       2
       5
       3
       8
       9
       9
       5
       7
       4
       4
       8
       5
       8
       6
       4
       2
       8
       4
       5
       3
       7
       9
       3
       9
       4
      15
       3
       8
      11
       5
      11
      11
      10
       7
       7
       8
       6
       3
       8
      12
       9
       8
       5
       9
       8
      12
       9
      11
       5
       8
       5
       9
       6
       8
      11
      13
      11
      15
       8
       9
       8
       6
       4
       5
      11
       4
       7
       9
       5
       9
       5
       7
      11
       9
       5
      12
      13
       6
       8
       7
      14
       5
       8
       2
       7
       5
       5
       4
       6
       4
       7
       3
       8
       4
      11
       6
       8
      11
       7
       9
       4
       8
      10
       7
       6
       6
       4
      12
       7
       7
       8
       8
       8
       7
       9
       4
       5
       7
       8
       4
       5
      10
       2
      12
      12
      11
       5
       7
       8
       9
       7
      10
      11
       6
       9
       5
      10
       7
       8
      10
       8
       7
       7
       6
       8
       5
      17
       6
       7
       8
       9
       7
       4
       7
       5
       9
       4
      10
      14
      12
      10
      11
       8
       8
       9
       8
       7
      11
      12
       9
       7
       6
      10
       9
       8
      10
      10
       6
      11
      13
      12
      17
       9
      14
      12
      12
      13
      16
       8
       9
       7
      10
       6
      11
      13
       7
      11
      11
      11
      10
       8
      12
      12
      11
      11
      20
      10
      13
       3
      12
      15
      10
       8
       9
       5
      13
      11
       4
       8
       9
      13
       6
      14
       8
       9
      15
       6
      11
      11
       7
       8
      13
      12
      20
      16
      15
      11
      15
       6
      15
       8
      16
      17
      13
      12
      13
      14
      17
      14
      11
       6
      16
      18
       9
      12
      15
      19
      18
      26
      15
      18
      21
      14
      22
      12
      23
      17
      13
      19
      20
      17
      18
      17
      18
      20
      19
      15
      14
      19
      22
      21
      19
      16
      21
      14
      21
      15
      24
      25
      23
      25
      29
      27
      31
      29
      23
      35
      30
      31
      25
      30
      23
      27
      34
      35
      33
      29
      25
      32
      36
      31
      24
      32
      41
      20
      38
      33
      36
      36
      33
      27
      32
      32
      36
      28
      38
      28
      27
      34
      38
      32
      33
      29
      37
      39
      38
      32
      27
      27
      38
      35
      38
      46
      44
      45
      35
      38
      44
      36
      40
      41
      43
      45
      39
      32
      36
      47
      47
      52
      47
      50
      43
      43
      34
      47
      34
      42
      53
      43
      46
      46
      43
      46
      47
      44
      43
      51
      64
      55
      28
      45
      38
      47
      37
      51
      65
      37
      60
      49
      40
      48
      39
      44
      36
      43
      38
      35
      34
      38
      34
      28
      38
      40
      37
      43
      40
      31
      41
      35
      26
      28
      40
      24
      34
      38
      32
      33
      29
      30
      36
      32
      39
      23
      24
      29
      29
      23
      43
      25
      28
      36
      36
      35
      21
      29
      30
      34
      38
      19
      32
      28
      27
      26
      33
      27
      27
      31
      33
      22
      37
      25
      23
      26
      32
      31
      26
      22
      29
      27
      27
      19
      25
      26
      28
      30
      34
      34
      29
      33
      34
      17
      34
      23
      39
      32
      34
      32
      27
      34
      23
      27
      29
      26
      20
      25
      35
      23
      36
      26
      26
      19
      26
      25
      24
      29
      21
      22
      33
      21
      29
      26
      27
      29
      22
      24
      31
      26
      26
      17
      23
      24
      21
      32
      30
      35
      25
      22
      35
      19
      33
      26
      26
      25
      22
      21
      29
      22
      31
      36
      30
      27
      24
      23
      23
      21
      23
      34
      24
      33
      27
      26
      27
      26
      43
      22
      33
      29
      23
      34
      22
      19
      20
      31
      26
      28
      28
      31
      27
      35
      41
      25
      39
      30
      25
      35
      28
      20
      30
      36
      29
      36
      25
      26
      32
      27
      29
      29
      23
      38
      40
      24
      33
      35
      39
      30
      31
      39
      26
      23
      24
      33
      28
      36
      29
      36
      36
      28
      37
      27
      22
      29
      32
      40
      29
      24
      20
      31
      36
      19
      24
      21
      25
      26
      38
      34
      28
      26
      33
      27
      37
      33
      41
      28
      24
      34
      30
      26
      22
      44
      42
      22
      21
      35
      23
      41
      37
      33
      33
      24
      22
      34
      34
      26
      33
      33
      37
      37
      25
      32
      40
      25
      28
      38
      24
      53
      38
      41
      33
      39
      26
      38
      55
      48
      39
      30
      35
      37
      29
      47
      29
      44
      33
      40
      39
      36
      31
      35
      28
      41
      40
      34
      36
      43
      32
      36
      37
      42
      36
      36
      31
      39
      38
      38
      30
      33
      43
      34
      32
      36
      30
      39
      40
      35
      48
      41
      41
      34
      36
      33
      33
      42
      53
      36
      30
      41
      33
      37
      30
      32
      34
      39
      29
      45
      30
      24
      33
      50
      42
      42
      39
      45
      29
      41
      43
      36
      35
      37
      31
      37
      30
      36
      39
      39
      35
      47
      39
      38
      45
      32
      54
      52
      53
      42
      38
      29
      46
      35
      41
      31
      42
      45
      47
      40
      67
      45
      34
      36
      39
      51
      51
      40
      40
      32
      38
      42
      42
      47
      54
      48
      42
      48
      54
      48
      48
      45
      37
      42
      49
      39
      52
      37
      58
      56
      42
      45
      38
      54
      49
      44
      40
      38
      35
      56
      56
      51
      50
      36
      50
      47
      52
      54
      51
      51
      61
      55
      62
      60
      57
      57
      56
      61
      56
      56
      51
      41
      70
      64
      67
      64
      86
      72
      98
      80
      81
      87
     103
     102
     138
     150
     152
     200
     197
     206
     243
     270
     297
     321
     308
     400
     476
     475
     511
     619
     619
     727
     761
     834
     904
     978
    1070
    1165
    1259
    1323
    1448
    1487
    1622
    1608
    1766
    1948
    1968
    2012
    2201
    2340
    2292
    2407
    2494
    2617
    2567
    2811
    2810
    2673
    2717
    2773
    2854
    2770
    2892
    2763
    2796
    2730
    2681
    2713
    2657
    2419
    2406
    2358
    2271
    2108
    2125
    2051
    1921
    1828
    1720
    1615
    1508
    1371
    1266
    1321
    1168
    1004
     967
     917
     835
     705
     657
     634
     532
     501
     456
     400
     368
     310
     282
     266
     208
     187
     176
     126
     127
     109
      88
      84
      73
      58
      47
      36
      39
      30
      25
      24
      23
      17
      18
      13
      11
       9
      10
       9
       3
       7
       6
       6
       3
       6
       4
       7
       5
       4
       1
       6
       1
       4
       3
       5
       0
       6
       3
       2
       2
       3
       2
       2
       2
       0
       2
       3
       5
       1
       7
       3
       1
       7
       3
       1
       2
       3
       3
       8
       4
       2
       4
       1
       8
       2
       1
       2
       1
       4
       2
       3
       3
       2
       5
       4
       3
       4
       1
       3
       4
       4
       3
       0
       3
       1
       4
       5
       4
       2
       2
       5
       3
       4
       4
       1
       4
       0
       4
       5
       6
       6
       3
       4
       2
       3
       3
       2
       2
       3
       1
       7
       4
       3
       2
       6
       2
       3
       4
       5
       6
       4
       1
       4
       0
       4
       2
       3
       2
       3
       2
       6
       6
       1
       4
       2
       2
       4
       2
       0
       2
       4
       2
       6
       5
       5
       2
       6
       3
       3
       2
       5
       5
       1
       5
       4
       5
       1
       1
       4
       6
       1
       2
       4
       4
       7
       5
       2
       6
       3
       3
       2
       4
       3
       1
       2
       2
       2
       2
       2
       2
       4
       3
       6
       4
       3
       2
       2
       3
       2
       4
       5
       7
       0
       5
       1
       5
       2
       1
       1
       2
       3
       0
       2
       3
       0
       1
       5
       3
       3
       1
       3
       0
       2
       1
       4
       2
       3
       2
       8
       4
       6
       6
       6
       4
       5
       2
       3
       3
       4
       1
       3
       8
       4
       1
       7
       7
       1
       2
       3
       1
       4
       4
       2
       6
       3
       4
       5
       4
       1
       2
       3
       8
       3
       1
       8
       2
       1
       3
       2
       1
       2
       7
       4
       6
       0
       4
       7
       3
       3
       3
       5
       4
       2
       5
       4
       2
       2
       2
       4
       1
       2
       1
       2
       4
       4
       2
       1
       2
       5
       5
       1
       1
       5
       5
       4
       2
       5
       2
       3
       2
       2
       7
       5
       3
       1
       2
       4
       2
       4
       4
       7
       5
       3
      10
       4
       3
       2
       3
       9
       2
       7
       3
       3
       8
       1
       7
       4
       2
       4
       2
       5
       7
       5
       2
       8
       3
       4
       2
       6
       4
       4
       3
       4
       3
       3
       7
       2
       6
       4
       2
       5
       4
       7
       5
       5
       4
       4
       5
       2
       1
       4
       4
       4
       4
       2
       4
       6
       2
       8
       2
       2
       4
       5
       7
       2
       7
       2
       8
       6
       3
       5
       6
      10
       3
       5
       5
       1
       5
       5
       7
       4
       4
       3
       1
       5
       0
       4
       3
       2
       4
       4
       1
       3
       2
       6
       6
       4
       7
       2
       4
       1
       2
       3
       3
       4
      10
       2
       5
       7
       5
       5
       2
       6
       2
       7
       5
       2
       3
       5
       6
       7
       3
       4
       0
       4
       9
       3
       5
       4
       5
       2
       3
       6
       5
       5
       3
       2
       2
       1
       3
       5
       4
       1
       6
       4
       7
       6
       5
       3
       3
       4
       2
       2
       7
       3
       2
       6
       4
       7
       3
       3
       6
       3
       9
       5
       5
       3
       4
       3
       7
       5
       4
       2
       3
       0
       5
       6
       5
       6
       2
      10
       3
       4
       5
       0
       6
       2
       5
       3
       4
       3
       3
       2
       3
       4
       5
       4
       2
       5
       4
       4
       9
       4
       1
       5
       3
       4
       5
       3
       4
       6
       3
       3
       7
       2
       9
       1
       7
       3
       2
       4
       6
       3
       4
       7
       7
       3
       4
       4
       3
       5
       2
       1
       4
       5
       3
       3
       6
       6
       4
       7
       3
       7
       4
       2
       3
       4
       5
       4
       4
       4
       5
       3
       4
       3
       2
       6
       4
       8
       3
       4
       6
       6
       5
       4
       6
       5
       4
       6
       4
       1
       4
       3
       5
       2
       5
       5
       1
       9
       4
       2
       3
       3
       7
       1
       5
       6
       6
       6
       2
       5
       4
       6
       3
       3
       4
       6
       4
       5
       7
       7
       3
       4
       5
      14
       4
       8
       6
       3
       2
      10
       2
       9
       4
       3
       1
       8
       6
       3
       6
       7
       6
       5
       5
       9
       5
       4
       4
       6
       4
       8
       4
       4
       7
       6
       5
       5
       5
       6
       7
       3
       9
       2
       6
       2
       7
       8
       7
       5
       2
       1
       5
       4
       4
       6
       7
       7
       5
       7
       8
       2
       5
       9
       5
       2
       2
       4
       3
       4
       6
       3
       7
       4
       3
       4
       4
       8
       4
       4
       3
       3
       6
       4
       4
       3
       1
       2
       6
       7
       4
       1
       5
       4
       6
       1
       7
       4
       9
       6
       4
       5
       3
       1
       6
       7
       5
       9
       6
       5
       5
       6
       7
      13
       3
       9
       6
       6
       6
      11
       7
       5
       4
       6
       5
       7
       8
       5
       5
       6
       9
       8
       7
       5
       7
      11
      10
       7
       7
       7
       6
       5
       6
       5
       3
       7
       8
       6
      10
      10
       8
       6
       7
       3
      10
       9
       9
       6
       8
       6
       2
      12
       9
      12
       7
       5
       5
       5
       5
       6
       8
       8
       4
       7
       3
       7
       5
       4
       4
      10
       5
       5
       6
       9
       8
       6
       3
       8
       4
       5
       5
       4
       7
       3
      10
       5
       4
       6
       7
       9
       4
       7
       6
       6
       4
       1
       6
       6
       9
       8
       6
       4
       4
       6
       5
       5
       3
       6
       3
       3
       1
       9
       6
       2
       5
       3
       6
       8
       5
       5
       5
       6
       6
       5
       6
       7
       6
       6
       4
       3
       3
       2
       2
       3
       7
       5
       7
       6
       3
       6
       4
       9
       6
       7
       6
       5
       8
       4
       5
       3
       4
       6
       5
       3
       3
       2
       4
       7
       3
       8
       4
       8
       2
      14
       9
       4
       4
       6
       7
       3
       4
       8
       9
       6
       1
       4
       5
       4
       6
       6
       2
       3
       8
       7
       3
       4
       4
       9
       6
       5
       8
       3
       6
       4
       6
       3
       2
       6
       3
       5
       7
       3
       5
       5
       5
       5
       5
       2
       6
       4
       3
       3
       2
       1
       7
       5
       7
       0
       8
       4
       8
       4
       4
       4
       3
       3
       2
       5
       7
      10
      10
       6
       5
       4
       7
       4
       4
       5
       4
       7
      11
       4
       5
       4
       5
       5
       7
       2
       4
       7
       5
       3
       2
       2
       3
       9
       3
       7
       4
       3
       4
       4
       5
       8
       3
       4
       2
       5
       3
       4
       4
       7
       6
       5
       2
       4
       3
       3
       4
       2
       4
       4
       2
       7
       3
       7
       5
       3
       3
       5
       4
       3
       8
       9
       1
       4
       2
       4
       5
       2
       3
       4
       3
       2
       3
       2
       7
       4
       1
       4
       4
       1
       5
       3
       3
       7
       5
       7
       5
       5
       3
       6
       4
       2
       4
       7
       6
       6
       8
       7
       7
       5
       6
       7
       4
       2
       4
       5
       7
       3
       6
       1
       4
       4
       3
       4
       4
       4
       4
       2
       4
       4
       6
       1
       8
       5
       6
       2
       6
       8
       3
       7
       5
       1
       7
      12
       4
       2
       8
       8
       7
       2
       7
       5
       7
       9
       2
       3
       8
       2
      10
       9
       2
       6
       4
       5
       3
       6
       3
       5
       5
       7
       5
       3
       5
       4
       4
       4
       3
       5
       9
       6
       8
       4
       6
       5
       5
       4
       3
       1
       3
       3
       6
       3
       3
       5
       4
       5
       2
       5
       3
       6
       5
       3
       7
       7
       6
       4
       4
       6
       5
       7
       7
       7
       3
       6
       8
       5
       5
       4
       5
       4
       5
       6
       8
       5
       9
       7
       3
       3
       5
       2
       4
       7
       5
       1
       6
       7
       4
       2
       7
       2
       3
       4
       4
       6
       4
       9
       7
       5
       6
       3
       5
       5
       4
       6
       4
       3
       4
       5
       5
       4
       2
       3
       3
       4
       5
       5
       5
       5
       5
       8
       5
       4
       3
       4
       3
       2
       6
       6
       7
       4
       2
       4
       4
       7
       4
       5
       1
       4
       5
       5
       6
       7
       4
       2
       7
       4
       6
       6
       6
       9
       4
       3
       2
       7
       3
       2
       4
       4
       4
       2
       5
       6
       6
       7
       5
       6
       7
       9
       9
       6
       5
       1
       3
       8
       8
       5
       3
       8
       0
       8
      10
       7
       2
       2
       5
       4
       4
       6
       5
       8
       3
       5
       3
       8
       1
      10
      12
       4
       9
       9
       7
       3
       6
      15
       8
       6
       3
       7
       5
       5
       6
       4
       4
      11
       4
       9
       4
       5
       1
       6
      10
       7
       4
      11
       7
       7
       7
       9
       7
       7
       3
       3
      11
       2
       5
       7
       6
       6
       8
       1
       6
       2
       3
       4
       5
       3
       3
       6
       3
       7
       8
       8
       2
       5
       8
       4
       5
       4
       4
       8
       7
       8
       8
       3
       7
       4
       4
       5
       7
       4
       2
       3
       8
       4
       5
       5
       5
       2
       6
       7
       7
       6
       1
       7
       3
       9
       4
       4
       4
       4
       3
      10
       5
       6
       9
       8
       6
       0
       4
       5
      10
       6
       6
       5
      10
       7
       4
       4
       8
       4
       7
       2
       7
       4
       3
       5
       7
       6
      11
       3
       3
       5
       8
      10
       9
       2
       8
      11
       5
       7
       5
       5
       6
      14
       6
       2
       3
       3
       9
       8
       6
       3
       6
       9
       4
       6
       9
       5
       1
       5
       8
       6
       8
       5
       6
       4
       3
       6
       3
       3
       4
       2
       4
       7
       8
       6
       6
      10
      10
       8
       6
       3
       2
       3
       3
       8
       6
       3
       4
       4
       4
       3
      10
       5
       9
       3
       7
       4
       5
       3
       3
       3
       2
       1
       6
       4
       7
       5
       7
       4
       8
       4
       5
       3
       4
       3
       7
       5
       5
       4
       1
       6
       4
       9
       5
       5
       2
       1
       6
       2
       2
       9
       7
       2
       4
       3
      10
       5
       3
       4
       5
       2
       4
      11
       5
       6
       7
       4
       9
       3
       8
       3
       6
       3
       5
       2
       8
       4
       4
       6
       6
       3
       2
       2
       3
       5
       3
       5
       5
      13
       2
       5
       5
       4
       6
       2
       5
       5
       8
       3
       6
       5
       2
       6
       5
       3
       3
       2
       4
       2
       6
       6
       2
       0
       3
       6
       7
       4
       8
       3
       7
       5
       3
       2
       5
       3
       6
       7
       3
       3
       9
       4
       7
       4
       8
       3
       3
       5
       4
       5
       3
       3
       6
       8
       6
       5
       7
       2
       5
       0
       4
       5
       3
       9
       9
       4
       8
       5
       5
       6
       6
       2
       6
       3
       7
       3
       7
       5
       6
       1
       4
       4
       5
       3
       5
       4
       5
       5
       5
       3
       5
       8
       5
       6
       4
       8
       5
       6
       6
       2
       5
       4
       3
       3
       8
       3
       2
       3
       4
       4
       6
       5
       4
       5
       5
       7
       7
       6
       6
       2
       8
       6
       5
       2
       6
       8
       2
       4
      12
       7
       7
       2
       4
       6
       6
       7
       5
       2
       4
       5
       3
       4
       3
       2
       3
       3
       6
       3
       4
       5
       6
       6
       7
       3
       4
       6
       5
       4
       7
       3
       3
       3
       8
       4
       4
       7
       6
       5
       9
       6
       5
       5
       1
       4
       6
       8
       7
       4
       9
       9
       6
       2
       6
       5
       4
       3
      11
       3
       4
       2
       7
       6
       3
       5
       4
       5
       5
       3
       5
       5
       7
       6
       7
       7
       4
       3
       8
       6
       4
       3
       7
       5
       3
       5
       3
       4
       2
       3
       4
       3
       5
       4
       2
       5
       5
       1
       3
       7
       6
       6
       5
       5
       1
       4
       2
       7
       3
       8
       6
       1
       5
       3
      10
       5
       3
       4
       6
       3
       3
       7
       3
       4
       7
       7
       8
       4
       3
       4
       2
       5
      10
       5
       5
       8
       2
       7
       8
       2
       7
       2
       4
       3
       4
       1
       4
       1
       7
       4
       4
       1
       6
       0
       6
       3
       4
       4
       5
       3
       3
       6
      10
       5
       7
       3
       5
       7
       7
       4
       3
       5
       7
       5
       2
       2
       6
       4
       5
       5
       3
       5
       7
       8
       6
       2
       7
       4
       3
       1
       5
       6
       4
       5
       9
       3
       3
       1
       2
       6
       2
       7
       5
       4
       9
       4
       1
       7
       4
       7
       7
       7
       5
       7
       5
       2
       6
       5
       2
       4
      10
       2
       1
       6
       4
       9
       6
       3
       2
       4
       3
       6
       4
       4
       8
       5
       2
       4
       7
       2
       4
       6
       3
       6
       6
       8
       5
       5
       3
       3
       5
       4
       5
       4
       3
       3
       7
       4
       4
       5
       5
       5
       7
       3
       3
       5
      10
       2
       4
       2
       3
       4
       3
       3
       3
       5
       6
       3
       4
       8
       6
       2
       5
       3
       1
       3
       5
       5
       8
       4
       6
       4
       5
       6
       3
       6
       5
       5
       5
       6
       4
      13
       8
       7
      12
      11
      10
       8
       8
       8
      12
      12
       8
       7
       9
       9
      11
      12
       9
       7
      11
      10
       7
       4
      14
      12
       7
       5
      10
      11
       8
       9
       8
      13
      11
       7
      12
      12
      13
      11
      10
      12
      15
       8
       8
      11
       9
       9
       6
      10
       5
       5
       8
      11
       8
       3
       6
      12
       6
       3
       7
       4
       9
       6
       7
       3
       8
      10
       4
       8
       6
       4
       6
       3
       3
       7
       8
       2
       5
       4
       5
       5
       8
       4
       9
       6
       2
       5
       3
       5
       2
       4
       7
       4
       3
       4
       1
       4
       3
       7
       5
       5
       3
       5
       4
       5
       4
       5
       9
       5
       6
       4
       8
       3
       4
       2
       9
       7
       5
       3
       5
       6
       2
       2
       3
       3
      10
       3
       4
       5
       7
       2
       7
       5
       3
       4
       7
       5
       5
       6
       3
       1
       5
       3
       3
       6
       6
       4
       4
       1
       4
       4
       3
       3
       8
       4
       4
       6
       4
       5
       5
       6
       5
       3
       7
       4
       3
       4
       6
       6
       1
       5
       6
       3
       9
       5
       4
       3
       3
       2
       7
       7
       6
       4
       5
       1
       4
       4
       5
       5
       6
       7
       6
       3
       5
       9
       3
       9
       7
       3
       0
       6
       4
       2
       6
       6
      12
       6
       9
       6
       5
       8
       7
       3
      11
      11
       7
       4
       4
       8
      11
      10
       7
       9
       8
       8
       6
       8
      11
      10
      13
       7
      15
      11
      11
       7
       7
      11
      11
      12
      10
       9
       8
       6
      12
      19
       7
      13
      11
       6
       2
       5
       7
       7
       4
      12
      13
       6
       7
      10
       6
       6
       4
       8
       6
       5
       1
       2
       8
       6
       8
       6
       7
       4
       6
       4
       4
       2
       5
       4
       1
       5
       2
       5
       3
       4
       2
       3
       5
       2
       6
       3
       5
       7
       1
       5
       5
       8
       4
       3
       4
       5
       5
       6
       6
       2
       4
       7
       3
       3
       7
       5
       2
       6
       8
       1
       7
       4
       3
       2
       7
       4
       5
       5
       5
       7
       3
       3
       4
       2
       2
       4
       5
       7
       9
       2
       8
       7
       6
       4
       1
       4
       5
       3
       5
       5
       6
       3
       2
       5
       6
       6
       0
       7
       4
       3
       5
       7
       8
       3
       9
       7
       4
       1
       2
       4
       2
       5
       4
       8
       3
       3
       5
       6
       8
       3
       7
       9
       4
       2
       3
       4
       2
       7
       5
       4
       6
       2
       6
       2
       5
       4
       4
       2
       8
       7
       8
       4
       5
       1
       0
       5
       1
       4
       5
       2
       5
       4
       7
       4
       3
       5
       0
       3
       7
       9
       2
       5
       6
       3
       8
       6
       1
       4
       1
       1
       7
       9
       4
       6
       2
       2
       3
       4
       4
       5
       6
       7
       4
       7
       4
       6
       6
       5
       2
       4
       5
       3
       3
       8
       2
       3
       3
       4
       3
       5
       6
       7
       3
       7
       5
       1
       4
       7
       2
       3
       6
       4
       4
       1
       8
       4
       4
       2
       5
       3
       7
       3
       4
       1
       8
       1
       5
       6
       5
       8
       4
       3
       5
       4
       5
       4
       6
       4
       7
       6
       3
       5
       3
       8
       7
       4
       5
       5
       5
       2
       4
       4
       4
       3
       5
       8
       5
       5
       3
       5
       4
       5
       9
       1
       4
       5
      11
       7
       2
       3
       0
       8
       8
       0
       3
       4
       3
       5
       2
       5
       3
       7
       3
       7
      10
       3
       4
       8
       6
       8
       2
       3
       4
       3
       5
       3
       6
       5
       7
       5
      10
       1
       5
       4
       4
       9
       4
       9
       5
       5
       9
       6
       5
       7
       3
       4
       3
       4
       6
       2
       6
       8
       4
       3
       1
       2
       5
       3
       7
       3
       9
       4
       2
       4
       6
       5
       1
       7
       2
       3
       0
       7
       3
       8
       4
      12
       3
       4
       5
       2
       2
       5
       5
       4
       6
       5
       3
       1
       3
       3
       3
       5
       5
       9
       5
       4
       6
       5
       3
       6
       6
       4
       3
       6
       7
       3
       2
       9
       2
       4
       8
       4
       3
       5
       2
       1
       4
       7
       4
       3
       4
       7
       4
       6
       3
       2
       4
       5
       4
       2
       6
       4
       5
       8
       3
       7
       4
       4
       6
       4
       3
       5
       4
       3
       0
       4
       3
       6
       4
       6
       2
       4
       2
       3
       8
       2
       4
       6
       6
       5
       2
       4
       5
       4
       4
       3
       4
       6
       3
       6
       5
       7
       2
       3
       2
       3
       4
       6
       5
       7
       3
       5
       2
       4
       4
       3
       7
       8
       3
       7
       3
       4
       6
       4
       4
       3
       2
       1
       5
       4
       4
       5
       4
       3
       2
       3
       5
       5
       3
       3
       5
       7
       6
       1
       3
       4
       4
       4
       3
       8
       2
       4
       8
       1
       6
       5
       2
       8
       7
       5
       4
       5
       7
       5
       5
       3
       3
       2
       2
       5
       2
       6
       8
       4
      12
       5
       8
       3
       6
       4
       5
       2
       8
       5
       4
       9
       4
       5
       5
       6
       5
       6
       4
       4
       2
       5
       4
       4
       3
       7
       5
       8
       5
       2
       9
       6
       3
       9
       5
       6
       4
       2
       4
       7
       9
       4
       3
       2
       6
       5
       5
       6
       4
       4
       8
       7
       5
       3
       7
       2
       7
       4
       4
       4
       6
       5
       2
       6
       2
       3
      10
       5
       1
       4
       6
       4
       3
       8
       9
       4
       5
       4
       3
       3
       3
       3
       3
       3
      10
       5
       2
       5
       6
       4
      10
       7
       5
       3
       6
       6
       3
       6
       5
       4
       2
       1
       7
       3
       3
       4
       4
       4
       1
       4
       6
       4
       2
       6
       5
       3
       6
       4
       5
       7
       4
       4
       5
       7
       7
       3
       1
       4
       3
       7
       4
       3
       0
       3
       8
       3
       5
       6
       8
       3
       3
       7
       3
       6
       7
       3
       5
       2
       7
       4
       5
       3
       4
       3
       7
       1
       1
       5
       4
       7
       5
       3
       4
       2
       5
       7
       6
       2
       5
       3
       5
       3
       2
       4
       4
       5
       4
       7
       3
       6
       6
       3
       4
       4
       6
       4
       3
       2
       4
       8
       2
       7
       6
       5
       5
       5
       4
       8
       6
       6
       9
       6
       7
       4
       4
       4
       7
       3
       1
       5
       5
       2
       9
       3
       6
       5
       5
       7
       8
       7
      10
       6
       5
       4
       5
       6
       4
       5
       9
       6
       3
       4
       2
       5
       5
       5
       4
       4
       5
       8
       4
       5
       7
      10
       8
       4
       3
       2
       2
       4
       5
      11
       5
       7
       5
       3
       4
       5
       5
       4
       8
       6
       2
       4
       3
       3
       4
       2
       4
       5
       4
       3
       5
       4
       6
       0
       8
       6
       6
       4
       3
       6
       5
       4
       6
       3
       5
       7
       9
       7
       5
       3
       3
       4
       3
       8
       7
       5
       6
       4
       5
       3
       5
       7
       6
      10
       3
       7
       7
       5
       1
       1
       3
       3
       5
       8
       4
       3
       4
       4
       3
       3
       4
       5
       3
       4
       7
       5
       7
       6
       7
       2
       6
       1
       2
       2
       5
       6
       3
       4
       3
       1
       8
       6
       0
       3
       4
       2
       9
       3
       5
       5
       2
       6
       7
      10
       2
       6
       4
       3
       3
       5
       4
       5
       5
       1
       2
       4
       2
       6
       8
       3
       2
       4
       7
       2
       5
       4
       2
       8
       4
       1
       6
       8
       2
       4
       2
       2
       3
       5
       5
       1
       2
       5
       4
       6
       3
       3
       0
       2
       3
       4
       2
       4
       5
       4
       2
       6
       4
       2
       6
       2
       5
       4
       2
       5
       2
       4
       5
       1
       4
       3
       5
       3
       7
       4
       5
       2
       7
       3
       5
       4
       3
       2
       5
       7
       3
       4
       1
       0
       1
       1
       6
       2
       3
       2
       3
       4
       1
       2
       5
       3
       4
       3
       3
       2
       8
       5
       6
       1
       3
       4
       4
       6
       3
       4
       0
       4
       1
       2
       6
       2
       4
       6
       2
       3
       8
       4
       6
       5
       4
       1
       3
       7
       2
       2
       2
       5
       3
       6
       1
       5
       6
       3
       5
       4
       5
       1
       4
       2
       8
       2
       5
       2
       4
       2
       4
       2
       1
       3
       2
       3
       2
       6
       9
       4
       6
       5
       2
       4
       2
       5
       5
       3
       4
       5
       3
       8
       3
       6
       3
       2
       5
       2
       2
       4
       3
       6
       2
       4
       5
       1
       5
       5
       7
       5
       4
       4
       5
       2
       5
       3
       5
       4
       6
       1
       4
       5
       8
       2
       3
       1
       4
       4
       7
       3
       2
       5
       7
       5
       1
       5
       3
       4
       4
       3
       3
       5
       5
       6
       1
       4
       4
       2
       3
       5
       5
       5
       6
       3
       3
       6
       5
       3
       4
       2
       3
       1
       6
       0
       6
       6
       5
       2
       1
       5
       6
       6
       5
       3
       8
       3
       4
       3
       3
       6
       6
       1
       3
       6
       5
       6
       1
       7
       3
       4
       2
       4
       4
       3
       8
       5
       1
       3
       9
       5
       7
       4
       5
       7
       3
       2
       6
       2
       3
       7
       5
       8
       3
       3
       5
       3
       5
       3
       2
       4
       2
       5
       4
       5
       2
       0
       1
       3
       8
       7
       4
       2
       2
       2
       4
       1
       2
       5
       5
       2
       4
       3
       1
       5
       3
       2
       4
       1
       1
       0
       4
       3
       3
       4
       3
       4
       5
       1
       6
       3
       3
       3
       2
       4
       2
       6
       7
       7
       5
       4
       5
       2
       8
       4
       3
       2
       4
       2
       4
       2
       3
       3
       6
       7
       7
       5
       3
       2
       2
       2
       2
       2
       6
       6
       7
       3
      11
       5
       4
       4
       8
       4
       3
       5
       3
       5
       2
       5
       4
       2
       1
       4
       7
       6
       2
       3
       2
       4
       2
       3
       4
       6
       3
       1
       4
       5
       3
       6
       6
       6
       2
       2
       4
       2
       2
       3
       7
       4
       2
       1
       4
       5
       5
       3
       4
       5
       6
       2
       2
       1
       2
       3
       5
       4
       1
       3
       3
       4
       4
       3
       6
       5
       4
       4
       7
       1
       8
       2
       4
       4
       5
       5
       3
       2
       4
       3
       2
       5
       2
       6
       3
       0
       7
       3
       5
       2
       4
       6
       4
       4
       2
       3
       4
       2
       7
       3
       2
       8
       3
       2
       5
       6
       2
       2
       1
       3
       4
       3
       6
       7
       6
       2
       7
       3
       1
       3
       3
       6
       6
       7
       3
       5
       2
       3
       1
       2
       7
       3
       5
       4
       5
       1
       6
       3
       2
       1
       4
       5
       4
       2
       7
       4
       5
       3
       7
       3
       7
       1
       4
       6
       3
       3
       4
       7
       1
       5
       4
       8
       7
       3
       0
       3
       1
       2
       1
       5
       1
       2
       6
       5
       1
       3
       7
       0
       3
       5
       7
       6
       7
       3
       3
       5
       4
       1
       3
       8
       8
       4
       4
       3
       4
       1
       3
       5
       3
       2
       4
       5
       4
       6
       3
       4
       6
       0
       4
       3
       3
       7
       5
       6
       3
       4
       2
       2
       3
       3
       6
       1
       4
       2
       6
       8
       1
       5
       4
       4
       2
       8
       3
       2
       1
       2
       2
       3
       3
       7
       4
       4
       3
       4
       4
       0
       5
       3
       3
       2
       4
       2
       4
       2
       2
       3
       4
       3
       7
       8
       2
       5
       3
       2
       5
       3
       2
       7
       2
       2
       0
       0
       5
       6
       2
       4
       5
       4
       3
       3
       7
       6
       7
       2
       0
       1
       3
       4
       2
       6
       4
       6
       4
       5
       2
       1
       4
       5
       3
       3
       3
       5
       2
       5
       6
       3
       4
       2
       3
       1
       2
       6
       4
       1
       5
       2
       4
       5
       1
       2
       5
       5
       2
       4
       7
       3
       3
       4
       7
       1
       5
       5
       4
       1
       5
       2
       1
       3
       1
       3
       3
       4
       2
       3
       0
       2
       3
       1
       2
       3
       5
       6
       1
       2
       2
       4
       3
       3
       4
       4
       3
       4
       3
       2
       3
       0
       3
       2
       3
       2
       3
       1
       2
       5
       1
       6
       3
       4
       2
       3
       5
       5
       3
       4
       5
       1
       2
       3
       1
       6
       4
       3
       1
       4
       7
       6
       2
       7
       3
       6
       3
       1
       2
       6
       5
       3
       6
       5
       2
       1
       4
       3
       6
       6
       3
       4
       2
       8
       2
       2
       1
       5
       5
       2
       2
       5
       3
       4
       1
       3
       5
       3
       4
       1
       1
       0
       3
       2
       4
       1
       8
       5
       5
       8
       2
       4
       2
       5
       2
       0
       4
       6
       2
       5
       0
       2
       9
       4
       4
       5
       3
       2
       2
       4
       2
       3
       3
       4
       3
       5
       3
       3
       1
       1
       1
       4
       3
       4
       3
       5
       2
       5
       6
       4
       1
       6
       1
       6
       3
       1
       4
       4
       2
       4
       5
       4
       3
       3
       2
       2
       5
       1
       4
       3
       4
       3
       2
       4
       1
       6
       2
       4
       1
       4
       4
       1
       2
       4
       2
       6
       0
       2
       7
       3
       3
       4
       0
       3
       5
       4
       3
       2
       1
       3
       6
       4
       6
       4
       1
       3
       1
       3
       5
       4
       1
       3
       1
       4
       2
       4
       3
       6
       1
       3
       2
       4
       6
       3
       2
       3
       6
       5
       2
       4
       1
       8
       4
       0
       4
       2
       6
       3
       4
       0
       0
       3
       5
       3
       2
       5
       1
       5
       3
       1
       5
       1
       4
       6
       3
       2
       4
       2
       3
       4
       4
       2
       2
       5
       5
       4
       3
       3
       2
       1
       5
       2
       4
       0
       3
       1
       1
       1
       4
       2
       5
       7
       3
       4
       2
       2
       4
       1
       4
       6
       2
       1
       3
       2
       2
       5
       6
       5
       2
       6
       2
       2
       2
       2
       3
       1
       3
       4
       3
       3
       0
       2
       6
       5
       3
       2
       3
       4
       7
       4
       3
       4
       2
       3
       6
       2
       2
       6
       3
       2
       7
       5
       3
       4
       2
       8
       4
       6
       3
       3
       4
       5
       5
       4
       3
       5
       5
       3
       4
       3
       5
       2
       4
       4
       2
       4
       6
       2
       4
       2
       0
       2
       2
       4
       1
       5
       2
       3
       4
       4
       3
       6
       3
       3
       4
       3
       6
       1
       3
       4
       4
       4
       4
       0
       5
       3
       4
       5
       2
       2
       2
       1
       4
       3
       1
       3
       1
       5
       5
       1
       5
       1
       8
       2
       5
       4
       3
       2
       5
       6
       2
       3
       4
       0
       2
       3
       5
       4
       4
       4
       3
       4
       9
       3
       5
       4
       0
       2
       5
       3
       4
       8
       2
       2
       2
       1
       4
       5
       6
       7
       4
       2
       2
       5
       3
       4
       4
       4
       4
       3
       2
       6
       4
       5
       2
       3
       4
       1
       1
       4
       3
       2
       2
       3
       2
       6
       3
       2
       5
       5
       3
       4
       0
       3
       2
       1
       2
       3
       4
       3
       1
       3
       2
       3
       0
       3
       4
       3
       4
       2
       3
       1
       2
       4
       2
       4
       3
       2
       5
       1
       3
       3
       5
       5
       7
       5
       3
       0
       7
       4
       3
       2
       1
       8
       2
       3
       3
       1
       5
       4
       6
       3
       4
       2
       1
       3
       3
       2
       8
       2
       4
       5
       2
       3
       2
       1
       4
       4
       2
       5
       3
       3
       5
       2
       3
       1
       0
       3
       3
       4
       2
       6
       1
       4
       5
       3
       6
       2
       3
       5
       4
       4
       2
       3
       1
       1
       7
       5
       2
       1
       3
       2
       3
       6
       5
       3
       4
       8
       2
       2
       3
       5
       6
       4
       3
       7
       2
       2
       5
       5
       6
       1
       1
       5
       4
       2
       5
       3
       4
       2
       5
       3
       3
       5
       2
       1
       2
       3
       2
       4
       3
       1
       5
       6
       4
       3
       2
       2
       1
       1
       5
       1
       2
       6
       2
       6
       3
       4
       1
       1
       3
       4
       3
       6
       5
       5
       4
       3
       7
       0
       6
       6
       2
       9
       7
       5
       2
       4
       4
       3
       5
       4
       3
       5
       1
       3
       2
       3
       2
       2
       2
       4
       3
       1
       1
       5
       3
       2
       4
       2
       3
      10
       3
       2
       2
       2
       3
       3
       4
       3
       3
       2
       3
       2
       1
       4
       3
       1
       2
       3
       6
       1
       2
       3
       1
       1
       1
       4
       4
       6
       5
       2
       5
       3
       1
       3
       2
       5
       3
       0
       3
       3
       6
       2
       4
       2
       2
       2
       3
       3
       5
       8
       2
       1
       3
       8
       2
       5
       4
       1
       2
       3
       1
       1
       1
       6
       2
       3
       4
       5
       7
       1
       2
       6
       2
       6
       4
       0
       1
       4
       5
       2
       2
       0
       4
       3
       3
       1
       2
       3
       4
       6
       4
       4
       3
       1
       1
       1
       3
       4
       2
       2
       4
       2
       4
       1
       2
       4
       4
       2
       3
       6
       2
       2
       3
       5
       2
       5
       3
       2
       2
       1
       4
       1
       3
       4
       3
       3
       1
       2
       5
       5
       2
       3
       2
       4
       4
       1
       4
       4
       4
       1
       0
       4
       3
       3
       5
       4
       3
       2
       3
       4
       3
       4
       4
       2
       2
       3
       5
       5
       2
       0
       3
       5
       3
       6
       2
       2
       4
       4
       2
       6
       1
       4
       2
       0
       2
       3
       1
       2
       4
       5
       3
       4
       2
       0
       7
       3
       4
       5
       2
       2
       5
       3
       4
       3
       5
       4
       1
       3
       2
       5
       1
       2
       4
       2
       4
       2
       5
       2
       6
       3
       3
       4
       9
       1
       0
       2
       3
       7
       6
       2
       1
       4
       6
       1
       4
       3
       5
       5
       4
       2
       4
       1
       1
       2
       2
       2
       5
       3
       5
       1
       1
       5
       3
       3
       4
       2
       0
       2
       1
       6
       4
       3
       3
       4
       2
       3
       3
       6
       2
       3
       3
       2
       2
       4
       5
       6
       4
       1
       3
       4
       4
       4
       2
       5
       5
       0
       1
       4
       1
       2
       2
       5
       2
       5
       2
       3
       2
       3
       4
       2
       0
       0
       4
       2
       3
       2
       5
       2
       7
       5
       3
       6
       6
       3
       4
       5
       0
       3
       5
       3
       3
       3
       5
       4
       3
       1
       3
       3
       3
       3
       2
       3
       4
       0
       5
       3
       1
       3
       3
       1
       4
       3
       3
       1
       5
       3
       3
       3
       2
       2
       0
       2
       1
       1
       2
       5
       3
       3
       6
       3
       6
       3
       3
       3
       3
       1
       2
       4
       3
       3
       3
       4
       2
       2
       3
       3
       4
       4
       8
       5
       4
       4
       2
       3
       3
       2
       3
       2
       5
       4
       3
       0
       4
       1
       5
       4
       3
       5
       2
       2
       3
       0
       0
       1
       4
       3
       3
       3
       2
       1
       4
       4
       3
       3
       2
       5
       3
       3
       2
       4
       3
       2
       1
       3
       3
       2
       1
       3
       6
       3
       0
       3
       2
       1
       3
       4
       5
       3
       3
       4
       4
       2
       5
       5
       0
       3
       0
       0
       0
       0
       0
       0
       0
       0
       0
       0
       0
       0
       0
       0
       0
       0
       0
       0
       0
       0
       0
       0
       0
       0
       0
       0
       0
       0
       0
       0
       0
       0
       0
       0
       0
       0
       0
       0
       0
       0
       0
       0
       0
       0
       0
       0
       0
       0
       0
       0
       0
       0
       0
       0
       0
       0
       0
       0
       0
       0
       0
       0
       0
       0
       0
       0
       0
       0
       0
       0
       0
       0
       0
       0
       0
       0
       0
       0
       0
       0
       0
       0
       0
       0
       0
       0
       0
       0
       0
       0
       0
       0
       0
       0
       0
       0
       0
       0
       0
       0
       0
       0
       0
       0
       0
       0
       0
       0
       0
       0
       0
       0
       0
       0
       0
       0
       0
       0
       0
       0
       0
       0
       0
       0
       0
       0
       0
       0
$ROI:
1
3014 3188
$PRESETS:
None
0
0
$ENER_FIT:
0.000000 0.019215
$MCA_CAL:
3
0.000000E+000 1.921453E-002 0.000000E+000 keV
$SHAPE_CAL:
3
4.059771E+001 0.000000E+000 0.000000E+000
