$SPEC_ID:
No sample description was entered.
$SPEC_REM:
DET# 1
DETDESC# DESKTOP-PNQJTCJ Easy-MCA-8k SN 09161357
AP# Maestro Version 7.01
$DATE_MEA:
03/10/2017 07:52:28
$MEAS_TIM:
236 244
$DATA:
0 8191
       0
       0
       0
       0
       0
       0
       0
       0
       0
       0
       0
       0
       1
       0
       0
       0
       0
       0
       0
       0
       0
       0
       0
       0
       0
       0
       0
       0
       0
       0
       0
       2
       9
      89
     214
     389
     652
     748
     649
     670
     732
     749
     888
    1007
     847
     869
     763
     499
     183
      42
       8
       3
       3
       9
      10
       6
       5
       3
       3
       0
       6
       7
       5
       4
       6
       3
       3
       2
       7
       7
       6
       2
       5
       3
       4
      11
       4
       6
       4
       5
       7
       7
       8
       2
       4
       3
       4
       4
       5
       5
       4
       2
       3
       2
       2
       4
       5
       6
       3
       5
       2
       6
       6
       5
       4
       7
       7
       6
       5
       7
       6
       8
       5
       3
       3
      10
       7
       1
       2
       6
       3
       3
       5
       7
       6
       3
       4
       4
      10
       6
       7
       4
       8
       5
       6
       9
       5
       5
       6
      11
       4
       1
       7
       8
       6
      11
       6
      12
       2
       5
       4
       3
       5
       8
       4
      10
      13
       4
       6
      11
       3
       7
       9
      12
       6
       7
       5
       5
       6
       7
      10
       7
       5
       3
       6
       3
       7
       4
       6
       7
       8
       5
       7
       7
       6
       8
       7
       4
       6
      11
       8
      12
       9
       4
      11
       9
       7
      10
       9
      12
       9
       7
      10
      12
      13
       9
      12
       4
      12
      10
       9
       6
      12
       2
       4
      17
       8
       9
      11
       5
       7
      10
      11
       5
       8
      11
      12
      11
       7
       9
      10
       9
      12
       6
       8
      11
      10
       7
      14
       7
       7
       7
      13
       9
       8
       7
       4
       9
      11
      10
       4
      10
      10
      13
       5
      12
      15
      13
       7
      11
       9
      11
       3
      10
      14
       7
       5
       8
       5
       8
       8
       7
       9
       9
      11
      13
       8
       7
      16
       8
       4
       5
      16
      11
      15
      11
       9
      10
      14
       7
       7
      14
       4
      11
       4
       6
      12
       9
       7
       5
       5
      12
       2
       7
       9
       7
       1
       7
       9
       8
      11
       7
       3
       6
       8
       9
       4
       7
       7
      10
      11
       6
       7
       5
       8
      11
      10
      13
       8
       6
       8
       9
       8
       7
       8
      13
      10
       6
      12
       9
       8
       7
      10
       9
       4
       8
      14
      18
      13
      10
      10
       7
       6
       5
      15
       8
      17
      14
      11
       9
      21
      21
      10
      26
      22
      19
      26
      16
      28
      29
      20
      27
      20
      19
      27
      24
      22
      16
       9
      22
      11
      11
      13
      10
      21
       3
       8
       7
       4
       8
       8
       8
       4
       4
       5
       6
       5
       3
       4
       5
       9
       4
       7
       6
       6
       8
       1
       2
       7
       2
       5
       3
      10
       6
       4
       3
       4
       7
       7
       8
       5
       2
       9
       8
       5
       4
       5
       6
       7
       3
       4
      11
       6
       6
       6
       7
       3
       8
       6
      10
       6
      13
       8
       7
       9
      11
      11
      13
      12
      11
      15
      13
      10
      10
      15
      11
      11
      16
       9
      20
       7
       9
       6
      10
      14
       6
       7
       6
       9
       7
       6
      15
       5
       8
       1
      11
       6
       4
       7
       5
       4
       4
       3
       9
       2
       5
       5
       3
       8
       3
       7
       4
       2
       1
       2
       7
       4
       2
       5
       6
       8
       0
       5
       3
       3
       5
       4
       4
       5
       5
       5
       7
       0
       2
       1
       5
       3
       4
       5
       7
       5
       5
       6
       9
       4
       8
       6
      10
       5
       7
      12
      12
      10
      13
       8
      11
      10
      13
      13
      21
      10
      20
      13
      19
      15
      12
      11
      13
      11
       9
      10
      12
      11
       9
      12
      15
       7
      10
      14
      14
      24
      16
      18
      22
      24
      25
      19
      22
      16
      31
      28
      31
      29
      25
      25
      33
      24
      34
      18
      22
      28
      22
      32
      22
      18
      16
      28
      23
       9
      13
      22
       9
       8
       6
      17
      12
       8
       9
      11
       9
      21
      11
      10
      22
      16
      23
      29
      23
      37
      49
      73
      63
      84
      86
     112
     134
     131
     141
     173
     166
     228
     233
     234
     238
     239
     271
     268
     253
     314
     270
     248
     234
     250
     226
     212
     230
     189
     169
     160
     151
     130
     100
      88
      83
      67
      71
      41
      36
      44
      37
      32
      27
      35
      31
      29
      20
      16
      24
      13
      17
      22
      13
       7
      14
      18
      19
      17
      16
      13
      22
      20
      24
      17
      28
      33
      29
      19
      29
      37
      49
      41
      57
      43
      46
      45
      56
      52
      52
      46
      58
      48
      56
      45
      51
      58
      62
      55
      55
      58
      65
      78
      64
      93
      77
      88
      75
      88
      81
      98
      96
      94
      95
      93
      79
      75
      83
      71
      73
      71
      57
      53
      44
      30
      31
      42
      25
      26
      28
      16
      19
      18
      22
      21
       9
      11
      10
       9
       9
      13
      11
       7
       3
       3
       8
       2
       5
       4
       6
       6
       2
       3
       5
       4
       1
       3
       1
       1
       3
       4
       4
       4
       2
       2
       2
       3
       5
       3
       5
       3
       4
       6
       1
       6
       2
       2
       6
       8
       4
       2
       3
       4
       7
       2
       2
       4
       2
       3
       6
       8
       2
       2
       5
       2
       3
       3
       4
       5
       2
       3
       3
       3
       7
       3
       2
       0
       7
       3
       1
       2
       2
       4
       5
       2
       5
       4
       4
       2
       6
      10
      10
       2
       5
       3
       5
       6
       7
       2
       3
       6
       8
       4
       6
       6
      11
       7
      10
       4
       3
       7
       7
      11
      11
       2
       6
       8
      10
       3
       1
       6
       6
       3
       7
       5
       4
      11
      10
       1
       7
       7
       7
      13
       8
       7
       6
      11
       9
       8
       6
       5
       8
      10
       5
       5
       4
       3
       5
       4
       4
       6
       2
       2
       8
       1
       7
       5
       3
       2
       6
       5
       3
       7
       5
       5
       6
       5
       3
       3
      10
       5
       3
       3
       2
       3
       4
       3
       4
       2
       5
       5
       6
       5
       3
       7
       5
       3
       3
       2
       2
       5
       2
       2
       4
       7
       4
       5
       5
       3
       5
       8
       4
       5
       4
       4
       2
       0
       2
       4
       2
       6
       8
       4
       6
       3
       7
       6
       5
       6
       5
       1
       4
       7
       6
       7
       2
       9
       8
       6
       3
       5
       6
       5
       4
       4
       2
       6
       7
       5
       3
       6
       2
       4
       6
       2
       4
       6
       4
       3
       5
       8
       4
       5
       5
       6
       4
       6
       6
       4
       4
       4
       3
       5
       1
       4
       5
       5
      10
       0
       3
       3
      10
       4
       7
       6
       3
       6
       7
       4
       3
       7
       8
       7
       6
       6
       4
       8
       7
      10
      10
       6
      11
       7
       7
       6
       3
       8
       9
       0
       8
       3
       6
       5
       5
       4
       6
       7
       7
       5
       2
       1
       8
       8
      12
       5
       6
       2
       3
       9
       1
       5
       7
       8
       7
       5
       9
       4
       9
       6
       3
       6
       3
       5
      10
       8
       7
       5
       3
       4
       8
       7
       2
       5
       5
       5
       6
       8
       6
       3
      12
       7
       5
       8
       2
       7
       4
       3
      11
      10
       7
       7
       8
       2
      10
       3
       7
       9
      10
      10
      14
      14
      11
      11
       4
       8
       7
       4
       7
       7
       9
       9
       7
       7
      10
      10
       7
      12
      10
      18
       8
      10
       9
      11
       5
      11
      16
      15
      13
      14
      11
      13
      13
       8
       5
      18
      20
      19
      12
      11
      12
       7
      13
       8
      15
       8
      15
      12
      11
       7
       9
       1
      13
       8
      11
       7
      11
      10
      13
      12
      15
      15
       9
      13
      11
      13
       8
       7
       8
      12
      13
       8
      14
      14
      14
      20
      12
       7
      16
      21
      13
      11
      16
      18
      12
      20
       8
      10
       9
      11
      17
      18
      13
      13
      12
      13
      15
      15
      17
      13
      19
      17
      15
      15
      18
      18
      16
       9
      16
      14
      28
      12
      14
      33
      23
      15
      19
      22
      16
      26
      16
      21
      14
      15
      15
      17
      19
      13
      29
      18
      19
      26
      23
      23
      31
      20
      31
      26
      27
      19
      21
      19
      22
      26
      31
      25
      30
      25
      35
      35
      35
      33
      36
      39
      40
      35
      51
      39
      35
      51
      34
      44
      48
      44
      47
      41
      49
      55
      42
      50
      45
      60
      50
      65
      45
      62
      47
      41
      57
      75
      76
      64
      74
      61
      85
      78
      51
      59
      67
      78
      73
      77
      91
      91
      82
      86
      66
      90
      78
      56
      86
      75
      74
      70
      77
      67
      69
      71
      59
      62
      55
      70
      65
      46
      55
      55
      67
      52
      54
      45
      52
      58
      61
      40
      45
      49
      43
      56
      45
      56
      51
      39
      47
      58
      52
      44
      56
      38
      56
      42
      40
      45
      46
      49
      51
      44
      36
      53
      44
      39
      41
      51
      43
      38
      31
      55
      38
      39
      44
      46
      55
      52
      38
      48
      45
      47
      32
      40
      32
      45
      47
      45
      35
      48
      44
      41
      48
      45
      42
      39
      48
      46
      61
      47
      62
      44
      42
      36
      52
      53
      43
      50
      47
      46
      45
      44
      40
      40
      58
      52
      41
      37
      45
      48
      54
      45
      57
      57
      63
      53
      52
      43
      51
      54
      55
      50
      58
      52
      63
      50
      60
      43
      42
      58
      43
      58
      40
      54
      47
      45
      65
      60
      50
      59
      52
      66
      53
      58
      52
      59
      56
      55
      43
      62
      59
      51
      61
      58
      63
      58
      49
      63
      61
      45
      67
      47
      55
      58
      53
      47
      52
      62
      64
      53
      63
      68
      50
      71
      58
      55
      63
      73
      62
      60
      44
      68
      73
      64
      71
      60
      89
      57
      85
      66
      80
      72
      71
      84
      71
      57
      65
      73
      59
      63
      73
      67
      59
      79
      78
      79
      69
      69
      76
      75
      74
      73
      60
      67
      72
      72
      73
      73
      71
      64
      81
      76
      77
      94
      84
      96
      94
      95
     125
     118
     113
     163
     164
     223
     247
     303
     384
     445
     503
     651
     780
     935
    1152
    1346
    1571
    1756
    2012
    2246
    2475
    2836
    3141
    3388
    3678
    3851
    4115
    4139
    4401
    4422
    4400
    4508
    4339
    4157
    4011
    3628
    3471
    3295
    2937
    2684
    2440
    2036
    1802
    1596
    1259
    1110
     911
     760
     649
     499
     416
     310
     264
     197
     142
     109
      90
      65
      45
      41
      31
      14
      21
      17
       3
      10
       3
       9
       6
      12
       6
       7
       3
       4
       7
       4
       9
       5
       7
       4
      11
       5
       6
       7
       2
       3
       8
       6
      12
      10
       7
       3
       6
       3
       5
       4
       6
       4
       6
       3
       4
       4
       3
       7
       5
       6
       2
      10
       9
       7
       6
       7
       4
      10
       9
       8
       9
       3
      13
       1
      10
       6
       3
      14
       6
       3
       2
       7
       8
      13
       4
       8
       7
       5
       6
       5
       4
       8
       9
       3
       8
       1
       4
       7
       6
       8
      10
       9
       5
       5
       7
       8
       4
       4
       9
       3
       5
      11
       6
       5
      11
       6
       5
       6
       6
       7
       8
       4
       3
       9
       7
       2
       5
      12
       4
       7
       6
       4
       6
       3
       3
       3
       6
       5
       4
       6
       8
       8
       6
       6
       6
       3
       8
       6
       5
       9
       7
       7
       8
       6
       4
       8
       5
       2
       5
       6
       9
       5
      11
       4
       8
       9
       9
       9
       1
       6
       4
       4
      10
       7
      10
       7
       4
       4
       4
       7
       9
       8
       9
       4
       4
      11
      10
       6
       7
       8
       6
       5
       5
       5
       8
      11
      10
       6
       4
       8
      10
       4
       4
       4
       5
       7
       8
       6
      10
       6
       6
      14
       9
       4
       6
       5
       5
       5
      10
       9
       3
       6
       2
       9
       5
       5
       2
       5
      10
       8
      10
       5
      10
      10
       7
       7
       5
       8
       7
       7
       3
      10
       4
       5
       8
       9
       8
       4
      11
       7
       9
       5
       6
       6
      10
       5
       6
       9
       6
      12
       6
       7
       4
       5
       5
       6
       5
       5
       6
       4
       8
      10
       6
       1
       4
      12
      12
       7
      14
      11
       2
       8
      10
       5
       9
       4
       3
      12
       6
       5
       7
       6
      15
      10
       9
       6
       5
       7
       5
       8
       4
      12
       6
       8
      10
       4
      11
       6
       9
       4
      11
      10
       5
       5
       5
      12
      11
      12
      13
       8
      10
       9
       9
      12
      10
      12
      12
      13
       9
       8
       9
      11
       3
       8
       7
       6
      15
       7
       8
      10
       5
       7
      10
       8
       8
      10
      10
       6
      11
       8
       6
       9
      13
       6
       3
       8
       4
      11
       6
       6
       4
      12
      10
       8
       4
      12
       7
      10
       9
       8
       9
       7
       6
      10
       8
      10
      10
      15
      13
       8
      14
      10
       8
      11
      18
       8
      12
       9
       8
      16
       8
      11
      13
       9
      11
       8
       4
      13
       8
      12
      14
      15
       6
       7
       4
      11
       6
       4
       6
       8
      11
       8
      11
       6
      10
       7
      11
      12
       6
       7
      11
       5
       7
       7
       8
       4
       3
       9
       8
       5
       6
       7
       8
       6
       8
      10
       9
      12
      10
      14
      10
       5
      15
      13
      14
       8
       7
      14
      15
      13
       8
       7
       3
       6
      10
       8
       7
      11
       7
       9
      12
      12
       6
      11
       6
      11
      12
       7
       8
      14
       7
       7
       9
       5
       6
       7
       3
       6
       9
       6
      12
       6
       7
       6
       8
       4
       4
       6
       4
      12
      10
       6
       8
      10
      10
      16
       4
      12
      13
       5
       6
      12
       8
       8
       7
       7
       6
       7
      12
      16
      12
       8
       8
       6
       8
       5
       9
       8
       8
       7
      10
       5
      10
      10
       7
      10
      13
       7
       7
      14
       8
       8
       6
      13
       5
       5
       6
      10
       5
      10
       8
       4
       6
      10
      12
       2
       7
      15
       6
       7
      13
       6
       7
       8
       7
       3
      11
       5
       7
       8
      11
       1
       6
       8
       5
      11
       8
       9
       9
       3
       6
      11
      14
      11
      11
       6
      15
       9
       5
       8
       7
       6
       6
       5
       4
       7
       7
       8
       9
       8
       5
       7
      10
      11
      11
       6
       6
      11
      11
      10
       4
       5
       5
       7
      12
       7
       4
       6
       7
       8
      12
      11
       6
      11
      13
       9
       9
      10
      13
       8
       4
       8
       3
       7
      10
      11
       9
       7
       8
       5
      13
      11
      12
       5
       9
       8
       8
       5
      13
       8
       9
       9
       7
       8
       8
      13
      10
      13
       5
       9
      13
      16
       7
      12
       4
       7
      18
      10
      10
      10
       6
       9
      12
       5
      10
      14
       5
       4
      11
       6
      12
       5
       4
       7
       8
      14
       6
       4
      15
      12
      17
       6
       7
       9
       8
       7
       7
       7
      10
       8
       9
       4
       5
       9
       6
      15
      12
      11
      11
       9
      10
       6
       8
       7
       9
       7
      10
       4
       7
       6
       5
       9
       9
       7
       8
       9
       5
      12
       9
       6
       9
       5
       9
       6
       9
       7
       7
       5
      10
      12
       8
      10
      11
       5
       7
       8
       8
       7
      10
       5
       3
       4
      11
       8
       6
      11
       7
       8
       9
       8
      12
      10
       6
      11
       7
       8
       4
       3
       8
      10
       8
      11
       5
       6
       8
      10
       7
      13
      12
       5
       6
       9
       6
       4
       5
       8
       7
       9
       9
      11
       9
       9
      13
       2
       7
       4
       8
      13
       8
      12
       5
       5
       5
       5
       8
      11
       6
       8
       9
       8
       6
       8
       7
       5
       4
      14
       8
       8
      10
       7
      10
      13
       5
       8
      10
       7
      11
       6
       3
       4
       8
       4
      12
       5
       8
      14
       9
       6
      10
       8
       8
       9
      12
       8
       8
      12
       2
       5
       8
       6
       9
       8
       3
       7
       9
       9
       8
      14
      10
      16
       5
       7
       8
       6
       6
      11
       9
       9
      12
       5
      13
       3
       6
       5
      13
       8
       4
       5
       7
       9
       8
      12
       9
       7
      11
       5
      10
       6
       9
       8
       8
       6
       4
       7
       5
      11
      11
       4
       7
       9
       8
      12
      14
       5
       2
       7
       4
       5
      12
       8
       8
       9
       4
      11
       8
       8
       4
       9
      10
       3
      11
       4
       7
       5
       9
       9
      10
       8
      13
       2
       6
       7
       3
      10
       4
      12
      11
      11
       6
      12
       7
      14
       6
      13
       3
       9
       7
       9
       8
       3
      10
       7
       3
       7
      12
       9
       9
      10
      12
       6
       6
       9
       8
      10
       7
      11
      11
      10
       3
      12
       6
      13
       9
       9
       7
       8
       4
       8
      10
      10
       4
       7
       9
       7
       8
       8
       7
      12
       9
       4
      11
       8
       4
       4
      11
       8
       9
       9
      16
       8
       8
       7
       7
       7
      13
      15
      11
      12
      14
      11
      14
      14
      10
      13
      13
       9
      18
      16
      11
      17
      14
      29
      11
      18
      18
      19
      13
      14
       9
      12
       9
      12
       9
      16
       8
       6
       8
       8
       9
       8
       8
       7
       6
       7
       9
      10
       8
       6
      11
       9
      10
       7
      10
       9
       5
      10
       7
       9
       7
      10
       8
      10
       8
       7
      10
      10
       9
       4
       6
       8
       8
       4
      13
       7
      17
       4
      13
       9
       7
       6
       5
       6
       7
       8
      19
       8
       5
       9
      15
      19
      11
      10
       9
       5
      11
       8
       6
       9
       8
       6
       2
       7
       7
      10
      11
       5
      12
       9
      12
      12
       9
      15
      11
       7
      11
       9
      12
       8
       9
      20
      19
      15
      13
      12
      19
      20
      17
      13
      14
      20
      10
      11
       9
      16
      16
      12
       8
      18
      10
       5
      11
       7
       3
       8
       4
       8
       7
      11
       7
       8
       8
      12
      14
       6
       4
       8
      10
       6
      11
      11
       9
      10
       8
       5
       7
      10
       8
      13
       6
       7
       7
      11
      12
       8
       8
       9
       6
      15
       9
       6
       8
       7
      10
       9
       6
      11
      12
       7
      10
      10
       4
       5
       6
       7
      11
       6
       8
       9
       7
       5
       8
       5
       4
       6
       8
       5
      11
      14
       8
       8
       8
       7
       9
      10
       8
      10
      10
       8
      13
      14
      13
      14
       8
      11
       6
       6
       4
       4
       8
       4
       8
       6
       6
       7
       6
       7
       8
       9
       6
       8
       7
      10
       2
       4
      12
       7
      14
       6
       6
       5
       7
       7
       8
       8
       2
       7
       1
       8
       9
       9
       7
      13
       6
      10
       4
       9
       9
      10
       7
      13
      11
       6
       3
       7
       4
      12
      12
      12
       9
       5
       8
       7
       4
       9
       6
       6
       5
      13
       4
      13
       9
       2
      15
       3
       6
      10
      10
       7
       4
       5
       8
       7
       8
       4
      10
      10
      11
      14
       5
       9
       8
       5
       4
       6
       8
       8
       4
       8
       5
       7
       5
       7
      10
       8
      11
       5
       9
       5
      10
       6
       7
      11
      11
       9
       7
       9
      10
      11
      11
      11
       9
      10
       2
       1
       3
       7
       9
       6
       5
       5
       8
      11
       8
       8
       7
      11
      10
       4
       2
       9
       7
       2
       6
      12
      10
      12
      11
       6
       6
       5
       4
      10
       8
       7
      11
       8
       7
      12
       3
       9
       8
      11
       3
       6
      11
      15
      10
       9
      11
       5
       3
       8
      14
       7
      13
      12
      13
      10
       7
       6
       8
       3
      10
       6
      12
       9
       6
       8
       8
       3
       9
       4
      10
       8
       4
      13
       7
       7
       7
       7
       8
       9
       7
       7
       7
       5
       9
      11
       7
       6
       6
       3
       3
       8
      10
       9
      11
       7
      13
       9
       6
       5
       5
      13
      14
      12
       7
       4
       3
      11
       8
       9
       3
       4
       8
      12
       7
       8
       7
       6
       8
       9
       5
       9
       8
       7
      10
       9
      11
       7
       2
       8
       7
       5
       7
       8
       3
       5
       8
       6
       4
       7
      10
       9
       5
       6
       7
       9
       8
       9
       4
       7
       8
       7
       7
      10
      12
      12
      10
       6
       8
       5
       4
       5
       7
       8
       9
       8
      12
       6
       8
       6
      10
       7
       8
       6
       6
       6
      15
      10
      11
       6
      11
      11
       2
       6
       4
      17
       6
      11
      10
       4
       7
       8
      11
      10
      11
       7
      13
       5
       6
       7
      10
      12
       5
       3
      11
       7
       5
      10
      10
       5
       8
       2
       7
       7
       4
      10
       8
       3
       6
       4
       9
      12
       5
      11
       9
       5
       4
       6
       7
       6
       3
       7
       6
       5
       7
       2
       6
       9
       7
      11
      12
       5
       7
       4
       6
       5
       6
      12
       9
       9
       5
       9
       5
       9
       7
       4
       6
       4
       6
       4
       5
       5
       6
       7
       6
       5
       5
       8
      14
       5
      10
       7
       4
       5
       4
       9
       8
       6
       5
       5
       5
       4
       7
       2
       8
      10
       7
       3
       2
       6
       6
      10
       8
      10
       9
       6
      10
       7
       9
       5
       4
      12
       9
       5
       5
       4
       5
      12
      10
       5
       4
       5
       6
       5
      14
       9
       8
       8
       8
       2
       4
       5
      11
       8
       7
       2
       8
       4
       5
       5
       4
       5
      11
      12
       4
       8
       9
      12
       3
       7
       5
       5
       3
       9
       7
       4
       5
       4
       6
       9
       4
       4
       6
       7
       9
       5
      10
       5
       7
       6
       9
      13
       9
       7
       5
       4
       9
       8
       5
       9
       6
       3
       7
       8
       6
      10
       8
       9
       9
       4
       7
       3
       9
       7
       5
       2
       3
      12
       9
       6
       2
       7
       7
       4
       5
       7
       8
       5
       7
       5
       2
       4
       6
      10
       7
       4
      11
       8
       7
       2
       6
      11
       6
       5
       3
       9
       9
       4
       8
       6
       9
       9
       6
      12
       4
       3
       4
       6
       0
       8
       7
       3
       6
       8
       6
       7
       8
       9
       4
       7
       9
       4
       6
       6
       7
       5
       6
       3
      11
       5
       5
       5
       4
       6
       9
       9
       4
       9
       3
       6
       6
      14
       6
       5
       6
       6
       4
      14
      11
       6
       3
       8
       4
       2
       4
       7
       7
       7
       9
      10
       5
       7
       6
      10
       6
       4
       4
       9
       8
       7
       7
       3
       7
       8
       7
       6
       5
       7
       8
       9
       5
       4
       4
       8
       6
       3
       5
       8
       4
       7
       6
       5
       4
       5
       7
       6
       7
       8
       9
       7
       0
      10
       3
       3
       6
       0
       5
       1
       7
       9
      10
       2
       6
      13
      15
       5
       5
      10
       7
       5
       6
      11
       8
       5
       6
       6
       1
       4
       8
       4
       8
       5
       7
       5
       3
       8
       9
       6
       4
       4
       0
       5
       5
       4
       2
       6
       5
       3
       5
       4
      11
       0
       4
       9
       8
       4
       8
      12
       5
       9
       2
       8
       6
       7
       6
       6
       8
       6
       4
       3
       2
       1
       6
       8
       2
       4
       4
       4
       7
       5
       3
       3
       3
       7
       6
       2
       7
       6
       8
       3
       7
       6
       5
       6
       4
       8
       7
       8
       2
       5
       4
       7
       0
       6
       8
       8
       9
       4
       4
       1
       5
      11
       7
       7
       5
       7
       6
       9
       6
       6
       5
       3
       5
       8
       8
       4
       5
      10
      10
       6
       5
       8
       3
       7
       4
       9
      10
       3
       7
       2
       4
       6
       6
       3
       3
       5
       1
       6
       6
       3
       7
       2
       4
       3
       4
       6
       4
       5
      12
       5
       8
       3
       8
      10
       4
       2
       7
       8
       4
       7
       5
       5
       7
       5
       3
       7
      10
       6
       8
       7
       6
       6
       6
       8
       4
       5
       5
       6
       7
       1
       5
       4
       7
       5
       5
      10
       5
       6
       3
       7
       7
       5
       2
       4
      10
       6
       5
      12
       3
       7
       5
       9
       4
       5
       4
       4
       4
       8
       5
       7
      10
       3
       5
       5
       2
       4
       1
       5
       6
       3
       9
      12
       5
       7
       5
       5
       5
       8
       3
       5
       5
       3
       4
       7
       6
       5
       6
       5
       5
       3
       4
       3
       5
       5
      10
       5
       4
       3
       6
       8
       9
       3
       4
       2
       2
       5
       6
       3
       3
       4
       6
       5
       6
       5
       7
       5
       6
       2
       3
       4
       6
       6
       5
       4
       8
       6
       7
       5
       6
       3
       4
       4
       6
       5
       5
       6
       6
       2
       6
       4
       8
       2
       3
       7
       5
       8
       3
       4
       8
       3
       3
       6
       3
       6
       5
       4
       6
       7
       6
       4
      10
       4
       5
      12
       5
       9
       6
       6
       4
       5
       7
       1
       4
       5
       4
       2
       3
       3
       7
       5
       7
       5
       5
       3
       3
       5
       2
       6
       6
       7
       5
       7
       5
       6
       7
       5
       5
       3
       5
       3
       5
       7
       6
       3
       7
       3
       8
       5
       6
       5
       4
       5
       5
       4
       8
       3
       6
       3
       4
       3
       5
       8
       7
       8
       3
      13
       5
       3
       7
      12
       6
       6
       6
       7
       4
       9
       2
       7
       6
       5
       5
       4
       9
       5
      11
       2
       7
       4
       6
       4
       8
       8
       4
       7
       5
       2
       4
       4
       3
       6
       6
       9
       4
       7
       6
       7
       9
       3
       3
       8
       2
       4
       5
       4
       6
       5
       7
       3
       6
       3
       6
       2
       8
       2
       5
       8
       7
       6
       5
      10
       4
       6
       7
       3
       7
       4
       4
       4
      10
       7
       4
       4
       1
       5
       2
       3
       4
       4
       9
       3
       5
       4
       4
       3
       4
       7
       5
       6
       6
       6
       5
       6
       5
       1
       6
       4
       6
       3
       3
       7
       2
       3
       3
       3
       1
       6
       4
       7
       8
       6
       2
       3
       8
       7
       4
       7
       4
       3
       5
       6
       4
       1
       4
       7
       7
       8
       3
       5
       7
       4
       4
       1
       7
       6
       4
       3
       1
       8
       2
       5
       1
       5
       6
       5
       4
       2
       6
       5
       4
       2
       4
      12
       0
       8
       4
       5
       4
       4
       4
       6
       4
       5
       3
       4
       5
       6
      10
       3
       6
       5
       6
       3
       5
       8
       7
      10
       4
       3
       5
       5
       2
       8
       7
       5
       4
       3
       4
       3
       6
       5
       6
      11
       4
       1
       4
       4
       1
       5
       8
       5
       5
       5
       2
       5
       5
       3
       4
       8
       4
       2
       6
       4
       4
       7
       5
       4
       5
       5
       2
       6
       3
       2
       5
       1
       3
       1
       5
       0
       8
       3
       5
       1
       2
       6
       6
       5
       8
       1
       3
       4
       4
       2
       6
       7
       5
       5
       6
       5
       3
       3
       6
       6
       5
       5
       8
       5
       6
       6
       4
       7
       4
       8
       6
       2
       3
       1
       7
       6
       3
       5
       6
       2
       4
       6
       5
       4
       3
       4
       6
       6
       6
       5
       6
       2
       7
       3
       6
       4
       3
       6
       6
       2
       7
       9
       3
       9
       3
       1
       5
       2
       1
       3
       2
       4
       5
       3
       6
       7
       0
       2
       3
       2
       4
       5
       8
       4
       1
       8
       4
       1
       3
       6
       3
       4
       4
       6
       1
       2
       3
       5
       1
       3
       3
       4
       5
       3
       5
       7
       1
       4
       6
       4
       3
       4
       5
       3
       4
       6
       3
       4
       5
       4
       6
       9
       2
       4
       3
       7
       3
       3
       4
       4
       4
       5
       4
       6
       3
       2
       4
       0
       4
       3
       6
       2
       5
       6
       8
       4
       3
       4
       6
       1
       3
       2
       7
       5
       5
       7
       2
       4
       6
       2
       5
       2
       7
       6
       7
       2
       3
       7
       5
       7
       2
       3
       6
       3
       3
       8
       5
       7
       5
       1
       3
       5
       7
       7
       0
       3
       7
       4
       6
       3
       4
       1
       3
       4
       4
       1
       4
       6
       7
       5
       4
       2
       2
       6
       0
       2
       4
       5
       2
       6
       9
       3
       6
       5
       2
       8
       5
       2
       5
       6
       8
       5
       8
       7
       3
       2
       2
       6
       3
      10
       6
       7
       6
       2
       3
       0
       6
       3
       9
       0
       4
       4
       3
       7
       3
       3
       4
       6
       4
       2
       5
       2
       2
       7
       1
       3
       4
      10
       4
       5
       3
       4
       4
       4
       5
       6
       6
       5
       3
       4
       3
       4
       7
       5
       6
       2
       2
       7
       0
       2
       4
       3
       2
       6
       4
       5
       4
       4
       5
       6
       5
       1
       7
       4
       8
       3
       9
       5
       3
       4
       5
       5
       2
       5
       2
       6
       8
       4
       2
       8
       4
       3
       5
       6
       3
       3
       8
       5
       7
       1
       6
       0
       4
      11
       6
       4
       1
       5
       3
       6
       8
       5
       7
       4
       2
       4
       3
       4
       3
       5
       4
       4
       4
       2
       5
       4
       4
       6
       2
       5
       2
       7
       9
       4
       6
       3
       3
       2
       2
       5
       3
       3
       5
       4
       3
       5
       5
       2
       6
       4
       4
       3
       2
       3
       8
       3
       1
       6
       3
       6
       3
       5
       3
       8
       2
       4
       4
       3
       3
       5
       2
       3
       7
       6
       2
       3
       3
       3
       2
       5
       1
       0
       2
       5
       6
       5
       6
       5
       3
       6
       3
       5
       3
       5
       4
       4
       2
       6
       2
       5
       5
       4
       8
       4
       5
       3
       2
       2
       6
       5
       5
       4
       4
       4
       1
       2
       3
       5
       5
       3
       3
       6
       2
       4
       4
       0
       4
       2
       6
       6
       2
       5
       7
       4
      12
       3
       3
       0
       5
       4
       7
       0
      10
       5
       5
       5
       5
       2
       2
       4
       3
       6
       7
       3
       1
       2
       3
       6
       4
       1
       3
       5
       4
       7
       4
       4
       4
       5
       4
       3
       3
       4
       4
       2
       5
       2
       3
       5
       2
       6
       5
       4
       2
       6
       6
       2
       3
       3
       4
       5
       3
       3
       2
       3
       1
       4
       5
       4
       2
       4
       5
       3
       3
       6
       3
       5
       3
       5
       3
       1
       3
       3
       2
       6
       9
       5
       0
       4
       7
       3
       4
       7
       3
       1
       1
       4
       5
       4
       1
       3
       4
       3
       5
       3
       1
       3
       4
       5
       8
      10
       4
       3
       6
       6
       6
       4
       6
       4
       9
       3
       7
       6
       4
       1
       1
       2
       3
       4
       3
       2
       4
       3
       3
       3
       5
       7
       5
       2
       3
       3
       3
       4
       6
       3
       4
       6
       4
       2
       4
       5
       1
       3
       2
       4
       4
       3
       4
       2
       4
       4
      11
       5
       6
       6
       1
       2
       4
       1
       1
       3
       4
       6
       3
       2
       7
       1
       2
       1
       7
       3
       6
       6
       5
       8
       4
       1
       3
       4
       3
       2
       3
       2
       4
       6
       3
       3
       4
       5
       6
       2
       4
       4
       5
       5
       2
       3
       5
       3
       2
       5
       2
       2
       2
       6
       7
       2
       5
       8
       2
       5
      10
       4
       5
       3
       4
       1
       3
       1
      10
       4
       1
       2
       2
       3
       2
       3
       5
       4
       1
       3
       5
       5
       1
       6
       4
       4
       4
       3
       1
       2
       5
       0
       2
       2
       3
       0
       1
       7
       3
       2
       2
       3
       1
       5
       5
       1
       1
       7
       1
       1
       6
       0
       5
       2
       5
       5
       4
       3
       3
       1
       1
       3
       1
       5
       4
       3
       3
       1
       5
       4
       4
       3
       4
       4
       7
       9
       4
       1
       7
       8
       2
       3
       5
       5
       2
       4
       8
       3
       1
       0
       6
       4
       0
       4
       5
       2
       2
       2
       1
       5
       5
       2
       7
       8
       3
       7
       3
       0
       0
       1
       5
       6
       2
       4
       3
       3
       1
       4
       3
       4
       1
       4
       3
       2
       6
       5
       1
       3
       5
       6
       1
       1
       8
       7
       4
       3
       4
       5
       4
       2
       5
       7
       7
       2
       3
       3
       2
       3
       4
       1
       7
       2
       3
       2
       3
       4
       3
       0
       3
       5
       2
       5
       6
       1
       6
       4
       6
       0
       4
       5
       4
       3
       4
       2
       4
       3
       3
       4
       2
       5
       1
       5
       1
       1
       2
       6
       5
       3
       0
       1
       0
       3
       2
       8
       4
       4
       3
       3
       5
       2
       4
       3
       3
       1
       4
       4
       4
       3
       4
       2
       4
       2
       3
       2
       2
       6
       3
       6
       4
       1
       2
       0
       5
       3
       7
       3
       3
       1
       5
       4
       3
       2
       1
       2
       4
       4
       7
       3
       4
       2
       4
       5
       3
       3
       2
       1
       6
       1
       4
       1
       3
       0
       5
       3
       3
       2
       4
       2
       4
       2
       1
       2
       7
       7
       3
       5
       1
       4
       4
       4
       4
       3
       0
       3
       6
       4
       3
       3
       0
       4
       3
       3
       6
       2
       5
       0
       3
       4
       1
       2
       2
       5
       2
       2
       1
       4
       2
       2
       5
       4
       2
       2
       4
       0
       4
       2
       5
       2
       4
       5
       6
       1
       2
       5
       4
       3
       2
       1
       4
       3
       2
       2
       5
       2
       3
       3
       4
       4
       1
       5
       3
       4
       0
       1
       6
       0
       4
       1
       3
       2
       3
       0
       6
       4
       5
       2
       5
       4
       6
       3
       2
       3
       5
       2
       3
       5
       1
       2
       2
       2
       4
       3
       5
       5
       1
       2
       3
       2
       1
       8
       2
       3
       2
       3
       8
       6
       2
       4
       2
       3
       4
       2
       5
       1
       4
       1
       4
       2
       2
       2
       6
       2
       3
       1
       3
       2
       1
       5
       3
       1
       3
       5
       1
       6
       9
       5
       1
       3
       3
       4
       4
       3
       3
       1
       5
       1
       3
       3
       2
       3
       2
       4
       5
       2
       1
       3
       2
       5
       2
       0
       3
       2
       3
       1
       5
       1
       3
       4
       1
       2
       2
       1
       5
       3
       0
       1
       3
       1
       4
       2
       2
       4
       5
       3
       2
       5
       2
       9
       5
       2
       7
       5
       1
       1
       5
       4
       4
       4
       3
       3
       6
       0
       1
       0
       2
       4
       3
       4
       4
       2
       4
       5
       1
       3
       5
       4
       3
       7
       4
       0
       1
       1
       3
       2
       6
       1
       1
       5
       3
       4
       5
       3
       4
       2
       6
       2
       4
       4
       6
       5
       3
       4
       4
       4
       2
       3
       5
       3
       0
       5
       2
       2
       2
       2
       3
       2
       4
       4
       2
       1
       3
       2
       2
       2
       1
       4
       4
       2
       4
       3
       7
       4
       3
       8
       1
      10
       1
       4
       7
       3
       5
       4
       4
       2
       4
       5
       5
       2
       2
       3
       5
       2
       3
       3
       3
       3
       3
       0
       1
       2
       2
       3
       8
       3
       8
       1
       2
       2
       4
       2
       2
       1
       4
       3
       3
       3
       4
       1
       5
       3
       3
       1
       2
       3
       1
       3
       4
       3
       2
       2
       6
       4
       4
       1
       3
       4
       2
       3
       3
       3
       0
       1
       1
       3
       0
       6
       3
       0
       4
       4
       1
       2
       6
       3
       1
       4
       3
       3
       4
       1
       4
       5
       4
       1
       4
       4
       5
       2
       2
       3
       0
       1
       1
       3
       1
       3
       1
       8
       4
       4
       3
       1
       2
       4
       5
       1
       5
       4
       4
       3
       0
       2
       0
       2
       3
       0
       3
       2
       3
       2
       4
       3
       6
       5
       2
       1
       5
       1
       3
       5
       2
       2
       2
       2
       4
       3
       0
       4
       2
       3
       3
       0
       2
       6
       4
       3
       4
       5
       4
       4
       4
       3
       3
       2
       3
       6
       3
       1
       4
       3
       2
       4
       3
       2
       3
       0
       3
       3
       3
       9
       1
       5
       4
       5
       0
       4
       2
       1
       5
       4
       3
       4
       4
       1
       2
       3
       3
       1
       2
       4
       1
       3
       8
       2
       2
       2
       2
       2
       3
       3
       2
       0
       3
       2
       2
       3
       1
       2
       1
       3
       7
       2
       2
       1
       1
       1
       0
       1
       3
       1
       3
       5
       7
       3
       6
       3
       4
       3
       4
       6
       2
       3
       1
       4
       0
       1
       2
       1
       3
       5
       2
       4
       3
       8
       3
       1
       3
       1
       3
       0
       1
       4
       2
       1
       2
       3
       2
       2
       4
       5
       6
       3
       1
       4
       5
       5
       2
       5
       2
       3
       4
       2
       1
       6
       1
       6
       5
       5
       4
       3
       3
       0
       2
       4
       2
       3
       2
       2
       3
       1
       4
       4
       1
       2
       2
       4
       1
       1
       0
       3
       2
       5
       3
       5
       3
       2
       1
       2
       3
       3
       6
       4
       3
       0
       3
       5
       1
       4
       1
       2
       1
       2
       3
       2
       1
       4
       0
       5
       2
       2
       2
       1
       1
       3
       5
       2
       2
       3
       1
       3
       2
       3
       2
       4
       0
       3
       3
       2
       3
       2
       0
       2
       1
       1
       2
       0
       2
       4
       5
       2
       1
       4
       4
       2
       4
       3
       5
       4
       1
       1
       2
       0
       5
       3
       2
       4
       2
       2
       5
       4
       0
       0
       2
       4
       2
       2
       2
       2
       3
       0
       5
       5
       3
       2
       7
       1
       1
       1
       2
       2
       7
       2
       1
       2
       2
       1
       3
       3
       3
       4
       3
       3
       3
       5
       4
       5
       1
       3
       3
       2
       3
       7
       2
       5
       1
       4
       2
       2
       3
       0
       3
       1
       6
       3
       3
       3
       1
       3
       3
       4
       2
       3
       3
       4
       2
       4
       5
       1
       2
       2
       3
       5
       4
       2
       0
       1
       2
       3
       6
       1
       4
       1
       4
       4
       3
       1
       3
       2
       3
       4
       2
       2
       3
       2
       3
       1
       3
       7
       4
       5
       1
       2
       3
       3
       0
       3
       2
       1
       0
       2
       3
       1
       5
       2
       4
       3
       0
       4
       1
       4
       3
       7
       0
       1
       2
       5
       6
       3
       5
       4
       1
       1
       1
       5
       2
       3
       3
       1
       2
       1
       2
       2
       5
       1
       5
       4
       1
       1
       1
       1
       2
       1
       2
       3
       1
       2
       3
       6
       2
       2
       1
       3
       0
       1
       0
       2
       1
       1
       1
       4
       2
       0
       3
       2
       2
       2
       3
       2
       1
       2
       5
       1
       2
       1
       5
       2
       2
       8
       1
       2
       1
       2
       3
       0
       2
       3
       2
       5
       1
       2
       3
       7
       4
       1
       2
       1
       0
       1
       3
       3
       2
       4
       4
       1
       3
       1
       5
       3
       2
       2
       4
       1
       1
       1
       2
       5
       5
       0
       1
       4
       1
       2
       2
       2
       5
       1
       4
       1
       7
       0
       6
       2
       2
       2
       2
       4
       4
       2
       1
       2
       2
       1
       1
       0
       1
       2
       2
       3
       1
       2
       1
       2
       2
       2
       2
       0
       5
       5
       3
       3
       3
       4
       4
       2
       3
       1
       2
       5
       2
       6
       2
       2
       0
       3
       4
       1
       2
       2
       5
       2
       1
       3
       4
       1
       4
       2
       2
       3
       3
       3
       4
       1
       1
       2
       4
       0
       3
       1
       2
       0
       4
       6
       4
       4
       1
       3
       2
       3
       2
       0
       1
       1
       4
       3
       3
       3
       2
       1
       2
       6
       3
       5
       2
       2
       6
       2
       2
       1
       3
       5
       3
       2
       3
       5
       4
       2
       1
       0
       3
       0
       2
       3
       3
       2
       1
       4
       2
       6
       2
       6
       0
       5
       2
       4
       3
       2
       3
       5
       0
       1
       1
       2
       0
       4
       2
       1
       1
       0
       4
       2
       3
       3
       3
       1
       1
       1
       3
       2
       3
       0
       1
       2
       4
       3
       1
       2
       2
       3
       3
       1
       1
       5
       2
       3
       3
       3
       3
       1
       2
       3
       6
       1
       3
       4
       2
       2
       0
       2
       1
       5
       3
       3
       1
       1
       2
       1
       4
       2
       1
       1
       3
       0
       3
       3
       2
       2
       1
       0
       5
       3
       2
       3
       1
       1
       2
       1
       5
       4
       3
       2
       4
       0
       4
       4
       3
       0
       3
       4
       3
       1
       0
       3
       4
       3
       1
       0
       2
       3
       2
       3
       3
       2
       3
       1
       2
       1
       4
       0
       2
       1
       2
       1
       2
       2
       0
       4
       1
       5
       2
       4
       1
       3
       3
       5
       5
       2
       1
       4
       1
       1
       1
       2
       1
       4
       4
       0
       5
       2
       4
       1
       2
       2
       3
       4
       2
       3
       2
       3
       3
       1
       4
       1
       2
       4
       2
       4
       4
       4
       4
       1
       2
       2
       5
       2
       2
       0
       0
       2
       3
       1
       1
       2
       3
       4
       2
       1
       1
       2
       6
       2
       2
       0
       2
       2
       1
       8
       4
       2
       4
       1
       7
       2
       9
       5
       7
       1
       5
       8
       4
       5
       7
       5
       6
       4
       7
       5
       8
       2
       6
       5
       3
       3
       3
       7
       2
      11
       4
       5
       1
       3
       4
       2
       4
       3
       1
       0
       4
       8
       2
       2
       5
       4
       1
       1
       2
       2
       1
       3
       3
       4
       2
       1
       2
       5
       1
       0
       3
       1
       1
       0
       5
       2
       0
       3
       5
       1
       0
       4
       5
       0
       1
       5
       1
       2
       1
       5
       1
       3
       4
       2
       1
       0
       2
       2
       3
       2
       0
       2
       2
       4
       2
       2
       3
       1
       1
       2
       1
       1
       5
       5
       2
       3
       2
       1
       2
       5
       3
       4
       2
       3
       3
       4
       0
       5
       1
       2
       7
       4
       2
       1
       1
       3
       1
       1
       0
       3
       2
       2
       4
       2
       1
       2
       0
       1
       4
       5
       0
       2
       4
       4
       4
       1
       0
       3
       2
       0
       2
       2
       3
       3
       4
       2
       2
       1
       0
       5
       2
       2
       2
       3
       2
       1
       2
       1
       2
       3
       1
       3
       2
       3
       0
       0
       4
       2
       1
       3
       1
       1
       1
       0
       0
       1
       2
       3
       1
       1
       3
       1
       5
       5
       1
       1
       0
       0
       1
       1
       0
       4
       3
       3
       2
       2
       2
       0
       2
       1
       3
       3
       1
       2
       1
       1
       2
       5
       1
       4
       2
       1
       3
       2
       1
       2
       1
       5
       1
       0
       1
       2
       4
       4
       8
       1
       1
       1
       1
       3
       3
       3
       3
       2
       0
       1
       3
       2
       3
       1
       2
       2
       1
       0
       2
       0
       5
       0
       6
       1
       1
       2
       0
       3
       4
       0
       0
       1
       3
       4
       2
       0
       0
       0
       2
       2
       3
       0
       2
       2
       3
       0
       1
       4
       0
       1
       2
       1
       4
       3
       2
       2
       2
       3
       1
       2
       2
       1
       2
       4
       3
       3
       0
       2
       6
       0
       4
       0
       1
       2
       5
       0
       0
       3
       3
       2
       2
       2
       2
       0
       0
       2
       1
       5
       4
       2
       1
       1
       4
       1
       0
       3
       0
       2
       1
       1
       1
       2
       3
       2
       1
       1
       1
       5
       3
       1
       1
       1
       5
       1
       4
       3
       1
       3
       4
       2
       0
       2
       1
       5
       1
       1
       1
       2
       0
       3
       6
       3
       2
       1
       1
       3
       1
       1
       4
       3
       3
       1
       4
       1
       0
       2
       4
       2
       3
       2
       1
       1
       0
       2
       2
       1
       0
       1
       2
       3
       0
       0
       0
       1
       2
       5
       4
       1
       2
       3
       2
       1
       2
       2
       2
       2
       0
       5
       0
       2
       1
       3
       1
       4
       2
       3
       1
       1
       1
       0
       5
       3
       3
       1
       2
       0
       2
       2
       3
       2
       2
       1
       0
       1
       1
       2
       3
       1
       6
       3
       0
       1
       2
       0
       0
       2
       0
       3
       2
       2
       2
       3
       2
       1
       1
       1
       5
       3
       6
       3
       2
       1
       2
       2
       1
       3
       4
       2
       0
       0
       3
       1
       3
       3
       0
       2
       3
       1
       2
       2
       2
       2
       1
       2
       1
       2
       4
       3
       0
       5
       3
       1
       2
       0
       2
       1
       2
       2
       0
       1
       6
       2
       0
       2
       0
       3
       1
       0
       2
       3
       3
       3
       1
       2
       2
       2
       1
       1
       1
       3
       1
       4
       2
       1
       1
       1
       0
       2
       2
       1
       4
       0
       1
       2
       2
       2
       0
       1
       1
       1
       2
       2
       0
       0
       1
       2
       0
       4
       4
       4
       2
       2
       3
       3
       1
       1
       2
       4
       1
       1
       1
       1
       2
       1
       1
       3
       0
       1
       2
       2
       4
       1
       0
       0
       1
       1
       2
       1
       3
       1
       2
       2
       0
       0
       1
       1
       1
       1
       2
       1
       0
       2
       1
       2
       0
       0
       0
       2
       0
       2
       1
       3
       3
       5
       2
       1
       0
       2
       1
       2
       2
       1
       2
       3
       3
       1
       3
       0
       3
       3
       1
       2
       2
       2
       1
       1
       4
       0
       0
       1
       6
       5
       1
       2
       2
       0
       3
       5
       2
       3
       1
       0
       1
       1
       6
       2
       3
       3
       1
       4
       4
       1
       3
       3
       0
       0
       3
       3
       1
       4
       3
       1
       4
       3
       2
       2
       1
       1
       0
       1
       0
       6
       0
       1
       2
       2
       1
       2
       4
       2
       0
       0
       1
       2
       1
       1
       2
       0
       3
       2
       1
       1
       0
       0
       2
       1
       3
       0
       2
       4
       1
       2
       2
       0
       2
       1
       0
       1
       4
       5
       2
       2
       2
       1
       1
       3
       4
       3
       1
       1
       2
       1
       2
       1
       3
       3
       0
       4
       1
       1
       1
       1
       0
       1
       1
       1
       1
       0
       5
       3
       1
       1
       4
       1
       3
       0
       2
       2
       0
       1
       1
       1
       1
       0
       1
       3
       3
       2
       0
       0
       2
       3
       2
       2
       3
       0
       2
       2
       2
       2
       0
       4
       1
       1
       1
       1
       2
       1
       2
       6
       3
       1
       0
       2
       1
       0
       3
       2
       0
       0
       3
       2
       1
       2
       0
       0
       0
       2
       2
       0
       1
       0
       2
       2
       6
       2
       5
       2
       5
       2
       4
       3
       0
       2
       2
       1
       2
       3
       0
       1
       2
       4
       2
       0
       3
       3
       3
       7
       0
       2
       3
       3
       2
       1
       1
       1
       0
       5
       5
       2
       2
       1
       2
       2
       1
       1
       3
       1
       4
       2
       0
       0
       2
       0
       1
       2
       2
       1
       2
       1
       3
       1
       3
       1
       5
       1
       1
       1
       3
       3
       1
       1
       2
       0
       3
       1
       4
       3
       1
       2
       0
       1
       1
       0
       4
       2
       1
       1
       2
       1
       3
       1
       1
       3
       0
       3
       1
       2
       0
       2
       1
       1
       3
       1
       1
       1
       2
       1
       2
       0
       2
       2
       1
       3
       1
       3
       1
       1
       3
       1
       1
       0
       2
       2
       2
       2
       2
       5
       0
       1
       3
       2
       1
       2
       2
       1
       2
       0
       2
       1
       4
       4
       2
       2
       1
       1
       1
       1
       1
       2
       2
       0
       1
       1
       0
       3
       3
       3
       2
       1
       0
       2
       1
       4
       4
       2
       2
       2
       3
       1
       1
       2
       1
       3
       0
       2
       2
       2
       0
       1
       1
       0
       1
       4
       2
       1
       1
       0
       3
       3
       1
       2
       0
       2
       1
       2
       3
       2
       1
       1
       2
       1
       3
       2
       2
       3
       0
       1
       1
       1
       2
       2
       3
       0
       1
       2
       2
       2
       3
       3
       0
       0
       2
       1
       1
       2
       0
       1
       5
       4
       2
       1
       1
       0
       2
       1
       2
       3
       2
       2
       2
       2
       0
       0
       1
       0
       1
       2
       3
       3
       0
       2
       1
       1
       2
       1
       3
       0
       0
       2
       0
       0
       2
       1
       0
       1
       1
       4
       0
       3
       1
       3
       1
       1
       4
       1
       0
       0
       0
       3
       2
       1
       2
       3
       0
       3
       1
       2
       1
       2
       1
       3
       0
       1
       2
       3
       1
       4
       1
       1
       1
       1
       4
       2
       2
       3
       2
       3
       2
       0
       1
       3
       2
       3
       0
       1
       2
       1
       3
       2
       0
       1
       3
       0
       1
       1
       0
       1
       3
       1
       1
       2
       1
       2
       1
       2
       2
       3
       2
       3
       2
       8
       0
       3
       1
       1
       1
       2
       5
       3
       0
       2
       0
       0
       2
       1
       3
       3
       0
       0
       3
       2
       2
       2
       3
       1
       1
       0
       2
       3
       0
       0
       3
       2
       2
       1
       1
       2
       2
       3
       0
       0
       2
       1
       1
       1
       2
       0
       2
       2
       3
       0
       2
       3
       0
       0
       0
       1
       0
       4
       3
       2
       3
       2
       0
       2
       2
       2
       1
       0
       1
       2
       3
       0
       1
       0
       0
       0
       3
       1
       4
       1
       2
       3
       1
       2
       1
       3
       1
       5
       1
       0
       1
       3
       1
       2
       0
       3
       0
       0
       0
       1
       3
       2
       2
       1
       1
       1
       2
       1
       0
       3
       5
       1
       1
       1
       0
       0
       3
       0
       1
       2
       1
       2
       1
       1
       1
       4
       2
       0
       1
       0
       3
       3
       4
       0
       2
       1
       1
       3
       0
       3
       1
       0
       1
       2
       0
       3
       1
       0
       2
       2
       3
       3
       2
       0
       3
       1
       1
       2
       2
       3
       1
       0
       2
       1
       2
       2
       0
       0
       2
       1
       3
       2
       4
       1
       3
       2
       1
       0
       2
       3
       1
       1
       0
       1
       0
       1
       0
       0
       2
       0
       0
       3
       1
       2
       3
       0
       2
       1
       2
       0
       3
       0
       0
       0
       0
       2
       2
       0
       1
       2
       4
       1
       0
       0
       0
       0
       0
       6
       0
       0
       4
       0
       6
       0
       1
       2
       2
       0
       1
       1
       1
       1
       1
       3
       3
       2
       2
       1
       0
       0
       0
       0
       1
       2
       1
       5
       0
       1
       1
       3
       4
       0
       1
       2
       2
       2
       1
       1
       4
       1
       0
       0
       0
       4
       3
       2
       1
       1
       0
       1
       1
       0
       3
       0
       2
       2
       2
       0
       3
       0
       1
       0
       0
       2
       3
       0
       0
       0
       1
       2
       2
       0
       2
       0
       1
       2
       1
       1
       0
       2
       1
       1
       0
       1
       0
       1
       2
       2
       0
       1
       4
       0
       1
       3
       1
       1
       1
       3
       3
       0
       4
       1
       2
       1
       1
       2
       1
       2
       2
       4
       2
       2
       4
       5
       4
       4
       4
       5
       5
       1
       4
       2
       0
       0
       2
       2
       7
       4
       2
       5
       4
       1
       1
       3
       3
       3
       1
       2
       2
       0
       2
       1
       1
       5
       0
       1
       2
       1
       0
       1
       1
       1
       1
       1
       3
       2
       0
       0
       0
       0
       3
       1
       1
       0
       4
       1
       1
       1
       2
       0
       1
       2
       2
       2
       2
       0
       2
       1
       1
       1
       1
       1
       0
       0
       1
       1
       0
       2
       1
       1
       1
       0
       1
       2
       0
       2
       2
       1
       1
       2
       1
       1
       0
       1
       2
       1
       2
       0
       2
       3
       2
       2
       2
       2
       0
       1
       3
       2
       1
       3
       2
       4
       1
       1
       1
       1
       0
       4
       0
       1
       1
       1
       0
       2
       2
       1
       0
       4
       2
       2
       1
       1
       2
       0
       0
       2
       3
       0
       0
       0
       3
       1
       4
       1
       2
       1
       1
       2
       1
       3
       1
       0
       1
       0
       2
       1
       1
       5
       2
       1
       0
       2
       0
       0
       2
       0
       1
       5
       3
       2
       1
       1
       0
       2
       0
       2
       2
       1
       0
       2
       0
       0
       1
       1
       1
       2
       4
       1
       0
       1
       2
       3
       1
       0
       3
       3
       1
       3
       3
       3
       1
       0
       1
       1
       3
       2
       0
       2
       2
       4
       1
       4
       1
       1
       0
       0
       3
       1
       2
       1
       1
       3
       3
       2
       1
       0
       1
       1
       0
       0
       3
       0
       0
       0
       1
       1
       3
       0
       1
       3
       3
       3
       0
       1
       1
       1
       3
       0
       0
       0
       2
       0
       1
       2
       1
       2
       2
       1
       0
       1
       0
       1
       1
       1
       2
       1
       2
       0
       3
       1
       0
       0
       3
       0
       0
       1
       1
       0
       3
       0
       0
       3
       4
       0
       2
       1
       0
       2
       0
       2
       1
       2
       1
       2
       1
       0
       4
       0
       0
       1
       0
       1
       2
       0
       1
       4
       1
       1
       0
       0
       2
       0
       0
       1
       1
       2
       1
       0
       2
       1
       1
       0
       0
       1
       1
       0
       1
       2
       1
       0
       0
       1
       2
       2
       1
       3
       1
       3
       1
       4
       0
       1
       0
       0
       1
       0
       1
       3
       1
       0
       2
       4
       0
       1
       1
       1
       1
       0
       3
       2
       1
       0
       1
       5
       2
       1
       0
       0
       1
       0
       0
       1
       0
       1
       0
       0
       1
       0
       1
       1
       0
       1
       1
       2
       0
       0
       1
       1
       3
       0
       1
       0
       0
       0
       0
       0
       0
       0
       0
       0
       0
       0
       0
       0
       0
       0
       0
       0
       0
       0
       0
       0
       0
       0
       0
       0
       0
       0
       0
       0
       0
       0
       0
       0
       0
       0
       0
       0
       0
       0
       0
       0
       0
       0
       0
       0
       0
       0
       0
       0
       0
       0
       0
       0
       0
       0
       0
       0
       0
       0
       0
       0
       0
       0
       0
       0
       0
       0
       0
       0
       0
       0
       0
       0
       0
       0
       0
       0
       0
       0
       0
       0
       0
       0
       0
       0
       0
       0
       0
       0
       0
       0
       0
       0
       0
       0
       0
       0
       0
       0
       0
       0
       0
       0
       0
       0
       0
       0
       0
       0
       0
       0
       0
       0
       0
       0
       0
       0
       0
       0
       0
       0
       0
       0
       0
       0
       0
       0
       0
$ROI:
1
1498 1607
$PRESETS:
None
0
0
$ENER_FIT:
0.000000 0.038418
$MCA_CAL:
3
0.000000E+000 3.841826E-002 0.000000E+000 keV
$SHAPE_CAL:
3
2.170678E+001 0.000000E+000 0.000000E+000
