$SPEC_ID:
No sample description was entered.
$SPEC_REM:
DET# 1
DETDESC# DESKTOP-PNQJTCJ Easy-MCA-8k SN 09161357
AP# Maestro Version 7.01
$DATE_MEA:
03/10/2017 08:48:11
$MEAS_TIM:
39 124
$DATA:
0 8191
       0
       0
       0
       0
       0
       0
       0
       0
       0
       0
       0
       0
       0
       0
       0
       0
       0
       0
       0
       0
       0
       0
       0
       0
       0
       0
       0
       0
       0
       0
       0
      51
     620
    2124
    3904
    5585
    6251
    6458
    6760
    6630
    6792
    7641
   14145
   21695
    7682
    6652
    6357
    4786
    2841
    1327
     805
     503
     374
     291
     254
     209
     183
     156
     139
     135
     104
      88
      64
      62
      51
      38
      33
      39
      34
      23
      33
      26
      16
      16
      15
      15
      12
      12
      11
      11
      12
      14
       5
      11
      10
      12
       4
      15
       5
      11
      13
       9
       7
      15
      12
       6
       7
       5
      10
      15
       5
      14
      12
       7
      11
      12
       7
       9
       6
       9
      13
       7
       7
       7
       8
       6
       8
      10
      15
       7
       4
      10
       8
      11
       5
       9
       8
       4
      11
      13
       5
       7
       7
       9
       4
       4
      11
       8
       9
      11
      14
      16
       8
      13
       8
       8
      16
      10
       9
      10
      15
      11
       9
      16
      12
      14
       5
      13
       9
      12
      11
      15
       9
      12
       9
      14
      10
      11
      12
      13
      15
       8
       7
       9
      11
      13
       8
       9
       6
      10
      13
      14
      11
      10
       8
       6
      11
       7
       5
      14
      10
       9
       8
       7
      14
       8
      13
       6
      10
       8
       9
      12
      11
      16
       5
       8
       7
      15
       7
      10
      12
      10
       6
      13
       2
      11
       6
      11
       7
       4
       5
       8
      14
       8
       7
      13
      13
      12
       7
      10
       7
      16
       9
       6
      13
       9
      12
       9
      10
       8
       9
      11
       7
       8
      20
      13
       7
       6
       8
      12
       9
       8
      10
      15
       9
      11
      14
       9
      11
       5
       6
       9
      10
       8
       7
       9
      10
      17
      14
       8
      11
      11
       7
      13
      13
      20
      12
      13
      12
       8
      17
       8
      16
      14
       8
      13
      16
      11
      13
      14
       7
       7
      16
      15
      12
      13
      14
      11
      19
      10
       6
      11
       7
      17
       9
      12
      13
       8
      18
      12
      13
      13
      11
      10
       8
      20
      15
      18
      17
      14
      17
      16
      13
      16
       6
      18
      10
       8
      25
      15
      19
      10
      20
       9
       9
      16
      17
      16
      10
      13
      16
      10
      20
      15
      10
      15
      18
      18
      20
      21
      18
      18
      13
      12
      17
      17
      18
      21
      19
      15
      15
      12
      18
      13
      18
      15
      18
      15
      19
      20
      14
      28
      15
      10
      21
      20
      14
      20
      15
      20
      11
      17
      16
      23
      19
      21
      23
      18
      23
       9
      26
      23
      25
      19
      27
      23
      28
      26
      25
      15
      20
      19
      19
      29
      21
      20
      25
      21
      19
      24
      21
      25
      26
      18
      23
      18
      19
      22
      26
      17
      17
      20
      23
      22
      16
      26
      21
      18
      16
      21
      24
      21
      18
      18
      14
      20
      21
      18
      25
      23
      23
      16
      27
      18
      22
      10
      13
      19
      18
      20
      24
      20
      25
      27
      22
      16
      22
      16
      18
      19
      21
      20
      22
      25
      15
      21
      20
      21
      11
      26
      16
      17
      16
      24
      13
      14
      26
      20
      25
      23
      19
      26
      17
      12
      25
      29
      19
      23
      29
      16
      25
      22
      13
      19
      28
      25
      18
      22
      18
      25
      21
      19
      20
      18
      22
      23
      26
      24
      20
      19
      24
      26
      27
      22
      22
      16
      27
       8
      20
      26
      25
      23
      20
      24
      25
      24
      28
      21
      20
      23
      21
      22
      17
      21
      24
      15
      20
      22
      23
      20
      19
      18
      24
      22
      22
      25
      11
      30
      16
      10
      17
      18
      22
      20
      22
      14
      22
      27
      24
      21
      24
      25
      27
      20
      22
      20
      17
      12
      15
      22
      21
      19
      17
      12
      20
      13
      23
      14
      19
      14
      22
      18
      19
      18
      18
       9
      20
      16
      23
      16
      19
      15
      17
      13
      11
      19
      15
      13
      13
      14
      12
      17
      11
      14
      15
      12
      11
      20
      16
      15
      15
      15
      13
      17
      16
      25
      13
      17
      16
      11
      16
      15
      18
      19
      15
      21
      22
      25
      16
      12
      12
      11
      25
      21
      22
      11
      18
      24
      15
      23
      19
      16
      19
      18
      11
      22
      20
      19
      18
      17
      22
      25
      17
      22
      15
      16
      16
      24
      20
      23
      16
      21
      15
      18
      17
      19
      24
      23
      27
      30
      16
      26
      13
      28
      25
      18
      19
      19
      30
      26
      33
      28
      18
      24
      29
      22
      21
      15
      19
      23
      37
      33
      26
      20
      27
      28
      25
      26
      31
      21
      36
      34
      26
      34
      30
      36
      32
      29
      31
      53
      54
      33
      48
      36
      41
      54
      37
      44
      40
      37
      57
      52
      57
      60
      43
      61
      50
      54
      54
      59
      52
      54
      62
      66
      43
      62
      71
      78
      47
      58
      68
      67
      60
      57
      56
      64
      52
      58
      37
      41
      58
      39
      39
      50
      39
      42
      30
      35
      36
      38
      44
      45
      29
      36
      24
      27
      30
      32
      27
      24
      18
      24
      25
      21
      17
      14
      11
      27
       9
      17
      13
      16
      12
      14
      13
      18
      13
      15
      11
      13
      15
       8
       9
      11
       7
      10
      10
       9
       6
       9
       8
      14
      11
       7
       9
       9
      11
      12
      16
       8
       9
      10
      12
       4
      10
       8
      10
      15
       8
      10
      11
      11
      15
      11
      10
      10
      18
      13
      18
      12
       9
      13
      20
      11
      10
       8
      18
      11
      19
      11
      15
      14
      18
      13
      10
      25
      18
      19
      11
      20
      17
      16
      22
      17
      16
       7
      15
      14
      13
      13
      21
      18
      15
      16
      16
      24
      22
      20
      17
      26
      14
      15
      16
      15
      17
      16
      22
      18
      20
      14
      16
      18
      22
      18
      18
      23
      15
      23
      27
      30
      32
      25
      31
      26
      25
      22
      26
      33
      30
      20
      35
      26
      32
      19
      30
      34
      30
      31
      25
      27
      28
      19
      23
      22
      21
      28
      22
      28
      28
      22
      19
      28
       9
      20
      20
      23
      26
      28
      26
      19
      18
      21
      15
      15
      17
      12
      16
      16
      24
      11
      17
       6
      13
      14
      16
      12
      12
       8
       8
       6
       9
       9
       4
      11
      10
       7
       8
       7
       8
       6
      13
      12
      16
      14
       8
       6
       7
       6
      10
       4
       9
       9
       5
       8
       8
       7
       7
       9
       7
       7
       3
       6
       4
       5
       8
       8
       7
       9
       6
       6
       9
       8
       8
       5
       6
       6
       6
      11
       4
       8
      10
       6
       7
      11
       8
       5
      15
       7
       5
       7
      10
       6
       7
       9
      16
      11
      13
       3
       8
       5
       9
       8
       8
      11
      10
       8
      13
      15
      10
       9
      11
      20
       8
       9
      11
      16
      15
      15
      13
      17
      15
      11
       9
      16
      17
      18
      19
      18
       7
      17
      17
      23
      18
      18
      17
      17
      18
      20
      17
      21
      23
      31
      23
      21
      20
      37
      47
      34
      28
      35
      21
      18
      22
      32
      40
      35
      28
      25
      30
      22
      37
      34
      26
      38
      29
      44
      43
      30
      39
      28
      31
      33
      34
      36
      38
      28
      34
      34
      30
      41
      32
      39
      36
      38
      38
      27
      38
      33
      39
      42
      37
      29
      37
      40
      51
      48
      38
      43
      44
      46
      36
      50
      55
      35
      35
      55
      52
      57
      64
      59
      54
      55
      65
      70
      81
      59
      61
      66
      64
      67
      61
      70
      61
      67
      63
      72
      56
      71
      64
      73
      69
      61
      78
      66
      66
      63
      59
      61
      56
      61
      56
      46
      83
      63
      67
      45
      59
      60
      49
      64
      53
      71
      66
      69
      66
      58
      61
      58
      59
      61
      59
      58
      63
      58
      70
      65
      73
      59
      89
      85
      81
      81
      82
      88
      85
      94
      91
     115
     117
     144
     134
     132
     142
     177
     163
     160
     176
     168
     179
     204
     192
     245
     244
     234
     256
     300
     271
     301
     326
     338
     348
     383
     394
     397
     447
     422
     469
     460
     506
     542
     564
     542
     593
     587
     613
     639
     623
     614
     711
     692
     764
     765
     742
     781
     760
     763
     800
     745
     813
     769
     804
     804
     747
     804
     815
     780
     796
     720
     687
     761
     681
     699
     648
     632
     631
     629
     583
     511
     540
     523
     526
     481
     470
     460
     433
     448
     419
     399
     387
     352
     274
     255
     240
     260
     226
     230
     234
     227
     194
     172
     150
     153
     118
     128
     138
     115
      97
     102
      98
     102
      91
      74
      74
      68
      69
      74
      57
      59
      65
      46
      61
      52
      42
      41
      47
      56
      51
      45
      52
      51
      46
      53
      52
      52
      52
      41
      50
      61
      51
      62
      64
      59
      56
      64
      64
      57
      55
      73
      65
      65
      76
      73
      86
      92
      62
      81
      65
      96
     102
      95
      84
     107
     110
     107
     110
     125
     102
     106
     124
     117
     115
     128
     173
     135
     139
     126
     150
     147
     127
     133
     137
     147
     164
     137
     141
     152
     164
     166
     162
     156
     173
     173
     157
     182
     198
     198
     203
     209
     189
     231
     206
     211
     209
     211
     202
     240
     223
     204
     227
     248
     270
     253
     277
     251
     269
     242
     254
     299
     284
     268
     285
     274
     281
     282
     325
     293
     280
     276
     248
     291
     281
     287
     272
     244
     248
     224
     244
     253
     219
     209
     234
     202
     233
     173
     201
     169
     194
     189
     184
     182
     150
     150
     137
     137
     128
     128
     111
     105
      85
      94
      90
      76
      98
      76
      87
      71
      65
      61
      69
      53
      63
      63
      43
      46
      47
      32
      40
      31
      29
      33
      33
      21
      22
      17
      21
      21
      23
      17
      20
      18
      19
      12
      12
      10
      12
      11
       8
      11
      15
      10
       7
      12
      12
      13
       8
       6
       2
       7
       4
      11
       6
       8
       8
       5
       6
       3
       9
       6
       3
       4
       5
       9
       5
       5
       5
       5
       0
       3
       5
       5
       4
       8
       3
      10
       4
       4
       5
       8
       7
       8
       7
      12
       7
       9
       7
       3
       9
       4
       8
       4
       5
       8
       8
       5
       8
       4
       7
       5
      11
       6
       6
       2
       5
       8
       2
      15
       7
       5
       8
       3
       7
       4
       4
       6
       7
      10
       3
       5
       5
       4
       5
       6
       7
       2
       6
       4
       3
       6
       5
       5
       7
      12
       4
       3
      15
       6
      10
       4
       5
       6
       8
       4
       7
       7
       7
       2
       7
       5
       7
       9
       8
       3
       5
       9
      13
       8
       9
       6
       6
       6
       9
       4
       8
       5
       7
       8
       7
       7
       6
      12
       8
      14
      11
       5
       4
      14
      13
      12
       9
       6
       5
      10
      11
      16
      11
       9
       9
      12
       6
       8
      21
      15
      12
      13
      10
      10
      14
      13
      12
      17
      14
      14
      16
      17
       8
      19
      18
      11
      15
      13
      20
       9
      12
      23
      13
      11
      12
      15
      14
      20
      14
      18
      13
      14
      19
      13
      20
      21
      18
      12
      16
      13
      19
      14
      15
       9
      12
      18
      13
      14
      10
      19
      13
      11
      13
      14
      15
      12
      18
      15
      13
       7
      15
      11
      12
      16
      20
      14
      13
      12
      17
      10
      17
       9
      14
      19
      16
      11
      16
      14
      13
      15
      14
      15
      28
      14
      16
      15
      15
      17
      19
      21
      15
      18
      12
      24
      14
      15
      11
      14
      17
      13
      15
      18
       8
      16
      14
      15
      15
      11
       9
       8
      13
      12
      10
       8
      11
      13
      22
       7
       3
       7
      11
      11
       6
      11
       7
       8
       8
       6
      13
       9
       8
      11
       7
       6
       8
       7
       9
      16
       9
       8
      10
       9
      10
       8
       5
       5
       5
      10
      11
       9
      11
       6
      10
      10
      10
       3
      12
      11
      11
      12
       5
      11
      10
       8
      15
       5
      12
       8
       7
       9
      11
       8
      13
       5
      13
       7
       2
       8
       6
       5
       9
       9
       6
      11
      16
       9
       7
       5
       8
       9
       7
       7
      14
       9
      10
       8
      14
      11
       4
       7
       8
      11
      13
       7
       9
       8
      10
       9
       4
       9
       5
       6
       7
      10
       9
       8
      11
       6
       8
       8
       7
      14
      15
       8
      12
       9
      13
       8
       6
      11
      10
       6
      10
      16
      11
      15
      18
      13
      12
       9
      11
      11
       6
       8
      13
      16
      10
      10
       7
       9
       8
      10
      15
      14
      13
      17
      14
       6
       9
      12
      11
       8
      15
      13
       7
      10
      12
       7
      13
       9
       5
       6
      14
       9
      10
       8
      10
      14
      10
      18
      10
       8
      11
      15
      12
      11
      10
      10
      18
      13
      14
       9
       9
       7
      12
      13
       8
      13
      13
      12
       7
      17
      10
       9
      11
      14
      13
      15
      15
      13
      13
       6
      18
       8
      10
       8
      13
       4
       9
      16
       9
      12
      14
      12
      12
      11
      13
      12
       8
       9
      11
       8
      15
      14
      18
       6
      10
      16
      10
      26
      10
      17
      14
      12
      18
      13
      18
      15
      17
      12
      13
      18
      16
      10
      16
      19
      17
      19
      22
      17
      17
      16
      14
      14
      16
      16
      10
      19
      16
      16
      13
      14
      18
      16
      17
      17
       9
      17
      21
      16
      14
      19
      19
      15
      13
      17
      16
      14
      23
      20
      15
      13
      15
      16
      22
      19
      21
      20
      18
      16
      11
      20
      24
      10
      20
      23
      17
      24
      15
      17
      23
      16
      13
      18
      11
      11
      17
      22
      24
      21
      23
      23
      18
      14
      24
      14
      24
      14
      24
      22
      19
      19
      26
      22
      26
      18
      16
      21
      22
      19
      30
      15
      28
      26
      17
      29
      27
      25
      26
      23
      18
      29
      30
      30
      33
      24
      19
      22
      17
      18
      17
      16
      21
      22
      25
      24
      27
      21
      28
      21
      24
      22
      31
      27
      29
      25
      23
      21
      27
      20
      28
      29
      25
      26
      30
      36
      18
      25
      27
      25
      32
      22
      30
      28
      26
      26
      33
      28
      25
      26
      26
      37
      28
      29
      31
      26
      29
      25
      21
      27
      38
      19
      19
      28
      35
      29
      37
      32
      35
      17
      30
      21
      28
      40
      20
      34
      46
      26
      35
      44
      33
      32
      27
      36
      36
      31
      25
      30
      30
      38
      30
      36
      35
      32
      33
      35
      47
      34
      32
      30
      37
      31
      33
      31
      35
      31
      51
      38
      38
      34
      41
      38
      38
      43
      42
      36
      42
      35
      43
      40
      48
      37
      35
      49
      49
      39
      54
      38
      44
      48
      42
      49
      46
      55
      59
      34
      51
      56
      44
      48
      42
      50
      54
      39
      29
      41
      55
      35
      51
      41
      55
      47
      46
      65
      44
      61
      53
      36
      43
      49
      49
      49
      50
      59
      46
      61
      56
      52
      76
      58
      54
      59
      54
      51
      49
      49
      53
      55
      62
      57
      62
      65
      59
      61
      44
      65
      57
      58
      59
      63
      52
      53
      46
      53
      50
      44
      58
      66
      56
      49
      48
      56
      52
      54
      48
      53
      59
      61
      48
      49
      54
      56
      61
      59
      50
      54
      58
      53
      48
      52
      56
      69
      62
      57
      62
      78
      61
      62
      64
      49
      67
      60
      49
      53
      81
      60
      55
      52
      62
      68
      61
      63
      65
      56
      58
      47
      70
      54
      45
      59
      83
      67
      64
      72
      67
      55
      63
      69
      53
      66
      47
      82
      74
      52
      81
      57
      75
      53
      67
      80
      85
      56
      54
      77
      78
      63
      60
      86
      67
      68
      75
      84
      77
      66
      76
      59
      66
      80
      72
      78
      57
      82
      75
      89
      89
      80
      64
      68
      87
      91
      81
      69
      85
      87
      80
      80
      92
      84
      76
      95
      87
      90
      68
      85
      88
      73
      99
     104
      94
      69
      76
      73
      86
      93
      89
      98
      74
      94
      99
      88
     111
      97
      87
      77
     101
      97
     100
     117
      96
      91
     109
      77
      94
     130
     106
      99
      98
      79
     105
      98
     100
     113
     112
     107
     103
      93
     101
     106
     113
     100
     112
     125
     117
     150
     111
     107
     120
     137
     126
     147
     118
     139
     111
     136
     124
     121
      94
     134
     114
     131
     133
     144
     119
     139
     135
     133
     128
     140
     139
     131
     137
     163
     147
     148
     150
     138
     157
     161
     180
     164
     182
     179
     153
     167
     171
     148
     169
     172
     214
     173
     194
     200
     185
     191
     197
     175
     209
     179
     203
     198
     208
     196
     258
     193
     230
     243
     217
     249
     212
     225
     217
     244
     230
     246
     233
     243
     235
     269
     250
     221
     250
     257
     241
     257
     262
     277
     242
     269
     263
     291
     269
     295
     320
     303
     307
     288
     284
     309
     304
     295
     318
     340
     314
     340
     326
     293
     327
     323
     291
     320
     328
     356
     310
     329
     370
     358
     354
     336
     360
     337
     373
     359
     379
     349
     352
     368
     345
     379
     363
     357
     355
     357
     353
     362
     355
     378
     377
     392
     342
     392
     307
     353
     350
     344
     361
     344
     379
     356
     386
     330
     328
     360
     352
     336
     363
     340
     363
     353
     312
     322
     357
     343
     362
     355
     320
     342
     353
     350
     321
     352
     326
     353
     341
     340
     298
     330
     343
     326
     347
     352
     339
     339
     331
     369
     324
     347
     339
     347
     319
     321
     337
     354
     340
     316
     331
     358
     356
     329
     316
     344
     345
     354
     331
     328
     311
     350
     399
     350
     351
     352
     319
     356
     331
     320
     342
     353
     379
     358
     318
     341
     357
     343
     336
     332
     344
     348
     340
     322
     347
     356
     349
     352
     352
     335
     385
     377
     335
     311
     337
     350
     364
     351
     350
     316
     377
     362
     343
     352
     345
     335
     323
     345
     343
     305
     315
     327
     359
     324
     313
     345
     337
     314
     322
     340
     333
     353
     346
     302
     371
     337
     326
     331
     314
     285
     303
     330
     322
     340
     307
     294
     354
     333
     331
     335
     308
     317
     321
     351
     324
     319
     333
     323
     312
     311
     287
     300
     339
     247
     334
     320
     313
     288
     302
     308
     300
     284
     321
     318
     299
     305
     278
     276
     294
     267
     285
     310
     296
     283
     286
     300
     290
     317
     304
     262
     268
     283
     300
     319
     293
     276
     269
     313
     300
     317
     262
     286
     290
     271
     285
     283
     294
     282
     294
     277
     307
     279
     275
     318
     286
     302
     288
     289
     275
     263
     282
     269
     281
     298
     259
     279
     269
     278
     289
     277
     289
     279
     301
     252
     278
     287
     322
     275
     265
     278
     303
     287
     303
     259
     248
     266
     263
     292
     260
     256
     262
     283
     298
     258
     260
     267
     281
     296
     304
     238
     264
     254
     266
     270
     276
     282
     258
     272
     265
     265
     292
     255
     245
     273
     283
     268
     273
     271
     307
     242
     268
     255
     266
     280
     277
     250
     263
     252
     270
     281
     286
     254
     283
     267
     248
     277
     273
     276
     268
     268
     279
     251
     298
     314
     274
     250
     266
     280
     265
     264
     287
     256
     279
     287
     274
     289
     285
     277
     289
     246
     272
     249
     237
     249
     266
     261
     254
     225
     270
     272
     287
     242
     270
     291
     252
     271
     280
     278
     265
     267
     274
     253
     299
     290
     288
     275
     261
     226
     261
     264
     256
     256
     278
     304
     276
     264
     271
     290
     238
     276
     269
     288
     270
     288
     269
     270
     269
     276
     290
     280
     269
     277
     306
     292
     266
     307
     277
     272
     287
     276
     274
     272
     270
     298
     307
     302
     283
     301
     302
     293
     307
     309
     317
     312
     312
     343
     320
     329
     290
     346
     335
     335
     321
     319
     331
     348
     351
     366
     390
     375
     357
     382
     401
     432
     406
     386
     396
     365
     422
     418
     459
     436
     473
     450
     498
     487
     523
     526
     546
     518
     583
     534
     601
     636
     657
     709
     686
     708
     688
     797
     789
     828
     809
     877
     999
     994
     968
    1035
    1074
    1139
    1247
    1302
    1326
    1378
    1492
    1516
    1609
    1706
    1693
    1911
    1955
    2080
    2138
    2327
    2456
    2521
    2653
    2968
    3075
    3273
    3372
    3623
    3828
    3903
    3970
    4400
    4581
    4751
    5046
    5232
    5504
    5793
    6067
    6369
    6513
    6727
    7027
    7387
    7449
    7697
    7942
    8406
    8576
    8762
    8917
    9224
    9420
    9361
    9502
    9905
    9938
   10030
   10022
   10336
   10212
   10258
   10260
   10273
   10091
   10139
   10099
   10092
    9919
    9872
    9624
    9388
    9293
    9095
    8771
    8555
    8225
    7995
    7682
    7541
    7210
    6867
    6540
    6426
    5876
    5704
    5461
    5017
    4896
    4549
    4343
    4011
    3781
    3545
    3389
    3088
    2851
    2475
    2353
    2181
    2134
    1836
    1728
    1569
    1423
    1298
    1220
    1012
     975
     881
     829
     678
     616
     568
     508
     425
     387
     378
     296
     288
     231
     248
     206
     182
     151
     124
     106
      97
      96
      80
      78
      73
      71
      76
      51
      47
      50
      48
      45
      41
      41
      41
      26
      31
      32
      29
      27
      34
      34
      27
      28
      33
      31
      27
      32
      30
      21
      33
      27
      27
      28
      36
      37
      19
      24
      25
      34
      32
      28
      29
      21
      30
      30
      35
      26
      31
      26
      37
      32
      31
      34
      25
      29
      19
      19
      23
      22
      28
      20
      32
      26
      21
      32
      30
      22
      30
      17
      31
      27
      24
      18
      26
      39
      24
      28
      31
      29
      24
      24
      32
      16
      18
      32
      30
      22
      27
      25
      32
      24
      35
      29
      18
      28
      27
      35
      42
      25
      20
      26
      18
      20
      21
      29
      33
      39
      32
      28
      28
      30
      25
      26
      25
      29
      30
      29
      28
      24
      17
      24
      20
      24
      27
      33
      25
      31
      31
      33
      29
      34
      35
      28
      25
      31
      23
      26
      18
      23
      31
      24
      19
      19
      31
      26
      41
      30
      27
      26
      32
      26
      31
      33
      17
      29
      31
      26
      27
      34
      28
      22
      31
      33
      23
      28
      33
      32
      26
      32
      28
      30
      27
      23
      37
      22
      32
      28
      33
      37
      31
      27
      32
      38
      24
      23
      29
      40
      37
      44
      42
      31
      39
      24
      35
      34
      28
      36
      34
      27
      41
      27
      34
      39
      47
      22
      32
      20
      36
      36
      40
      39
      40
      46
      36
      39
      32
      38
      31
      33
      37
      39
      28
      43
      36
      33
      30
      43
      39
      36
      41
      33
      33
      30
      37
      32
      36
      34
      45
      49
      29
      32
      31
      31
      41
      29
      41
      27
      29
      38
      48
      27
      35
      41
      34
      29
      41
      32
      35
      39
      43
      42
      49
      29
      41
      36
      33
      39
      30
      30
      35
      31
      42
      41
      35
      35
      51
      31
      33
      29
      39
      29
      36
      41
      48
      35
      41
      39
      30
      38
      30
      40
      36
      30
      33
      29
      35
      26
      31
      32
      30
      41
      42
      46
      33
      46
      46
      39
      37
      34
      32
      40
      38
      43
      35
      37
      34
      47
      39
      29
      29
      24
      36
      33
      32
      39
      37
      54
      40
      32
      34
      44
      32
      46
      36
      49
      46
      42
      51
      37
      35
      33
      37
      34
      36
      38
      35
      36
      43
      38
      44
      40
      38
      34
      26
      40
      40
      46
      39
      34
      41
      29
      31
      46
      36
      43
      35
      42
      43
      29
      42
      46
      38
      41
      43
      38
      31
      51
      20
      36
      42
      43
      43
      41
      28
      41
      29
      39
      51
      33
      38
      33
      41
      47
      35
      43
      28
      44
      35
      29
      40
      40
      49
      47
      46
      50
      38
      41
      30
      49
      56
      39
      30
      43
      38
      37
      37
      37
      40
      32
      41
      39
      41
      42
      39
      39
      38
      54
      38
      45
      33
      43
      34
      26
      41
      38
      34
      36
      31
      48
      38
      38
      46
      46
      32
      45
      32
      51
      42
      37
      44
      41
      42
      33
      34
      41
      37
      44
      45
      37
      39
      47
      47
      27
      40
      40
      44
      44
      53
      39
      32
      37
      48
      36
      36
      40
      37
      55
      42
      42
      38
      57
      39
      34
      50
      41
      48
      42
      48
      47
      39
      42
      34
      41
      45
      36
      41
      61
      51
      50
      41
      38
      44
      39
      41
      39
      25
      44
      40
      32
      37
      41
      44
      42
      44
      58
      41
      49
      47
      44
      45
      48
      36
      43
      36
      44
      52
      42
      29
      38
      52
      47
      36
      39
      40
      46
      48
      38
      41
      42
      50
      41
      44
      42
      51
      45
      40
      38
      34
      39
      59
      61
      41
      48
      43
      40
      47
      42
      54
      34
      43
      52
      54
      39
      45
      46
      45
      44
      61
      49
      39
      43
      48
      47
      47
      37
      55
      44
      43
      49
      47
      51
      46
      49
      43
      45
      58
      54
      57
      56
      53
      44
      45
      51
      48
      57
      66
      47
      43
      48
      50
      54
      57
      51
      60
      38
      45
      66
      39
      55
      39
      44
      42
      47
      42
      53
      50
      48
      48
      53
      66
      54
      54
      41
      62
      42
      45
      54
      48
      44
      43
      47
      49
      48
      52
      58
      48
      58
      40
      53
      47
      54
      54
      63
      57
      62
      55
      56
      61
      61
      66
      60
      54
      59
      50
      57
      53
      64
      54
      55
      61
      54
      50
      59
      70
      61
      51
      49
      55
      57
      52
      46
      45
      54
      39
      58
      63
      45
      58
      56
      59
      71
      48
      56
      72
      53
      47
      64
      52
      68
      64
      54
      63
      42
      61
      53
      57
      61
      54
      58
      60
      63
      54
      58
      43
      68
      71
      57
      64
      53
      67
      53
      49
      66
      58
      63
      69
      80
      64
      63
      66
      59
      58
      63
      60
      58
      59
      77
      62
      56
      73
      65
      61
      73
      76
      64
      67
      80
      78
      85
      75
      64
      62
      67
      96
      70
      80
      79
      84
      70
      79
      81
      76
      87
      84
      68
      79
      91
      60
     104
      94
      87
      88
      86
      99
      82
      77
      98
      86
      91
      99
      82
      72
     102
      94
     105
      84
      80
      69
     107
      85
      78
     104
     101
     101
      87
      85
      96
      97
      89
      84
      92
      84
      69
      82
      91
      84
      98
      77
      89
      90
      83
      88
      88
      82
      83
      94
      87
     117
      83
      89
      72
     101
      91
      89
      88
      97
      86
      90
      96
      95
      74
      85
      85
      85
      77
      84
      94
      80
      81
      94
      78
      89
      77
      74
      83
      85
      76
     113
      82
      80
      80
      83
      89
      88
      89
      77
      85
      99
      97
      95
      80
      73
      84
      78
      94
      82
      77
      77
      73
      77
      89
      82
      80
     101
      80
      87
      93
      80
      98
      92
      80
      84
      96
      93
      85
      87
      80
      86
      75
      89
      82
      86
      97
      87
      82
      97
      99
      83
      81
      94
      76
      70
      94
      80
     102
      99
      72
      73
      81
      99
      81
      95
      84
      76
      87
      92
      94
      77
      99
      86
      88
      71
      92
      79
      88
      85
      93
      89
      99
      74
      67
      85
      84
      83
      75
      73
      79
      85
      97
      81
      80
      77
      92
      85
      74
      97
      88
      75
      68
      78
      78
      75
      79
      74
      76
      88
      79
      84
      91
      74
      90
      75
      82
      84
      83
      94
      95
      79
      77
      92
      85
      91
      87
      70
      92
     105
      73
      84
      87
      90
      88
      67
     103
      98
      88
      88
     107
      88
      79
      67
      85
      89
      78
      82
      84
      83
      99
      92
      92
      72
      98
      98
      86
      81
      95
      87
      82
      74
      86
      81
     103
      87
      72
      79
      92
      89
      83
     105
      80
      81
      74
      91
      74
     105
      81
      75
      79
      80
      93
      84
      78
      90
     103
      87
      91
      73
      78
      77
      91
      86
      73
      76
     105
      98
      90
      81
      95
      98
      78
      94
     101
      86
      96
     105
      83
      84
      92
      86
     109
      95
     100
     107
      88
      98
      86
      84
      90
      90
      80
      71
     105
      98
      90
      75
      99
      85
     101
      66
      81
      90
      85
      74
      82
      92
      91
      85
      94
      87
     114
      96
      85
      75
     102
      84
      99
      98
     102
      90
      69
      84
      92
      92
      90
     104
      67
      98
      81
      80
      95
      99
      83
      87
      91
      95
     113
     103
      81
      94
      99
      85
      90
     110
      84
      93
      90
      84
      82
      94
     107
      77
      97
      93
      80
      96
      89
      94
      92
      92
     105
      97
     113
     107
     120
      87
      83
      94
      99
      99
      95
      84
     114
     103
      96
     120
      88
      98
      87
     109
     115
     104
     109
      93
     101
      96
     120
     117
     120
     109
     111
     124
     120
     117
      97
     104
      82
     112
     117
      87
     110
     103
     103
     105
     123
     103
     105
     101
     113
     108
     126
      95
     104
      94
     115
     126
      95
     104
     104
      94
      99
      84
      83
      98
      93
     101
      97
      92
      97
      94
     104
      82
      95
      97
      97
      87
      85
      94
     105
      78
      87
      88
      78
      79
      90
      87
      62
      85
      68
      85
      85
      89
      77
      59
      65
      85
      93
      57
      83
      70
      64
      66
      90
      71
      65
      67
      66
      67
      64
      84
      85
      76
      70
      72
      65
      58
      71
      78
      92
      83
      61
      65
      60
      83
      75
      76
      75
      61
      57
      70
      66
      74
      85
      69
      76
      80
      75
      70
      64
      69
      81
      67
      71
      70
      76
      59
      64
      79
      45
      78
      71
      67
      56
      69
      71
      73
      78
      75
      73
      88
      80
      57
      71
      86
      67
      72
      69
      73
      83
      69
      75
      71
      76
      71
      81
      65
      80
      89
      87
      69
      79
      70
      74
      75
      92
      67
      86
      75
      81
      88
      80
      72
      62
      73
      51
      71
      68
      83
      64
      71
      80
      83
      69
      72
      69
      76
      81
      75
      61
      66
      82
      70
      85
      80
      61
      66
      82
      63
      65
      72
      75
      80
      68
      64
      65
      87
      81
      82
      68
      80
      72
      62
      83
      65
      73
      69
      77
      71
      66
      76
      74
      65
      72
      67
      61
      76
      44
      67
      77
      57
      59
      75
      66
      54
      57
      78
      59
      68
      75
      68
      54
      53
      63
      56
      76
      69
      51
      61
      58
      57
      49
      84
      62
      55
      76
      67
      77
      59
      63
      64
      70
      78
      69
      74
      59
      75
      62
      69
      56
      67
      70
      49
      48
      57
      44
      60
      64
      71
      62
      54
      80
      60
      53
      71
      61
      69
      68
      52
      51
      58
      61
      49
      62
      61
      64
      72
      60
      71
      64
      58
      58
      71
      66
      71
      60
      60
      56
      53
      61
      55
      42
      61
      61
      64
      66
      67
      57
      53
      54
      52
      66
      66
      71
      47
      86
      61
      65
      74
      71
      58
      63
      58
      72
      63
      70
      55
      61
      58
      64
      66
      69
      63
      67
      66
      63
      78
      62
      68
      53
      69
      67
      62
      67
      56
      73
      63
      66
      74
      79
      74
      65
      66
      59
      68
      56
      64
      65
      57
      66
      76
      67
      65
      66
      59
      69
      63
      66
      52
      49
      74
      57
      55
      71
      63
      62
      60
      52
      59
      67
      60
      78
      69
      83
      58
      70
      59
      63
      54
      73
      57
      57
      72
      59
      64
      71
      75
      62
      78
      63
      72
      66
      59
      61
      65
      58
      49
      61
      57
      52
      53
      53
      75
      67
      60
      59
      72
      47
      50
      59
      69
      69
      70
      64
      62
      74
      69
      62
      73
      61
      69
      69
      51
      53
      49
      47
      54
      68
      64
      59
      54
      87
      59
      57
      72
      60
      64
      51
      62
      72
      68
      65
      71
      75
      72
      51
      59
      63
      66
      76
      70
      62
      56
      64
      73
      53
      63
      72
      65
      55
      77
      72
      66
      64
      70
      72
      62
      57
      47
      54
      56
      54
      74
      76
      66
      66
      66
      72
      83
      75
      66
      61
      62
      59
      60
      76
      47
      62
      64
      70
      59
      68
      80
      59
      55
      66
      53
      60
      75
      59
      56
      62
      64
      75
      73
      80
      53
      63
      62
      59
      64
      77
      60
      66
      76
      68
      69
      60
      73
      60
      69
      75
      77
      51
      66
      59
      63
      59
      67
      56
      50
      67
      57
      64
      57
      70
      67
      74
      76
      63
      69
      66
      57
      62
      72
      65
      72
      58
      67
      72
      70
      64
      59
      63
      69
      63
      56
      74
      57
      54
      59
      61
      52
      60
      60
      54
      83
      63
      76
      66
      82
      58
      65
      64
      58
      47
      67
      76
      71
      69
      72
      64
      55
      66
      74
      62
      67
      71
      85
      58
      85
      66
      69
      69
      68
      58
      66
      76
      69
      63
      65
      70
      68
      68
      79
      68
      51
      61
      60
      67
      77
      63
      70
      58
      68
      78
      58
      62
      88
      78
      64
      70
      71
      76
      69
      79
      65
      81
      54
      69
      63
      78
      78
      50
      81
      82
      74
      58
      56
      82
      63
      68
      57
      81
      62
      68
      67
      80
      73
      62
      61
      63
      49
      88
      77
      65
      71
      68
      68
      67
      59
      71
      71
      66
      66
      78
      68
      69
      67
      74
      79
      61
      71
      70
      72
      63
      74
      80
      86
      62
      79
      76
      63
      76
      71
      63
      78
      67
      61
      75
      68
      71
      77
      68
      88
      84
      70
      76
      55
     102
      65
      90
      66
      79
      64
      65
      75
      72
      88
      51
      82
      71
      84
      73
      74
      76
      83
      80
      71
      65
      94
      77
      68
      73
      74
      54
      69
      71
      62
      79
      87
      64
      72
      79
      84
      61
      96
      87
      67
      63
      64
      83
      77
      73
      76
      79
      73
      64
      61
      72
      99
      81
      83
      94
      58
      82
      79
      82
      76
      75
      62
      67
      72
      79
     102
      66
      80
      83
      78
      68
      84
      80
      82
      68
      81
      80
      67
      83
      90
      74
      59
      76
      94
      70
      72
      87
      94
      85
      73
      82
      74
      88
      75
      84
      86
      85
      92
      94
     100
     100
      78
      92
      89
      87
      90
      83
      91
      96
      87
     112
     105
      98
     102
      95
      79
     104
      88
      90
     104
     104
      84
      80
     100
     108
      88
      89
      80
      87
     101
      86
     102
     100
     104
      81
      93
      95
      93
      70
      84
      90
      75
     111
     100
      85
      98
      99
      77
      81
      81
      91
     105
      89
      63
      95
      75
      85
      96
      74
      95
      80
      72
      74
      89
      71
      70
      79
      83
      82
      82
      80
      86
      63
      85
      72
      82
      83
      65
      80
      68
      85
      82
      75
     102
      77
      83
      99
      75
      82
      75
      78
      93
      91
      74
      64
      79
      72
      80
      73
      87
      73
      74
      91
      62
      84
      75
      71
      75
      76
      88
      86
      80
      67
      61
      80
      67
      87
      92
      83
      83
      78
      93
      67
      76
      65
      77
      75
      87
      86
      76
     102
      90
      82
      79
      81
      87
      96
      67
      90
      73
      87
      67
      76
      86
      91
      68
      84
      80
      71
      74
      82
      77
      83
      93
      79
      80
      79
      84
      87
      84
      92
      90
      95
      79
      89
      78
      74
      88
      72
      76
      81
      87
      79
      90
      82
     100
      76
      78
      87
      70
      86
      84
      85
      96
      85
      99
      86
     105
     104
      81
      87
      89
      92
      77
      89
      95
     102
      92
      86
      90
      97
      90
      87
      94
      95
      88
      81
      85
      92
     102
     121
     101
      87
      97
      98
     117
     111
     102
      93
     100
      96
      92
      98
      97
     116
     122
      98
     103
      91
     110
     105
     112
     100
      91
      80
     101
      86
     118
      91
     101
     121
      99
      77
      91
     101
      86
     105
     106
      98
     105
     100
      91
     101
     100
      85
      93
      95
      90
      89
      84
      89
      95
      88
      86
      85
      91
     103
      83
      86
      84
      79
      90
      77
      92
      93
      81
      91
      89
      85
      89
      80
      87
     103
      74
      88
      86
      80
     102
     101
      83
      96
     113
      77
      67
      82
      80
      79
      91
      81
      78
      90
      77
      81
      78
     100
      93
      81
     103
      88
      80
     102
      80
      97
      95
     103
     101
      88
      85
      74
      90
      86
      89
      75
      95
      95
      95
     103
      91
      77
      85
      95
      87
      85
      87
      86
      97
     102
      89
      57
     100
      97
      73
      94
      90
     112
      84
      96
      93
      89
      87
      78
      71
      82
      85
      77
      91
      77
     108
      98
      95
      98
      82
     100
      96
     104
      87
      75
      88
      91
      87
      81
      86
      79
      95
      99
     103
      87
      99
     105
      77
      89
      98
     101
      93
      90
      94
      76
      76
      96
      81
     103
      93
      90
      84
      86
      90
      94
      94
      96
      83
      81
      99
      96
      93
     105
      94
      97
      80
      94
      83
      93
      87
      95
      84
     106
      90
      99
      98
     111
      85
      79
     115
      84
      98
      86
      91
      96
      91
      94
     102
     120
      99
      84
      88
      78
      99
     102
     109
      83
     117
      92
     103
     100
     107
      96
      97
     103
     107
      99
     104
      92
      99
     100
     102
     108
      92
     115
     105
     101
      99
     117
      95
     113
      92
      97
     101
     104
      94
      99
     100
     100
      95
      81
     109
     101
      95
      96
      83
      94
      97
      87
     108
     115
     125
      98
      97
     102
     101
     104
     102
     102
      89
      94
     107
     104
     106
     102
     116
      91
      90
     108
     102
     115
     112
      94
     111
     105
     107
     118
     101
      88
      96
     110
     111
      85
      99
     111
      98
     103
     107
     107
     119
      91
      99
      98
     115
      96
      88
      92
      97
      98
     119
     103
     115
     102
     104
     119
     112
     108
      88
      94
     113
      90
     116
     115
     102
     112
      99
      91
      92
     115
      98
     109
     120
     113
     105
     106
     123
     100
     108
     114
      93
     107
     111
     109
     100
     113
     103
     109
     108
     127
     101
      94
      98
      86
     110
     114
      98
     103
     114
     110
      99
     109
      99
      73
      98
      95
      98
     114
     103
      98
     108
     107
     110
     104
     109
     109
     103
      98
     101
     109
     137
     110
     107
      94
      94
      99
      98
     114
     106
     117
     122
      87
      85
     101
      88
      92
     101
     106
     103
     113
     106
     101
     127
      96
      97
      91
     115
     111
      99
     111
     117
      96
      89
     102
      93
     101
      92
     111
      96
      91
      92
     110
     120
     103
      92
     128
     102
     106
      91
      93
      99
      91
     110
      90
      85
      89
     107
     110
      96
     100
     110
      97
      95
     106
      94
     117
     103
     115
      96
     104
      95
      96
     109
     100
     120
     119
     113
      87
      83
      89
     103
      94
      83
     114
     101
     120
      98
      92
     108
      97
     101
     108
      89
     113
      96
     102
     105
      93
     110
      97
      81
      99
     104
     105
      96
      82
     102
      96
      98
      98
      96
     102
     104
      95
      96
     107
     102
      91
      94
      98
     101
      98
      94
     111
      72
     114
     105
      96
     110
      98
      95
      86
      69
     113
     102
     106
     115
     101
     108
     111
     102
     109
     114
     102
      98
     118
      85
     108
      86
      94
      95
     102
     106
     100
     105
      81
     113
     102
      94
      89
      96
     110
      97
      92
      86
      94
     113
     101
     109
     112
      88
      94
     119
     110
     104
      81
      99
      86
     100
      90
      99
     117
     103
     115
     102
      84
     116
     111
     105
      90
      96
      88
     119
      95
      96
     101
      98
     100
     114
      93
      98
      88
     100
     104
     114
      96
      87
     100
      95
     105
     110
      92
     118
     121
      97
     101
     105
     126
     101
      99
      99
      88
     110
     107
     111
      90
     105
     103
      95
      95
     111
      94
      94
      96
     100
      93
      86
      95
      98
      95
      97
      94
     105
      83
     101
     108
     107
      92
     118
     106
      98
     117
     106
     115
     108
      89
     101
     100
     102
     105
     100
     104
     100
     104
     113
     108
     109
      98
     106
     116
     119
     108
     106
     116
     100
     119
     114
     119
     125
     118
     102
     102
      91
      96
     120
     127
     132
     107
     102
     118
     110
     118
     113
     102
     113
     105
     133
     110
     123
     118
     110
     101
     110
     120
      98
     114
     109
     115
     111
     123
      96
     102
     121
     115
      96
     105
     122
     120
     109
     117
     117
     102
     113
     113
     128
     124
     116
     115
     130
     122
     119
     116
     133
     124
     118
     104
     118
     109
     113
     115
     106
     122
     133
     105
     147
     118
     106
     137
     129
     120
     116
     133
     130
     137
     138
     125
     139
     126
     153
     132
     123
     120
     129
     134
     130
     127
     142
     154
     142
     114
     130
     127
     141
     151
     156
     133
     145
     144
     135
     140
     144
     134
     140
     129
     162
     150
     140
     154
     129
     143
     149
     154
     138
     129
     137
     164
     166
     146
     143
     143
     169
     160
     143
     155
     178
     180
     176
     161
     156
     169
     180
     149
     183
     175
     152
     173
     170
     166
     183
     213
     184
     182
     188
     199
     172
     182
     177
     218
     182
     196
     196
     203
     206
     188
     238
     229
     188
     201
     208
     217
     214
     216
     206
     224
     220
     205
     226
     216
     193
     202
     203
     195
     194
     204
     187
     211
     202
     218
     188
     184
     192
     191
     203
     168
     181
     176
     193
     165
     176
     148
     139
     160
     147
     153
     178
     142
     144
     148
     133
     136
     113
     113
     120
      90
      96
      91
      96
      97
     100
      92
      78
      70
      74
      80
      63
      78
      63
      45
      46
      46
      49
      54
      45
      49
      59
      39
      45
      36
      26
      22
      34
      29
      30
      28
      30
      29
      26
      23
      23
      27
      19
      17
      17
      18
      19
      14
      25
      19
      15
      16
      23
      18
      22
      16
      24
      24
      21
      16
      20
      14
      21
      27
      17
      14
      30
      20
      15
      16
      18
      13
      15
      17
      17
      17
      16
      14
      16
      20
      19
      18
      22
      17
      16
      17
      28
      28
      25
      23
      18
      20
      16
      17
      24
      25
      11
      21
      18
      23
      20
      13
      13
      29
      16
      25
      13
      21
      23
      18
      20
      15
      19
      15
      16
      28
      17
      22
      18
      14
      25
      21
      15
      15
      23
      21
      22
      17
      12
       8
      21
      24
      15
      21
      17
      13
       8
      19
      21
      14
      22
      21
      18
      20
      18
      10
      21
      18
      22
      13
      18
      13
      18
      24
      22
      18
      19
      16
      23
      23
      13
      18
      20
      28
      21
      15
      20
      17
      23
      24
      14
      20
      14
      15
      29
      25
      17
      22
      23
      21
      20
      29
       5
      17
      14
      22
      18
      24
      14
      21
      16
      15
      26
      22
      29
      14
      18
      18
      24
      20
      23
      21
      20
      19
      24
      22
      22
      17
      18
      17
      18
      10
      23
      17
      14
       8
      22
      17
      12
      17
      16
      17
      16
      20
      18
      18
      18
      15
      16
      16
      18
      12
      12
      13
      24
      16
      20
      15
      11
      21
      24
      20
      31
      27
      18
      12
      19
      16
      19
      15
      16
      12
      19
      20
      22
      18
      16
      18
      21
      15
      15
      17
      18
      15
      22
      19
      22
      24
      18
      10
      26
      15
      20
      15
      20
      11
      14
      15
      19
      21
      31
      21
      22
      18
      21
      17
      18
      23
      20
      22
      28
      32
      25
      19
      32
      23
      24
      19
      21
      21
      27
      17
      22
      30
      25
      18
      25
      21
      19
      19
      17
      23
      33
      21
      25
      20
      22
      24
      24
      28
      28
      13
      21
      23
      20
      22
      17
      25
      22
      27
      17
      20
      11
      23
      14
      22
      22
      19
      27
      19
      13
      18
      20
      14
      15
       9
      15
      17
      24
      21
      18
      22
      18
      18
      17
      17
      25
      21
      15
      14
      18
      18
      20
      16
      19
      15
      21
      13
      18
      11
      17
      15
      17
      16
      16
      22
       7
      15
      10
      10
      20
      13
      14
       7
      19
      20
      13
      19
      17
      18
      14
      17
      13
      11
      18
      24
      29
      16
      18
      19
      11
      14
      15
      24
      14
      20
      21
      19
      17
      22
      26
      13
      19
      18
      14
      22
      10
      24
      18
      16
      19
      22
      19
      14
      16
      21
      12
      24
      22
      16
      17
      14
      11
      14
      17
      11
      14
      18
      18
      13
      23
      19
      18
      14
      15
      14
      17
      21
      18
      21
      20
      17
      20
      20
      15
      21
      19
      16
      17
      15
      13
      13
      17
      19
      14
      16
      15
      13
      23
      26
      26
      16
      13
      20
      19
      24
      12
      15
      15
      20
      14
      19
      17
      16
      22
      21
      20
      14
       9
      14
      15
      16
      25
      10
      25
      19
      14
      23
      19
      22
      17
      14
      19
      11
      16
      13
      20
      17
      20
      16
      20
      15
      16
      20
      16
      15
      18
      20
      15
      18
      20
      23
      12
      21
      20
      19
      19
      24
      19
      12
      11
      17
      21
      17
      16
      11
      13
      19
      17
      20
      18
      18
      17
      24
      17
      18
      17
      25
      16
      21
      17
      24
      28
      18
      13
      17
      21
      14
      14
      23
      28
      22
      19
      13
      26
      20
      19
      19
      21
      13
      17
      20
      20
      15
      16
      15
      17
      21
      15
      11
      16
      15
      15
      19
      23
      19
      17
      11
      12
      21
      19
      18
      12
      24
      20
      16
      22
      19
      11
      19
      18
      19
      12
      18
      17
      16
      20
      15
      14
      18
      16
      11
      20
      17
      22
      10
      20
      19
      15
      16
      19
      14
      20
      17
      22
      17
      13
      20
      15
      14
      24
      26
      19
      13
      18
      14
      13
      20
      11
      12
      18
      18
      24
      16
      16
      19
      15
      18
      17
      21
      15
      15
      16
      11
      16
      17
      19
      17
       9
      16
      14
      20
      14
      17
      22
      17
      22
      17
      13
      19
      11
      12
      13
      19
      18
      13
      15
      23
      10
      15
      21
      14
      22
      17
       9
      15
      20
      12
      18
      13
      18
      13
      23
      12
      18
      13
      15
      19
      19
      16
      12
      24
      15
      22
      25
      16
      11
      16
      22
      21
      15
      14
      23
       8
      14
      12
      12
      21
      16
      15
      14
      14
      16
      12
       7
      13
      18
      17
      15
      15
      10
      19
      20
      14
      18
      15
      16
      13
      22
      13
      15
      19
      13
      16
      14
      17
       5
      18
      19
      11
      21
      24
      16
      13
      13
      17
      20
      11
      16
      17
      17
      18
      19
      11
      14
      16
       9
      15
      12
      13
      17
      18
      24
      15
      16
      19
      23
      16
      19
      14
      15
      14
      19
      16
      16
      23
      12
      20
      14
      21
      16
      22
      13
      24
      15
      13
      16
      12
      15
      18
      17
      18
      20
      12
      12
      14
      14
       5
      18
      21
      14
      17
      19
      17
      16
      17
      16
      17
      20
      17
      12
      15
      14
      17
      16
      16
      14
      16
      11
      24
      17
      16
       8
      18
      18
      20
      19
      14
      11
      12
      16
       9
      12
      21
      16
       8
      14
      15
      12
      13
      15
      12
      24
      14
      16
      13
      28
      13
      16
      11
      16
      16
      11
      17
      15
       9
      10
       8
      16
      10
      14
      17
      11
      15
      22
      11
      16
      15
      17
      13
      18
      18
      22
      11
      14
      22
      17
      14
      18
      11
      13
      18
      20
      17
      17
       3
      17
      10
      15
      16
      17
      17
      21
      16
      17
      18
      17
      12
      16
      18
      17
      24
      21
      15
      20
       9
      14
      11
      19
      15
      18
      11
      11
      17
      14
      14
      10
      15
      10
      10
      11
      17
      12
      11
      14
      11
      14
      16
      18
      15
      21
      14
      12
      19
      14
      22
      20
      16
      17
      18
      20
       8
      19
      14
      21
      14
      23
      10
      22
      18
      15
      25
      11
      14
      11
      13
      16
      11
      20
      16
      10
      13
      10
      17
      15
      19
      22
       7
      19
      16
      22
      21
      17
      13
      17
      17
      12
      14
      21
      23
      11
      14
      20
      18
       8
      13
      13
      11
      13
      16
      14
      12
      21
      13
      12
      11
       9
      19
      15
      12
      15
      13
      23
      17
      17
      12
      14
      10
      11
      14
      16
      17
      14
      20
      14
      11
      13
      10
      14
      15
      13
      17
      11
      17
      14
      19
      14
      10
      10
       9
      11
      14
      11
      12
      11
      14
      13
      22
       9
      13
      12
      13
      20
      13
      10
      13
      15
      17
      19
      12
       8
      16
      17
      13
      13
      17
      15
      11
       6
      17
      14
      14
      15
      20
      16
      16
      18
      15
      17
      12
      16
      11
      19
      16
      13
      10
      19
      18
      12
      14
      13
      13
      19
      14
      10
      13
      10
       9
      12
      13
      12
      17
      18
      13
      14
       9
      13
      14
      12
      11
      18
      15
      16
      17
      12
      15
      15
       9
       9
      15
      10
      14
      12
      12
      11
      24
      12
      19
      13
      19
      18
      13
      13
      19
      15
      16
      12
      18
      18
      11
      10
      13
      19
      19
      14
      14
      13
      19
      20
      12
       5
      21
      14
      16
      13
      12
      19
      13
       9
      12
      15
      15
      19
      15
      21
      16
      12
      16
      15
      19
      15
      13
       9
      14
      14
       9
      12
      15
      12
      14
      11
      15
      12
      11
      12
      16
      14
      16
      17
      22
      11
      15
      13
       8
      11
      13
      16
      11
      15
      18
      10
       9
      20
      16
      15
      17
      14
      12
      16
      12
      24
       9
      12
      13
      14
       9
      12
      18
      17
       8
       9
      14
       7
      13
      10
      14
      14
       6
      16
      20
      10
      11
      15
      13
      15
       8
      13
      16
      15
      10
      16
      12
      19
       6
       9
      11
      15
      11
      10
      16
      10
      13
      16
      17
      11
      17
      10
      12
      15
      13
      22
      12
      11
      16
      13
      16
      14
      13
      14
      13
      14
       5
      11
      12
       9
      15
      17
      20
      13
      18
      11
      22
       9
       9
      18
      14
       8
      13
       5
      11
      12
      14
       9
       8
      13
      21
      14
      16
      13
      10
      15
      18
      16
       9
      15
      19
      13
      10
      12
      12
      11
      12
      10
       9
      14
      16
      15
      12
      17
      16
      13
      16
      11
       9
       9
       9
      16
      16
      13
      14
      17
      13
       3
       7
      11
       8
       9
      11
      14
      13
       9
      18
      18
       5
      16
      12
       8
      12
       6
      11
      12
      15
      11
      10
      14
      13
       9
      19
      15
      10
      13
      14
       9
      19
      11
       9
      20
      12
      11
      14
      13
      21
       8
      14
      17
       8
       8
      18
       8
       9
       8
      11
      17
      10
       9
      12
      19
       6
      11
      10
      14
      17
      14
      11
       7
      16
      18
      17
      13
      11
      10
      14
       9
      19
      10
      18
      13
      10
      17
      17
      16
       9
      12
       8
       8
      12
      11
      19
      11
      10
      19
       7
      16
      17
       8
      12
      13
      24
       9
      10
      17
      11
      16
       9
      13
       9
      11
      11
       7
      13
      21
      18
      12
      10
      14
      12
       9
      12
       9
       7
      15
      15
      13
      11
      15
       9
      13
      11
      17
      17
      12
      11
      11
      15
      12
       9
       8
       7
       6
       7
       7
      15
      14
      12
      11
      12
      15
      11
      13
      13
      10
      13
      16
      12
      16
       8
      10
      13
       9
      13
      10
      16
      13
      16
      11
      12
      16
      13
       4
      10
      16
      10
      12
      11
       8
      15
      13
      16
      14
      15
      14
      18
       9
       7
      15
       9
      10
      15
       9
      14
      18
      12
      11
      12
       4
      16
      15
      18
      17
      11
      16
       9
      15
      13
      12
      12
      11
      14
       8
      10
       8
      12
       9
      18
      14
      14
      10
      13
      16
      12
      14
      14
      10
      15
      14
      21
      13
      18
      16
      17
       9
       8
      11
       8
       7
      14
      13
       9
      16
       7
       9
      15
      20
      13
      11
      19
      15
       9
      11
       9
       9
      17
      13
      12
      10
      10
      10
       7
      14
      10
       8
      13
      15
      10
      11
       7
       9
       9
      14
       6
      12
       8
       8
      11
      12
      10
      22
       9
      16
      16
       8
       9
      11
      11
       9
       7
       6
      10
      10
       8
      18
      16
      15
      10
      11
      13
      13
      15
      10
       8
      17
       7
       5
      10
      10
      13
      10
      11
       8
       5
      12
       3
      12
      15
      12
      15
      10
       9
      19
      14
      11
      10
      17
       7
      11
      14
      12
      17
      11
      19
      12
      11
       8
      13
      11
       8
      12
      11
      10
      14
      14
      11
      11
       6
      12
      11
      17
       7
      13
      13
      18
      16
      13
      10
      11
      17
      15
       5
      10
       9
      15
      16
       9
      14
       6
       9
      12
      14
       7
      20
      16
      12
       7
      10
      12
       7
      12
      10
       7
      10
      10
       8
       7
      11
      11
       8
      11
      11
      11
      15
      12
       5
      12
      11
      13
      12
       9
      17
      12
       5
      12
      13
       5
      18
      15
      12
       5
      18
       9
      15
       7
      17
       8
       8
       6
      13
      17
      19
      15
      13
      10
      14
      11
      12
       5
      13
      13
      11
      10
       9
      11
      10
      12
      17
      13
      10
       8
       9
      12
      17
      13
      19
      14
      11
      11
       9
       6
      16
      12
       9
       8
      14
      13
      11
      16
      16
      11
       9
      13
      13
      11
       7
      15
      13
      13
      18
      13
      12
      17
      13
       8
       9
      11
       7
       8
      12
       7
      11
      14
      15
      12
      10
       7
      18
      10
      10
       8
      11
       7
      13
       8
       9
      10
      12
       6
      12
      14
       8
      13
       7
       8
      19
       8
      10
      12
      11
       8
      15
      10
      11
      13
       7
       8
       5
      16
      11
      11
       9
      12
      12
      10
      10
       9
      14
      14
      11
       8
      12
      18
      11
      13
       0
       0
       0
       0
       0
       0
       0
       0
       0
       0
       0
       0
       0
       0
       0
       0
       0
       0
       0
       0
       0
       0
       0
       0
       0
       0
       0
       0
       0
       0
       0
       0
       0
       0
       0
       0
       0
       0
       0
       0
       0
       0
       0
       0
       0
       0
       0
       0
       0
       0
       0
       0
       0
       0
       0
       0
       0
       0
       0
       0
       0
       0
       0
       0
       0
       0
       0
       0
       0
       0
       0
       0
       0
       0
       0
       0
       0
       0
       0
       0
       0
       0
       0
       0
       0
       0
       0
       0
       0
       0
       0
       0
       0
       0
       0
       0
       0
       0
       0
       0
       0
       0
       0
       0
       0
       0
       0
       0
       0
       0
       0
       0
       0
       0
       0
       0
       0
       0
       0
       0
       0
       0
       0
       0
       0
       0
       0
       0
$ROI:
1
2986 3192
$PRESETS:
None
0
0
$ENER_FIT:
0.000000 0.019215
$MCA_CAL:
3
0.000000E+000 1.921453E-002 0.000000E+000 keV
$SHAPE_CAL:
3
4.059771E+001 0.000000E+000 0.000000E+000
