$SPEC_ID:
No sample description was entered.
$SPEC_REM:
DET# 1
DETDESC# DESKTOP-PNQJTCJ Easy-MCA-8k SN 09161357
AP# Maestro Version 7.01
$DATE_MEA:
03/10/2017 08:59:00
$MEAS_TIM:
2406 2454
$DATA:
0 8191
       0
       0
       0
       0
       0
       0
       0
       0
       0
       0
       0
       0
       0
       0
       0
       0
       0
       0
       0
       0
       0
       0
       0
       0
       0
       0
       0
       0
       0
       0
       3
     172
    4198
   23222
   53424
   74043
   72193
   64472
   59786
   58626
   53324
   49534
  210323
  444704
   40457
   19450
   19089
   18207
   18261
   18449
   16975
   13724
   10007
    7202
    5167
    4036
    3279
    2710
    2055
    1750
    1402
    1074
     875
     657
     544
     431
     364
     271
     254
     195
     142
     119
     121
      86
      67
      76
      59
      48
      51
      60
      57
      36
      40
      35
      28
      34
      27
      28
      30
      31
      21
      26
      15
      32
      16
      28
      18
      15
      19
      15
      15
      17
      17
      18
      13
      19
       8
      16
      18
      12
      14
      22
      20
      15
      21
      19
      10
      16
      13
      17
      12
      12
       8
      16
      16
      17
      15
      17
      13
      23
       7
      16
      16
      14
      17
      14
      17
      15
      12
      19
      24
      14
      13
      19
      21
      22
      14
      16
      18
      22
      13
      13
      20
      18
      10
      15
      10
      18
      16
      18
      14
      17
      16
      19
      17
      20
      12
      15
      23
      12
      17
      15
      18
      12
      20
      16
      20
      17
      14
      14
      10
      22
      20
      20
       9
      19
      17
      18
      17
      13
      16
      17
      15
      19
       7
      17
      12
      12
      12
      14
      18
      13
      13
      15
      18
      19
      14
      23
      13
      17
      20
      16
      17
      22
      14
      19
      11
      14
      14
      13
      18
      16
      23
      13
      18
      18
      19
      19
      20
      14
      15
      11
      18
      21
      15
      18
      19
       9
      18
       8
      14
      17
      23
      22
      10
      10
      16
      12
      19
       8
      18
      18
      12
      19
      14
      16
      19
      18
      15
      10
      14
      17
      15
      10
      15
      12
      15
      20
      22
      12
      16
      20
      18
      18
      16
      16
      13
      12
      22
      15
      13
      13
      19
      23
      19
      24
      17
      17
      14
      17
      10
      22
      16
      18
      20
      15
      22
      17
      11
      15
      15
      14
      16
      19
       9
      23
      14
      14
      22
      16
      20
      12
      19
      13
      20
      11
      20
      18
      11
      16
      25
      18
      11
      15
      16
      16
       9
      14
      22
      21
      19
      15
      14
      21
      23
      18
      14
      12
      12
      16
      15
      22
      15
      13
      25
      10
      18
      10
      12
      20
      22
      13
      12
      21
      15
      22
      15
      15
      14
      22
      17
      21
      16
      13
      17
      14
      14
      15
      11
      10
      18
      15
      15
      10
      15
      25
       6
      21
      18
      15
      22
      20
      20
      16
      14
      12
      16
      19
      15
      16
      16
      19
      14
      17
      20
      13
      22
      16
      21
      19
      17
      20
      16
      16
      14
      16
      15
      14
      19
      21
      11
      18
      15
      20
      25
      15
      13
      18
      17
      22
      22
       9
      16
      19
      15
      17
      13
      11
      14
      13
      18
      21
      23
      15
      18
      19
      17
      15
      17
      12
      19
      19
      16
      18
      20
      13
      22
      19
      16
      19
      26
      24
      19
      19
      15
      22
      14
      13
      14
      20
      12
      15
       9
      20
      23
      19
      21
      17
      18
      19
      16
      20
      25
      15
      14
      10
      17
      16
      18
      17
      13
      15
      20
      12
      20
      18
      22
      19
      13
      11
      20
      14
      18
      13
      19
      14
      11
      22
      14
      21
      16
      18
      25
      18
      12
      14
      17
      13
      23
      19
       8
      16
       6
      16
      14
      19
       9
      14
      16
      15
      13
      17
      25
      16
      19
      14
      15
      17
      17
      16
      17
      11
      13
      14
      18
      20
      17
      19
      15
      25
      13
      14
      17
      14
      19
      11
      13
      15
      17
      20
       8
      15
      13
      16
      15
      14
      15
      19
      14
       8
      14
      12
      20
       9
      19
      21
      20
      17
      13
      20
      18
      14
      19
      17
      12
      21
      17
      18
      11
      13
      14
      16
      19
      10
      11
      16
      11
      20
      18
      21
      18
      19
      29
      14
      16
      17
      20
      20
      13
      25
      11
      12
      12
      20
      16
      15
      20
      23
      17
      18
      17
      15
      13
      27
      19
      13
      15
      15
      12
      18
      18
      13
      17
      14
       7
      18
      23
      16
      12
      14
      15
       9
      22
      16
      13
      22
      22
      29
      13
      16
      11
       9
      18
      10
      13
      13
      19
       4
       7
      11
      18
      21
      17
      16
      24
      15
      17
      11
      21
      17
      19
      16
      12
      20
       8
      13
      14
      16
      18
      25
      22
      25
      20
      24
      12
      15
      15
      21
      17
      13
      17
      15
      15
      22
      16
       9
      17
      14
      22
      13
      19
      25
      18
      16
      19
      18
      21
      17
      21
      13
      23
      15
      18
       9
      13
      16
       8
      18
      10
      13
      15
      15
      14
      15
      23
       9
      16
      14
      23
      16
      20
      20
      16
      13
      26
      17
      19
      26
      23
      20
      18
      18
      17
      18
      26
      22
      18
      16
      17
      25
      16
      13
      26
      23
      19
      24
      20
      24
      17
      12
      20
      11
      19
      21
      22
      14
      18
      14
      16
      17
      28
      14
      26
      25
      15
      19
      21
      11
      25
      22
      12
      16
      13
      16
      18
      21
       9
      15
      16
      15
      26
      15
      14
      17
      15
      13
      18
      17
      23
       8
      16
      10
      16
      15
      18
      19
      14
      18
      18
      13
      10
      21
      13
      18
      21
      15
      18
      16
      10
      18
      23
      12
      13
      18
      16
      15
      19
      10
      16
      13
      18
      12
      12
      14
      28
      11
      13
      23
      26
      26
      13
      12
      15
      17
      13
      17
      17
      21
      14
      17
      15
      16
      24
      20
      12
      17
      20
      12
      18
      15
      19
      11
      22
      16
      15
      25
      28
      20
      14
      13
      20
      15
      14
      10
      14
      14
      17
      11
      16
       4
      21
      19
      11
      15
      25
      15
      17
      27
      18
      17
      19
      19
      17
      12
      14
      22
      20
      15
      13
      16
      14
      21
      16
      24
      18
      10
      22
      18
      22
      20
      17
      17
      11
      13
      27
      16
      18
      19
      16
      13
      21
      17
      19
      11
      14
      21
      12
      20
      22
      15
      14
      13
      30
      21
      20
      17
      20
      24
      18
      22
      20
      17
      21
      13
      17
      21
      19
      16
      12
      15
      14
      19
      20
      22
      15
      10
      12
      16
      10
      16
      10
      12
      12
      17
      21
      19
      18
      17
      12
      17
      26
      17
      23
      12
      10
      16
      25
      12
      21
      19
      19
      14
      19
      14
      13
      20
       9
      16
      14
      15
      18
      19
      14
      13
      13
      18
      24
      13
      18
      13
      18
      19
      10
      17
      20
      10
      15
      15
      18
      18
      14
      12
      18
      21
      13
      21
      19
      13
      19
      13
      20
      13
      16
      22
      16
      17
      11
      19
      12
      17
      21
      22
      13
      12
      12
      17
      15
      17
      17
      18
      17
      14
      20
      17
      21
      17
      12
      23
      13
       8
      13
      15
      14
      14
      16
       8
      17
       9
      16
      11
      18
      15
      20
      12
      14
      11
      17
      21
      11
      21
      14
      15
      17
      22
      13
      18
      13
      16
      22
       7
      15
      16
      22
      15
      14
      21
      15
      16
      11
      10
      13
      18
      28
      10
      20
      15
      21
      16
      14
      20
      13
      17
      22
      15
      16
      17
      14
      23
      16
      22
      24
      11
       8
      17
      21
      20
       9
      18
      13
      19
      13
      18
      22
      17
      17
      17
      15
      16
      13
      14
      20
      14
      15
      11
      21
      18
       8
      19
      15
      14
      17
      23
      15
      19
      13
      15
      17
      22
      18
      19
      17
      12
      16
      22
      13
      15
      15
      16
      15
      15
      22
      18
      20
      16
      16
      16
      15
      17
      25
      23
      14
      13
      13
      16
      23
      14
      13
      18
      17
      20
      20
      14
      23
       9
      15
      16
      15
       9
      13
      14
      20
      21
      19
      21
      12
      14
      16
      12
      17
      11
       9
      10
      19
      23
      14
      16
      17
      16
      21
      13
      18
      15
      18
      13
      14
      20
      18
      19
      18
      21
      24
      23
      18
      24
      21
      23
      22
      24
      16
      27
      19
      19
      28
      23
      26
      22
      44
      33
      29
      29
      41
      38
      41
      28
      45
      56
      50
      57
      49
      50
      51
      52
      55
      61
      57
      71
      75
      63
      68
      72
      69
      74
      66
      64
      79
      67
      72
      61
      72
      71
      76
      67
      76
      53
      64
      70
      58
      50
      45
      52
      46
      49
      49
      46
      40
      42
      38
      42
      38
      43
      35
      34
      30
      27
      26
      36
      26
      29
      30
      30
      26
      33
      23
      24
      22
      21
      15
      23
      25
      24
      16
      15
      21
      18
      19
      23
      16
      14
      23
      21
      15
      19
      24
      13
      17
      20
      17
      24
      18
      11
      12
      20
      18
      13
      20
      13
      21
      18
      22
      10
      14
      17
      18
      23
       8
      12
       7
      12
      14
      14
      13
      15
      22
      18
      20
      16
      20
      15
      19
      15
      18
      11
      24
      15
      18
      15
      19
      23
      12
      16
      22
      23
      21
      18
      15
      16
      19
      20
      20
      19
      16
      16
      19
      28
      19
      22
      17
      16
      21
      10
      16
      21
      15
      19
      15
      13
      18
      23
      21
      20
      19
      29
      30
      17
      29
      19
      22
      22
      21
      22
      28
      31
      24
      28
      37
      27
      31
      30
      30
      31
      36
      28
      24
      35
      29
      34
      32
      25
      21
      44
      29
      32
      28
      37
      36
      39
      32
      28
      28
      31
      27
      28
      34
      27
      29
      23
      27
      29
      26
      21
      25
      32
      21
      21
      26
      17
      25
      24
      27
      17
      36
      18
      19
      16
      22
      21
      15
      24
      19
      13
      20
      20
      14
      19
      24
      17
      16
      18
      11
      21
      16
      28
      17
      17
      10
      20
      22
      13
      13
       9
      11
      13
      26
      16
       9
      18
      14
      10
      11
       9
      20
      14
      18
       9
      21
      13
      13
      24
      17
      16
      19
      16
      21
       7
      15
      23
      15
      14
      16
      15
      26
      19
      17
      10
      12
       7
      16
      18
      14
      17
      16
      14
      11
      13
      17
      18
      15
      13
      14
      13
      12
      17
       8
      13
      10
      20
      14
      14
      14
      17
      17
      16
      16
      11
      17
      14
      18
      16
      11
      11
      12
      18
      20
      12
      22
      14
      18
      10
      10
      18
      14
       9
      23
      18
      19
      11
      12
      17
      21
      13
      15
      11
      14
      17
      23
      11
      13
      19
      15
      15
      13
      13
      11
      19
      13
      14
      11
      20
      20
      16
      15
      18
      18
      16
      20
      18
      10
      18
      16
      20
      16
      22
      17
      11
      18
      15
      23
      19
      19
      17
      15
      15
      18
      17
      18
      16
      14
      17
      17
       8
      10
      11
      19
      22
      14
      11
      16
      18
      22
      12
      19
       8
      20
      12
      18
      12
      12
      21
      13
      19
      12
      22
      29
      15
      14
      22
      19
      16
      20
      20
      21
      17
      17
      17
      13
      21
      20
      18
      18
      10
      20
      16
      22
      17
      35
      19
      11
      18
      20
      26
      21
      18
      12
      19
      23
      21
      10
      19
      14
      18
      18
      26
      20
      16
      22
      24
      22
      20
      19
      17
      18
      18
      17
      14
      20
      17
      13
      22
      22
      18
      21
      16
      20
      18
      17
      29
      17
      12
      14
      21
      17
       9
      21
      24
      21
      18
      15
      16
      23
       9
      18
      16
      14
      10
      12
      14
      17
      13
      14
      19
      16
      13
      15
      11
      13
      17
      21
      20
      20
      19
      15
      17
      22
       4
      14
      15
      20
      24
      20
      17
      10
      17
      17
      17
      17
      15
       9
      23
      16
      12
      18
      15
      16
      12
      16
      18
      22
      19
      23
      19
      13
      13
      21
      18
      12
      19
       9
      10
      19
      17
      17
      12
      19
      12
      15
      13
      18
      19
      19
      24
      20
      16
      14
      18
      15
      14
      15
      15
      19
      20
      17
      18
      17
      19
      12
      13
      19
      14
      16
      17
      13
      11
      17
      12
      18
      20
      16
      19
      19
      13
       9
      16
      17
      12
      21
      17
      16
      14
      15
      21
      15
      16
      14
      10
      17
      17
      14
      14
      20
      15
      16
      16
      25
      17
      17
       6
      17
      25
      19
      26
      18
      22
      14
      21
      15
      22
      16
      24
      20
      11
      19
      14
      20
      19
      19
      30
      19
      21
      10
      12
      16
      12
      24
      15
      13
      15
      22
      17
      19
      18
      26
      13
      17
      16
      19
      21
      21
      24
      21
      22
      14
      19
      15
      19
      21
      18
      17
      28
      18
      13
      24
      24
      17
      21
      16
      19
      23
      26
      20
      24
      14
      11
      22
      19
      26
      19
      15
      29
      21
      13
      13
      14
      21
      10
      15
      17
      23
      18
      21
      26
      24
      27
      15
      21
      20
      32
      21
      18
      18
      19
      29
      22
      22
      11
      23
      22
      26
      18
      28
      23
      30
      16
      18
      16
      21
      26
      22
      19
      16
      14
      21
      17
      23
      16
      20
      12
      34
      20
      13
      26
      25
      22
       4
      15
      16
      18
      25
      33
      23
      11
      13
      22
      27
      26
      21
      19
      17
      28
      28
      25
      21
      17
      14
      27
      24
      19
      12
      31
      17
      18
      22
      17
      27
      22
      27
      22
      25
      22
      22
      10
      17
      23
      22
      26
      15
      19
      20
      18
      26
      22
      28
      20
      22
      31
      16
      22
      25
      17
      23
      24
      23
      16
      19
      24
      33
      24
      40
      21
      24
      30
      18
      14
      26
      25
      26
      22
      27
      23
      18
      33
      22
      19
      31
      31
      23
      31
      13
      20
      24
      33
      20
      28
      27
      22
      21
      17
      30
      25
      33
      33
      20
      23
      25
      26
      29
      36
      19
      28
      30
      14
      27
      25
      25
      26
      32
      29
      30
      29
      26
      27
      30
      23
      27
      36
      24
      28
      28
      22
      20
      22
      24
      26
      28
      28
      21
      31
      20
      23
      32
      29
      30
      36
      36
      18
      17
      30
      27
      32
      26
      28
      25
      27
      30
      24
      28
      34
      25
      24
      32
      21
      26
      34
      27
      30
      35
      28
      20
      35
      33
      24
      28
      34
      22
      28
      25
      26
      26
      27
      20
      23
      29
      48
      32
      30
      35
      34
      33
      33
      41
      29
      27
      36
      29
      24
      47
      32
      32
      41
      28
      28
      34
      38
      32
      30
      38
      29
      24
      36
      30
      26
      39
      41
      31
      34
      23
      24
      42
      35
      32
      40
      33
      27
      47
      40
      36
      50
      31
      39
      42
      45
      37
      33
      42
      45
      35
      33
      28
      34
      36
      27
      27
      38
      48
      43
      37
      35
      34
      33
      36
      35
      41
      31
      35
      25
      39
      32
      36
      43
      40
      31
      35
      38
      42
      40
      36
      33
      29
      49
      55
      43
      45
      46
      38
      36
      40
      39
      38
      40
      40
      42
      43
      31
      38
      47
      45
      37
      40
      42
      38
      34
      47
      42
      34
      50
      42
      39
      41
      47
      54
      41
      53
      60
      48
      45
      39
      43
      47
      42
      47
      38
      50
      46
      47
      47
      38
      42
      50
      41
      47
      42
      46
      46
      50
      43
      44
      45
      40
      43
      33
      52
      62
      37
      46
      59
      56
      41
      43
      47
      45
      39
      55
      47
      47
      48
      39
      42
      54
      49
      40
      57
      35
      43
      54
      45
      40
      53
      58
      51
      42
      49
      46
      48
      50
      47
      48
      43
      52
      39
      61
      48
      56
      54
      52
      56
      43
      67
      41
      50
      51
      51
      48
      59
      54
      55
      43
      55
      39
      73
      49
      42
      69
      67
      56
      43
      55
      55
      75
      49
      66
      55
      55
      63
      62
      54
      55
      61
      65
      57
      53
      54
      54
      54
      67
      76
      64
      67
      61
      65
      58
      69
      50
      68
      74
      52
      60
      52
      55
      56
      57
      60
      66
      56
      55
      52
      60
      63
      63
      64
      70
      81
      66
      57
      50
      72
      66
      59
      62
      69
      72
      82
      63
      64
      75
      77
      81
      77
      65
      85
      81
      71
      63
      72
      84
      80
      76
      73
      62
      70
      83
      78
      75
      80
      82
      66
      80
      72
      90
      85
      75
      78
      63
      83
      90
      76
      98
      73
      96
      87
     102
      75
      67
      80
      76
      84
      97
      91
      89
      98
     113
      86
      81
      66
      95
      96
      89
     110
     102
      96
      89
      96
     100
     102
     105
     110
      89
     100
     102
     115
     111
     103
     112
     124
     117
     121
     103
     114
     105
     111
      99
     125
     120
     116
     118
     124
     112
     138
     129
     131
     138
     117
     124
     129
     142
     117
     111
     136
     142
     130
     137
     152
     138
     144
     153
     129
     132
     137
     138
     118
     149
     129
     133
     125
     154
     125
     156
     145
     123
     130
     152
     154
     144
     145
     154
     133
     128
     142
     137
     138
     125
     123
     135
     143
     133
     140
     128
     127
     141
     132
     149
     122
     159
     138
     133
     141
     133
     136
     128
     121
     130
     119
     134
     121
     125
     135
     118
     133
     122
     118
     114
     110
     120
     115
     102
     123
     121
     126
     107
     123
     110
     136
     119
     136
     116
     116
     115
     117
     128
     117
     110
     112
     107
     119
     119
     121
     102
     123
     115
      86
     125
     118
     118
     114
     126
     124
     121
     119
     105
     127
      90
     115
     100
     114
     100
     107
     124
     104
     118
     108
     121
     122
     115
     106
     106
     101
     107
     109
     100
      93
     118
     117
     101
     125
     127
     108
     126
     104
     112
     107
     104
     114
     116
     138
     115
     111
     125
     106
     119
     128
     116
     111
     104
     108
      96
     119
     115
     105
     117
     107
     113
     123
     103
     119
     109
     133
     121
     132
     124
     112
     108
     141
     130
     130
     104
     123
     144
     116
     132
     111
     134
     123
     137
     128
     138
     129
     113
     134
     119
      97
     129
     132
     109
     113
     116
     130
     138
     136
     126
     117
     137
     136
     124
     112
     130
     136
     142
     107
     123
     132
     129
     137
     140
     128
     116
     130
     132
     135
     145
     147
     132
     176
     141
     140
     126
     130
     160
     127
     154
     148
     130
     145
     164
     133
     138
     143
     145
     140
     142
     146
     159
     146
     160
     135
     145
     152
     138
     128
     146
     134
     157
     158
     157
     147
     126
     141
     173
     149
     133
     138
     141
     157
     171
     136
     145
     159
     144
     151
     152
     156
     145
     147
     151
     158
     157
     168
     171
     144
     142
     172
     168
     150
     178
     175
     147
     183
     160
     181
     157
     146
     162
     146
     166
     159
     160
     173
     176
     169
     172
     153
     164
     180
     151
     163
     174
     180
     177
     152
     175
     145
     162
     184
     198
     173
     138
     176
     161
     165
     155
     147
     173
     135
     186
     152
     180
     181
     172
     149
     177
     160
     168
     165
     190
     162
     164
     173
     177
     150
     174
     146
     159
     152
     165
     152
     168
     159
     155
     176
     141
     170
     165
     151
     171
     150
     146
     170
     152
     156
     161
     166
     161
     160
     165
     135
     138
     134
     156
     147
     146
     146
     168
     144
     184
     150
     151
     153
     168
     132
     150
     137
     145
     142
     166
     165
     144
     140
     150
     156
     131
     154
     140
     158
     129
     145
     150
     145
     132
     133
     132
     143
     135
     145
     147
     151
     134
     150
     157
     132
     138
     137
     124
     111
     122
     135
     142
     132
     108
     122
     143
     120
     137
     123
     137
     111
     113
     132
     128
     119
     133
     121
     138
     107
     129
     119
     119
     121
     123
     110
     130
     112
     124
     127
     106
     138
     124
     115
      94
     110
     113
      90
     117
      89
     115
     108
     108
      98
     116
     106
     114
     109
     101
     103
      87
      98
      90
      98
      91
      96
      95
      92
      95
     102
      87
      99
      92
      97
     123
     112
     102
      91
     107
      88
     105
     100
      98
      99
      88
      98
      93
      88
     100
      99
      96
     106
     108
     106
     103
      94
     114
     109
      98
      89
      84
      79
      82
      83
      94
     103
      89
      84
      97
      92
      93
      85
      74
      91
      77
      83
      78
      61
      83
      89
      91
      73
      83
      91
      91
      81
      91
      90
      74
      86
     102
      88
      73
      87
      98
      98
      93
      98
     103
      97
      87
     110
      92
      99
     101
     114
     108
     109
     131
     129
     116
     154
     132
     160
     154
     171
     187
     186
     198
     195
     233
     243
     259
     257
     285
     290
     289
     289
     326
     331
     325
     348
     331
     367
     357
     378
     413
     403
     439
     397
     437
     421
     429
     454
     435
     407
     470
     452
     435
     421
     449
     460
     415
     392
     422
     375
     338
     309
     322
     329
     298
     309
     313
     275
     241
     240
     199
     208
     193
     171
     167
     149
     137
     150
     136
     101
     104
      82
      92
      73
      81
      81
      60
      67
      58
      60
      50
      55
      42
      37
      41
      35
      50
      50
      40
      29
      27
      36
      32
      37
      28
      34
      38
      23
      35
      28
      26
      35
      34
      30
      36
      26
      20
      30
      35
      27
      33
      24
      30
      29
      23
      30
      29
      24
      32
      27
      31
      30
      24
      32
      27
      39
      26
      26
      31
      34
      32
      21
      34
      28
      34
      33
      24
      36
      20
      28
      35
      36
      28
      23
      29
      29
      34
      26
      22
      26
      36
      24
      38
      25
      36
      27
      41
      30
      33
      29
      21
      27
      35
      25
      38
      24
      23
      22
      26
      28
      29
      28
      34
      33
      22
      29
      23
      23
      26
      28
      26
      29
      29
      28
      36
      25
      29
      17
      32
      33
      31
      33
      27
      27
      31
      29
      27
      37
      28
      25
      37
      32
      40
      33
      29
      35
      33
      38
      23
      32
      35
      33
      32
      31
      38
      41
      28
      35
      30
      46
      35
      32
      30
      29
      31
      36
      40
      28
      28
      44
      36
      35
      30
      36
      35
      38
      37
      39
      39
      31
      35
      31
      42
      29
      37
      34
      27
      27
      32
      28
      25
      30
      31
      44
      29
      30
      24
      32
      36
      38
      30
      46
      29
      25
      23
      29
      31
      27
      31
      27
      28
      30
      36
      41
      32
      30
      34
      26
      33
      25
      24
      28
      37
      37
      39
      31
      42
      23
      36
      33
      26
      33
      33
      41
      32
      34
      46
      27
      35
      23
      36
      29
      28
      24
      34
      36
      25
      26
      28
      30
      36
      22
      35
      29
      32
      39
      36
      21
      27
      30
      31
      31
      34
      35
      33
      28
      30
      29
      39
      35
      39
      25
      38
      32
      37
      43
      31
      25
      39
      30
      20
      34
      53
      33
      38
      28
      32
      31
      26
      35
      39
      28
      26
      40
      39
      31
      26
      31
      27
      28
      25
      34
      37
      31
      19
      29
      35
      32
      31
      28
      28
      25
      31
      35
      33
      33
      39
      42
      32
      39
      28
      28
      34
      30
      31
      39
      35
      31
      37
      35
      36
      34
      24
      32
      29
      34
      35
      35
      38
      30
      27
      32
      34
      32
      31
      35
      24
      26
      35
      25
      37
      34
      23
      41
      36
      42
      41
      28
      38
      40
      38
      34
      31
      41
      36
      44
      33
      36
      24
      29
      30
      33
      26
      33
      36
      33
      25
      40
      44
      35
      39
      35
      33
      29
      30
      36
      40
      32
      34
      41
      34
      36
      33
      39
      40
      34
      31
      34
      46
      33
      37
      47
      32
      45
      31
      40
      36
      35
      36
      32
      20
      30
      27
      35
      39
      31
      37
      31
      39
      35
      33
      23
      33
      27
      42
      42
      30
      40
      21
      33
      31
      49
      33
      40
      26
      35
      40
      26
      30
      40
      33
      45
      29
      30
      43
      26
      37
      23
      39
      36
      31
      40
      34
      38
      36
      35
      36
      39
      36
      29
      36
      28
      40
      27
      37
      34
      30
      40
      35
      41
      32
      33
      31
      38
      31
      29
      35
      44
      37
      24
      34
      46
      34
      42
      34
      51
      45
      37
      48
      33
      28
      35
      36
      34
      37
      39
      36
      31
      34
      48
      32
      32
      29
      41
      41
      41
      43
      45
      33
      40
      43
      33
      29
      30
      37
      29
      37
      40
      40
      46
      37
      42
      36
      35
      27
      34
      28
      35
      38
      30
      36
      25
      44
      27
      32
      38
      41
      32
      39
      45
      32
      45
      29
      45
      33
      42
      26
      45
      33
      33
      34
      33
      31
      46
      36
      41
      48
      45
      42
      34
      33
      33
      32
      29
      32
      27
      31
      39
      41
      42
      41
      38
      36
      31
      41
      42
      47
      33
      26
      32
      44
      26
      30
      46
      41
      35
      28
      44
      34
      40
      30
      37
      32
      29
      38
      31
      41
      37
      39
      40
      47
      39
      42
      30
      41
      38
      29
      42
      36
      39
      34
      26
      36
      37
      43
      28
      42
      28
      43
      40
      34
      44
      29
      37
      45
      32
      31
      41
      40
      43
      47
      33
      28
      43
      48
      45
      44
      45
      42
      41
      48
      50
      50
      40
      40
      33
      44
      43
      33
      39
      41
      42
      44
      32
      44
      38
      42
      62
      25
      40
      40
      45
      39
      54
      47
      29
      47
      51
      48
      43
      39
      39
      55
      44
      32
      51
      37
      43
      36
      43
      28
      32
      35
      51
      47
      39
      38
      33
      44
      30
      41
      36
      41
      41
      33
      39
      41
      37
      54
      33
      42
      28
      27
      38
      40
      40
      41
      41
      40
      51
      47
      34
      43
      42
      41
      29
      33
      29
      33
      48
      33
      35
      38
      38
      26
      42
      46
      36
      41
      42
      58
      33
      43
      49
      44
      37
      40
      32
      35
      38
      45
      52
      32
      55
      53
      46
      48
      41
      40
      47
      37
      42
      37
      53
      41
      53
      47
      62
      43
      44
      50
      56
      55
      47
      43
      52
      38
      43
      35
      54
      49
      41
      58
      51
      53
      38
      69
      52
      40
      44
      55
      48
      67
      52
      39
      54
      51
      50
      54
      50
      37
      52
      44
      50
      41
      41
      58
      47
      58
      47
      40
      37
      44
      48
      46
      48
      39
      40
      40
      41
      36
      47
      42
      44
      44
      40
      47
      36
      43
      43
      46
      38
      40
      46
      29
      43
      43
      40
      44
      38
      48
      44
      39
      30
      38
      46
      49
      32
      45
      44
      43
      37
      34
      41
      40
      35
      46
      42
      30
      38
      46
      45
      46
      41
      42
      32
      50
      43
      41
      42
      35
      43
      31
      45
      47
      41
      44
      39
      48
      34
      40
      40
      45
      58
      57
      54
      50
      42
      54
      49
      47
      45
      63
      45
      65
      50
      45
      48
      45
      52
      56
      52
      58
      60
      48
      62
      55
      48
      45
      48
      51
      44
      55
      44
      43
      52
      61
      44
      40
      43
      43
      54
      46
      43
      42
      41
      55
      37
      63
      49
      57
      43
      36
      36
      32
      56
      38
      34
      33
      36
      45
      36
      42
      59
      38
      37
      41
      32
      34
      34
      34
      44
      44
      37
      39
      34
      39
      42
      46
      33
      43
      37
      32
      51
      45
      38
      32
      40
      40
      47
      46
      42
      39
      35
      46
      52
      52
      43
      54
      41
      42
      40
      40
      45
      51
      46
      39
      43
      44
      37
      45
      43
      40
      32
      51
      40
      36
      32
      48
      35
      40
      44
      44
      55
      41
      43
      43
      39
      41
      41
      37
      34
      37
      36
      44
      38
      40
      43
      44
      42
      44
      50
      42
      52
      40
      37
      40
      34
      47
      46
      49
      49
      41
      34
      31
      38
      33
      43
      39
      29
      41
      44
      34
      47
      39
      52
      44
      25
      37
      34
      36
      33
      35
      35
      42
      38
      51
      46
      46
      46
      43
      52
      47
      33
      37
      37
      37
      32
      35
      38
      34
      40
      51
      44
      47
      27
      50
      39
      39
      37
      45
      36
      43
      39
      33
      32
      39
      40
      53
      35
      43
      41
      47
      38
      38
      47
      36
      39
      36
      46
      51
      41
      36
      23
      36
      40
      48
      36
      38
      43
      29
      38
      46
      36
      39
      35
      60
      47
      53
      51
      41
      37
      45
      48
      38
      38
      34
      52
      45
      40
      29
      38
      37
      42
      40
      35
      40
      31
      28
      44
      44
      42
      41
      48
      46
      51
      40
      56
      36
      46
      53
      35
      43
      44
      38
      37
      49
      38
      42
      60
      30
      39
      45
      48
      40
      36
      54
      35
      42
      49
      41
      37
      45
      32
      54
      36
      45
      50
      45
      51
      40
      48
      31
      40
      39
      26
      42
      38
      36
      43
      40
      45
      47
      44
      45
      39
      44
      49
      37
      40
      41
      33
      47
      40
      34
      47
      26
      44
      25
      38
      47
      40
      46
      40
      43
      38
      46
      48
      39
      50
      42
      37
      35
      45
      39
      40
      33
      53
      47
      48
      39
      46
      47
      52
      34
      41
      45
      54
      48
      38
      40
      46
      46
      41
      45
      50
      40
      40
      41
      39
      54
      39
      45
      43
      48
      30
      40
      52
      46
      42
      38
      51
      48
      44
      40
      60
      50
      47
      39
      50
      32
      41
      42
      46
      35
      48
      45
      52
      36
      49
      37
      35
      38
      43
      41
      41
      55
      46
      46
      50
      40
      57
      48
      49
      32
      43
      39
      47
      44
      41
      43
      46
      41
      49
      47
      52
      49
      55
      42
      45
      36
      37
      40
      38
      41
      40
      35
      28
      45
      40
      40
      46
      43
      51
      41
      59
      42
      43
      44
      49
      34
      39
      47
      39
      52
      43
      43
      40
      50
      44
      41
      42
      37
      43
      40
      47
      48
      43
      41
      45
      43
      40
      41
      53
      42
      42
      52
      57
      44
      33
      34
      45
      43
      35
      36
      48
      35
      38
      40
      46
      53
      40
      46
      55
      45
      44
      34
      32
      39
      32
      45
      44
      39
      46
      41
      34
      54
      43
      37
      56
      37
      51
      40
      48
      35
      40
      44
      45
      47
      46
      47
      56
      41
      35
      44
      36
      34
      46
      40
      46
      50
      54
      39
      46
      56
      57
      37
      41
      39
      38
      42
      55
      62
      46
      51
      49
      46
      49
      45
      34
      51
      47
      52
      52
      49
      42
      45
      53
      49
      40
      51
      36
      60
      45
      51
      46
      56
      41
      33
      60
      39
      39
      44
      42
      49
      54
      44
      45
      40
      47
      43
      41
      44
      58
      46
      47
      51
      48
      55
      48
      45
      37
      38
      40
      48
      51
      30
      41
      45
      50
      34
      44
      44
      47
      52
      42
      44
      45
      48
      42
      46
      46
      43
      36
      40
      43
      48
      36
      35
      35
      34
      47
      41
      38
      25
      54
      43
      43
      34
      33
      44
      50
      54
      40
      32
      49
      36
      35
      48
      53
      37
      45
      42
      44
      41
      41
      48
      39
      46
      52
      36
      36
      57
      51
      49
      32
      47
      40
      44
      45
      46
      48
      37
      30
      41
      35
      39
      46
      41
      48
      45
      48
      56
      44
      51
      32
      42
      44
      47
      34
      44
      36
      38
      44
      56
      41
      50
      37
      58
      53
      45
      51
      54
      36
      38
      48
      47
      43
      26
      45
      44
      42
      41
      48
      54
      36
      37
      38
      29
      51
      52
      47
      47
      45
      46
      42
      39
      45
      39
      51
      38
      42
      48
      47
      36
      47
      49
      40
      39
      39
      38
      48
      46
      38
      49
      44
      47
      41
      49
      33
      60
      49
      43
      36
      48
      46
      38
      40
      49
      43
      36
      46
      55
      45
      53
      43
      51
      52
      53
      43
      46
      43
      56
      46
      38
      38
      47
      35
      55
      36
      38
      44
      47
      44
      48
      36
      46
      47
      42
      51
      44
      47
      54
      29
      47
      39
      45
      48
      58
      39
      38
      41
      47
      41
      49
      37
      42
      33
      51
      43
      39
      45
      45
      42
      45
      43
      37
      54
      47
      51
      42
      47
      40
      39
      40
      54
      39
      38
      47
      46
      52
      61
      44
      48
      38
      48
      47
      44
      49
      53
      52
      40
      47
      55
      44
      42
      54
      43
      49
      51
      41
      47
      50
      40
      51
      54
      36
      52
      44
      53
      43
      57
      42
      39
      58
      60
      42
      44
      50
      48
      47
      54
      55
      47
      46
      39
      38
      50
      34
      54
      39
      44
      52
      48
      34
      45
      35
      39
      48
      47
      56
      43
      41
      57
      39
      45
      30
      43
      48
      46
      54
      49
      38
      45
      44
      50
      31
      41
      47
      38
      46
      40
      47
      48
      59
      45
      55
      43
      44
      40
      41
      44
      45
      44
      42
      49
      36
      45
      40
      32
      39
      46
      51
      47
      41
      41
      32
      31
      40
      38
      38
      50
      35
      34
      50
      38
      35
      38
      41
      40
      39
      38
      30
      37
      51
      55
      41
      54
      49
      38
      47
      41
      56
      48
      41
      37
      38
      41
      54
      41
      42
      39
      36
      40
      45
      41
      32
      33
      40
      43
      45
      55
      35
      42
      35
      44
      35
      35
      41
      57
      47
      43
      43
      55
      39
      36
      50
      56
      47
      50
      43
      48
      38
      46
      42
      36
      47
      44
      31
      41
      54
      52
      44
      46
      41
      45
      55
      46
      36
      43
      48
      56
      42
      42
      44
      48
      46
      32
      45
      51
      41
      38
      54
      36
      39
      39
      39
      45
      37
      48
      44
      46
      42
      47
      45
      48
      46
      44
      41
      47
      51
      34
      47
      38
      33
      42
      36
      40
      50
      52
      40
      45
      38
      37
      40
      50
      52
      44
      57
      45
      44
      43
      44
      44
      35
      42
      41
      30
      40
      41
      36
      42
      37
      41
      44
      49
      45
      40
      41
      45
      45
      42
      39
      37
      48
      38
      38
      58
      48
      51
      51
      42
      42
      44
      50
      49
      50
      40
      46
      54
      35
      39
      38
      35
      37
      39
      39
      44
      43
      31
      49
      60
      51
      42
      46
      54
      44
      47
      49
      41
      48
      54
      37
      34
      34
      49
      41
      36
      39
      39
      47
      48
      54
      40
      44
      38
      52
      44
      51
      37
      51
      52
      38
      50
      33
      38
      38
      40
      49
      47
      52
      41
      34
      49
      29
      45
      58
      51
      41
      37
      49
      42
      30
      58
      48
      56
      47
      39
      54
      56
      46
      44
      48
      43
      33
      32
      35
      43
      41
      48
      54
      46
      43
      48
      44
      43
      35
      50
      44
      44
      36
      45
      47
      42
      41
      47
      56
      46
      43
      52
      46
      32
      36
      51
      40
      41
      51
      40
      32
      40
      47
      47
      54
      54
      35
      34
      40
      43
      37
      45
      36
      32
      37
      39
      49
      37
      40
      29
      35
      52
      44
      34
      51
      44
      54
      34
      41
      40
      45
      41
      39
      41
      43
      49
      41
      34
      53
      38
      58
      36
      41
      28
      38
      58
      47
      34
      45
      35
      48
      46
      52
      44
      44
      39
      50
      46
      40
      42
      41
      42
      59
      48
      39
      31
      45
      43
      54
      41
      47
      44
      41
      41
      49
      46
      33
      41
      48
      45
      55
      32
      41
      40
      44
      60
      44
      29
      40
      43
      48
      36
      36
      42
      44
      37
      47
      36
      38
      55
      44
      38
      47
      40
      37
      45
      33
      48
      51
      38
      39
      35
      54
      46
      44
      54
      45
      38
      40
      38
      33
      37
      39
      38
      41
      53
      60
      41
      31
      42
      47
      44
      39
      37
      55
      56
      35
      47
      41
      56
      58
      39
      43
      51
      47
      46
      56
      43
      51
      44
      38
      49
      48
      46
      36
      42
      54
      39
      42
      39
      57
      47
      54
      52
      51
      56
      48
      41
      45
      50
      39
      50
      40
      41
      61
      51
      46
      45
      47
      47
      51
      45
      50
      44
      45
      49
      41
      39
      45
      35
      44
      40
      35
      36
      46
      39
      37
      39
      49
      36
      39
      35
      39
      36
      39
      52
      41
      36
      46
      38
      43
      44
      34
      35
      36
      37
      51
      51
      35
      50
      34
      52
      43
      35
      47
      39
      43
      43
      49
      39
      51
      55
      47
      39
      41
      51
      44
      36
      29
      39
      40
      46
      35
      47
      46
      50
      41
      33
      31
      33
      55
      46
      40
      45
      36
      49
      40
      32
      44
      38
      46
      44
      43
      38
      52
      38
      40
      32
      40
      37
      44
      28
      38
      34
      41
      47
      42
      30
      34
      41
      43
      43
      46
      42
      46
      52
      43
      38
      40
      36
      44
      28
      41
      36
      39
      36
      44
      31
      53
      40
      37
      43
      50
      35
      51
      41
      39
      48
      38
      39
      37
      43
      35
      43
      51
      39
      49
      41
      37
      48
      46
      44
      40
      34
      44
      34
      50
      42
      50
      43
      45
      44
      42
      45
      44
      42
      46
      38
      41
      28
      37
      44
      37
      36
      35
      39
      46
      27
      43
      40
      35
      44
      45
      46
      45
      38
      45
      35
      45
      48
      37
      47
      42
      24
      37
      54
      39
      39
      50
      40
      46
      38
      41
      52
      44
      37
      44
      37
      50
      52
      48
      41
      46
      38
      36
      34
      47
      54
      41
      49
      53
      42
      40
      50
      46
      37
      50
      40
      38
      41
      42
      39
      49
      41
      41
      40
      32
      46
      37
      51
      57
      48
      39
      41
      38
      53
      30
      38
      30
      51
      28
      29
      45
      51
      41
      48
      36
      46
      46
      28
      53
      35
      54
      37
      43
      37
      37
      36
      37
      46
      47
      35
      36
      46
      35
      45
      35
      47
      46
      40
      37
      37
      48
      44
      58
      45
      48
      37
      53
      40
      51
      51
      52
      36
      46
      54
      34
      34
      41
      44
      40
      37
      48
      30
      45
      43
      27
      48
      33
      38
      44
      41
      39
      24
      49
      47
      45
      31
      54
      32
      29
      46
      41
      38
      56
      45
      46
      47
      55
      37
      43
      42
      38
      45
      40
      48
      39
      48
      33
      43
      47
      37
      41
      40
      32
      32
      38
      28
      45
      38
      53
      43
      46
      43
      37
      40
      38
      32
      39
      32
      36
      43
      49
      38
      53
      37
      44
      54
      38
      42
      49
      42
      39
      44
      45
      40
      44
      43
      37
      41
      46
      36
      41
      46
      38
      49
      29
      45
      50
      36
      39
      47
      43
      51
      34
      44
      49
      49
      52
      31
      50
      32
      37
      43
      48
      39
      39
      33
      43
      36
      41
      33
      46
      37
      31
      44
      40
      31
      40
      46
      41
      39
      47
      37
      43
      40
      23
      35
      35
      45
      29
      28
      35
      43
      43
      51
      34
      38
      46
      43
      49
      45
      44
      54
      37
      41
      46
      27
      48
      47
      45
      54
      41
      33
      31
      48
      31
      44
      30
      41
      42
      33
      36
      49
      35
      47
      40
      46
      37
      38
      38
      44
      41
      40
      39
      43
      37
      41
      45
      38
      33
      42
      41
      39
      45
      55
      33
      33
      40
      36
      40
      32
      33
      37
      47
      43
      41
      44
      32
      40
      38
      42
      41
      35
      43
      42
      40
      42
      32
      47
      47
      30
      42
      40
      48
      29
      56
      45
      47
      48
      36
      38
      44
      39
      52
      31
      39
      40
      43
      53
      34
      42
      40
      39
      40
      44
      35
      44
      40
      29
      46
      36
      41
      48
      24
      30
      46
      39
      45
      38
      36
      35
      41
      37
      30
      34
      31
      36
      31
      29
      34
      40
      36
      45
      50
      45
      36
      48
      41
      58
      32
      32
      42
      38
      40
      38
      40
      37
      29
      37
      40
      42
      44
      32
      55
      35
      36
      34
      37
      40
      45
      39
      47
      41
      35
      27
      43
      39
      44
      42
      29
      46
      31
      34
      31
      52
      37
      34
      36
      50
      44
      53
      29
      29
      42
      33
      28
      37
      42
      32
      40
      45
      30
      26
      44
      39
      41
      44
      42
      39
      38
      46
      38
      38
      34
      33
      42
      43
      35
      39
      53
      47
      51
      45
      56
      43
      38
      47
      45
      44
      45
      25
      44
      32
      52
      37
      23
      45
      31
      46
      48
      35
      38
      33
      36
      44
      42
      34
      36
      32
      39
      47
      46
      33
      41
      46
      47
      37
      39
      46
      39
      57
      41
      32
      46
      33
      37
      46
      48
      50
      54
      31
      35
      33
      31
      56
      34
      32
      33
      36
      35
      31
      53
      31
      52
      33
      51
      35
      46
      40
      34
      42
      43
      41
      46
      40
      31
      38
      41
      32
      43
      28
      30
      39
      39
      35
      41
      28
      36
      36
      43
      36
      49
      38
      44
      45
      31
      47
      38
      22
      31
      40
      45
      40
      35
      37
      33
      45
      40
      41
      36
      35
      28
      35
      32
      41
      37
      36
      30
      40
      39
      39
      40
      40
      42
      27
      47
      39
      40
      37
      45
      45
      43
      35
      40
      50
      35
      43
      46
      31
      26
      46
      42
      33
      39
      35
      40
      34
      33
      41
      42
      42
      43
      38
      36
      37
      47
      35
      43
      48
      42
      36
      49
      49
      39
      28
      52
      28
      40
      33
      28
      38
      33
      25
      34
      45
      30
      38
      33
      36
      44
      41
      26
      36
      34
      36
      38
      34
      43
      37
      43
      42
      47
      27
      43
      29
      30
      47
      37
      36
      36
      35
      37
      42
      38
      46
      43
      41
      40
      38
      42
      37
      47
      49
      35
      33
      42
      47
      33
      37
      42
      29
      42
      46
      55
      31
      40
      46
      29
      31
      50
      33
      38
      36
      39
      41
      38
      40
      36
      45
      38
      36
      28
      29
      41
      35
      38
      42
      28
      45
      34
      38
      37
      31
      41
      42
      28
      37
      35
      45
      31
      41
      29
      32
      41
      33
      59
      32
      25
      46
      31
      33
      44
      50
      32
      46
      39
      37
      44
      40
      43
      28
      33
      46
      42
      28
      40
      43
      32
      38
      34
      32
      46
      29
      37
      34
      37
      33
      35
      47
      37
      38
      36
      41
      37
      53
      39
      42
      31
      36
      41
      40
      33
      34
      51
      39
      34
      43
      48
      37
      45
      29
      37
      43
      38
      43
      35
      40
      36
      41
      40
      53
      43
      40
      29
      40
      44
      43
      36
      33
      34
      27
      26
      33
      40
      37
      45
      36
      37
      36
      35
      35
      33
      48
      38
      38
      39
      37
      34
      23
      26
      30
      32
      48
      31
      38
      27
      28
      46
      42
      27
      39
      25
      34
      39
      40
      37
      33
      42
      33
      37
      39
      43
      38
      39
      40
      43
      31
      45
      32
      41
      39
      42
      34
      37
      40
      32
      46
      30
      50
      38
      44
      28
      30
      42
      38
      45
      24
      33
      25
      41
      40
      34
      34
      32
      39
      37
      35
      38
      44
      43
      41
      32
      44
      38
      35
      34
      40
      50
      39
      41
      36
      34
      41
      38
      43
      37
      34
      29
      36
      38
      41
      37
      37
      37
      41
      43
      46
      32
      41
      22
      47
      41
      51
      36
      39
      31
      35
      45
      28
      49
      38
      39
      38
      33
      35
      41
      41
      31
      31
      32
      40
      44
      35
      31
      39
      37
      51
      33
      40
      32
      41
      40
      42
      41
      38
      32
      38
      32
      47
      41
      39
      34
      28
      29
      38
      28
      39
      46
      42
      33
      27
      37
      41
      44
      47
      37
      28
      46
      42
      38
      45
      34
      40
      35
      45
      43
      34
      41
      43
      39
      42
      46
      44
      40
      41
      38
      32
      45
      37
      44
      36
      37
      49
      45
      49
      38
      46
      32
      36
      41
      34
      41
      34
      33
      34
      44
      33
      36
      27
      40
      36
      47
      38
      35
      44
      35
      34
      42
      38
      30
      39
      36
      37
      31
      33
      30
      36
      39
      32
      32
      43
      34
      33
      47
      35
      34
      40
      37
      34
      42
      33
      39
      41
      27
      35
      30
      40
      41
      45
      35
      30
      49
      30
      33
      37
      43
      41
      46
      36
      34
      32
      39
      32
      39
      41
      51
      41
      46
      44
      37
      41
      38
      40
      47
      35
      32
      33
      43
      33
      29
      32
      44
      49
      43
      38
      38
      50
      51
      43
      29
      35
      28
      28
      35
      35
      38
      42
      23
      38
      33
      39
      38
      36
      42
      43
      27
      27
      29
      44
      39
      34
      37
      42
      37
      41
      47
      46
      42
      34
      41
      46
      35
      32
      37
      39
      28
      37
      38
      35
      40
      32
      33
      30
      28
      29
      31
      30
      35
      35
      38
      32
      37
      39
      50
      45
      45
      32
      34
      39
      35
      30
      35
      35
      43
      35
      44
      43
      39
      35
      44
      43
      40
      29
      19
      38
      33
      40
      48
      39
      31
      29
      35
      32
      32
      37
      37
      28
      35
      36
      39
      29
      32
      36
      49
      36
      40
      36
      41
      31
      42
      39
      44
      32
      40
      28
      37
      29
      47
      36
      33
      52
      37
      30
      34
      35
      32
      38
      36
      41
      38
      39
      33
      30
      41
      35
      36
      34
      45
      31
      33
      34
      36
      33
      39
      26
      46
      41
      36
      34
      40
      31
      33
      40
      35
      42
      39
      37
      31
      28
      26
      42
      46
      21
      33
      34
      25
      19
      34
      40
      41
      27
      29
      35
      31
      24
      36
      29
      34
      33
      35
      33
      31
      27
      29
      30
      33
      35
      37
      46
      38
      36
      38
      38
      33
      33
      30
      36
      38
      33
      52
      32
      25
      38
      32
      36
      30
      38
      35
      39
      38
      31
      39
      26
      34
      50
      30
      40
      32
      34
      37
      33
      38
      45
      32
      34
      45
      40
      39
      35
      27
      43
      32
      39
      34
      32
      38
      41
      31
      27
      28
      30
      35
      41
      28
      44
      39
      38
      36
      34
      30
      40
      39
      25
      31
      36
      35
      37
      39
      30
      35
      39
      35
      37
      32
      32
      35
      31
      29
      39
      41
      30
      41
      33
      35
      41
      32
      27
      44
      36
      46
      37
      30
      45
      30
      45
      39
      25
      40
      35
      47
      40
      38
      42
      29
      34
      39
      39
      33
      35
      27
      43
      40
      29
      32
      34
      31
      31
      21
      35
      27
      35
      35
      30
      37
      37
      31
      35
      47
      33
      26
      31
      36
      44
      44
      37
      39
      34
      29
      35
      24
      40
      39
      43
      42
      26
      23
      31
      36
      40
      31
      33
      27
      26
      36
      29
      33
      45
      41
      32
      32
      25
      51
      35
      36
      36
      32
      38
      44
      33
      40
      36
      32
      41
      29
      30
      32
      29
      37
      43
      37
      34
      33
      28
      28
      45
      38
      38
      42
      42
      38
      28
      38
      26
      38
      30
      40
      26
      37
      26
      29
      39
      23
      34
      23
      34
      32
      39
      38
      34
      29
      30
      41
      34
      35
      26
      24
      32
      30
      32
      38
      38
      30
      27
      21
      26
      24
      43
      30
      27
      31
      30
      27
      30
      30
      29
      27
      49
      40
      32
      23
      36
      28
      28
      31
      39
      34
      28
      31
      30
      32
      27
      45
      30
      26
      34
      38
      39
      27
      39
      43
      34
      32
      33
      34
      26
      35
      37
      41
      40
      31
      32
      37
      40
      30
      39
      38
      39
      30
      36
      25
      34
      24
      38
      31
      39
      32
      34
      38
      35
      28
      36
      31
      45
      24
      32
      33
      38
      30
      26
      37
      35
      24
      39
      32
      39
      38
      32
      25
      34
      32
      34
      39
      33
      38
      33
      36
      22
      33
      31
      27
      38
      24
      27
      35
      45
      27
      36
      30
      38
      39
      30
      33
      44
      35
      27
      32
      36
      36
      45
      41
      34
      30
      29
      24
      35
      35
      40
      26
      30
      20
      25
      30
      28
      27
      34
      27
      26
      37
      37
      27
      40
      42
      25
      34
      38
      35
      42
      28
      29
      33
      36
      30
      38
      32
      26
      30
      32
      36
      36
      42
      38
      30
      35
      29
      27
      41
      27
      28
      38
      31
      32
      33
      38
      31
      26
      30
      32
      21
      38
      31
      46
      19
      37
      39
      28
      27
      31
      34
      28
      32
      26
      26
      38
      35
      25
      29
      35
      28
      35
      25
      30
      32
      38
      32
      38
      32
      43
      28
      35
      40
      31
      40
      37
      33
      33
      29
      34
      32
      32
      30
      32
      31
      34
      26
      41
      31
      37
      29
      22
      33
      29
      26
      36
      29
      31
      32
      35
      35
      25
      31
      27
      35
      32
      39
      29
      39
      36
      29
      37
      30
      34
      36
      31
      34
      32
      42
      30
      25
      29
      30
      32
      31
      30
      29
      31
      25
      35
      32
      31
      44
      32
      36
      36
      44
      29
      44
      29
      34
      34
      28
      30
      18
      36
      35
      35
      30
      42
      36
      39
      32
      34
      40
      34
      23
      40
      30
      28
      29
      31
      42
      26
      30
      30
      32
      30
      29
      34
      32
      41
      29
      28
      27
      38
      38
      34
      31
      36
      38
      29
      31
      34
      38
      44
      38
      30
      35
      27
      36
      33
      35
      31
      30
      37
      36
      21
      30
      26
      34
      30
      21
      34
      37
      30
      41
      34
      43
      27
      28
      25
      32
      37
      27
      29
      37
      33
      34
      40
      34
      22
      20
      30
      29
      40
      39
      27
      38
      26
      28
      40
      34
      30
      37
      33
      40
      41
      37
      31
      23
      37
      29
      35
      25
      30
      30
      36
      39
      39
      30
      36
      38
      35
      24
      27
      36
      31
      35
      25
      36
      23
      36
      34
      29
      36
      26
      27
      45
      26
      29
      27
      33
      37
      39
      41
      46
      34
      32
      22
      32
      30
      11
      40
      39
      22
      27
      37
      32
      27
      24
      29
      28
      30
      23
      31
      36
      26
      31
      34
      27
      34
      34
      29
      45
      34
      29
      39
      35
      28
      33
      26
      33
      42
      32
      41
      25
      32
      32
      33
      28
      31
      34
      27
      41
      31
      25
      31
      22
      29
      44
      34
      33
      32
      46
      28
      27
      30
      41
      27
      24
      25
      23
      27
      26
      28
      38
      40
      26
      33
      33
      30
      26
      31
      28
      38
      31
      24
      24
      24
      34
      16
      27
      29
      32
      35
      31
      27
      25
      29
      34
      28
      37
      28
      37
      30
      32
      31
      28
      28
      35
      30
      20
      34
      38
      33
      27
      27
      27
      36
      38
      34
      37
      38
      26
      33
      45
      32
      38
      36
      36
      28
      34
      24
      35
      27
      33
      35
      30
      26
      33
      33
      31
      22
      28
      31
      38
      34
      31
      34
      30
      25
      38
      33
      27
      27
      21
      30
      36
      22
      28
      30
      21
      27
      28
      33
      26
      27
      38
      39
      37
      24
      35
      31
      30
      28
      33
      33
      26
      34
      37
      31
      37
      31
      30
      29
      29
      39
      37
      35
      37
      39
      32
      26
      28
      48
      32
      32
      40
      42
      25
      27
      29
      32
      19
      39
      29
      34
      27
      23
      40
      36
      35
      28
      26
      32
      40
      38
      21
      34
      35
      35
      39
      34
      32
      36
      28
      22
      28
      29
      28
      33
      28
      26
      41
      35
      23
      34
      24
      35
      18
      28
      24
      29
      34
      28
      31
      30
      29
      34
      39
      28
      34
      38
      41
      31
      31
      31
      30
      36
      27
      37
      32
      28
      22
      13
      27
      20
      28
      40
      31
      29
      26
      29
      47
      22
      26
      31
      38
      25
      32
      31
      24
      31
      35
      38
      26
      32
      25
      30
      35
      28
      43
      40
      16
      32
      30
      31
      36
      23
      36
      25
      29
      25
      28
      29
      30
      31
      30
      34
      25
      35
      37
      29
      37
      36
      31
      26
      32
      32
      30
      26
      33
      21
      30
      37
      26
      29
      31
      34
      19
      31
      33
      24
      25
      27
      27
      41
      29
      32
      25
      32
      27
      19
      33
      32
      27
      27
      30
      31
      33
      30
      32
      31
      30
      20
      36
      38
      24
      24
      26
      30
      27
      25
      24
      32
      29
      28
      34
      35
      34
      21
      29
      38
      41
      36
      31
      28
      41
      30
      28
      34
      36
      26
      22
      32
      35
      31
      32
      41
      25
      32
      32
      21
      25
      25
      19
      32
      35
      23
      31
      38
      26
      37
      28
      37
      24
      26
      28
      26
      24
      36
      26
      27
      38
      27
      31
      30
      25
      21
      34
      37
      31
      36
      32
      29
      34
      33
      33
      26
      21
      30
      34
      36
      35
      28
      31
      24
      27
      31
      35
      26
      35
      22
      20
      28
      25
      39
      41
      23
      29
      25
      30
      30
      29
      28
      21
      38
      36
      28
      28
      32
      31
      38
      31
      24
      31
      35
      29
      35
      29
      26
      25
      27
      33
      33
      26
      33
      26
      33
      32
      24
      19
      32
      34
      36
      33
      38
      34
      25
      29
      22
      25
      26
      31
      27
      38
      30
      29
      24
      24
      31
      20
      34
      25
      22
      20
      28
      25
      28
      31
      27
      40
      31
      31
      29
      31
      35
      28
      29
      39
      21
      29
      19
      32
      31
      20
      23
      39
      36
      23
      29
      22
      28
      28
      38
      22
      40
      24
      35
      21
      38
      28
      30
      23
      26
      34
      31
      26
      30
      15
      25
      24
      24
      31
      22
      24
      28
      29
      32
      46
      23
      35
      27
      34
      35
      29
      37
      34
      29
      28
      40
      27
      35
      26
      30
      25
      20
      23
      36
      25
      47
      26
      28
      26
      34
      32
      26
      29
      28
      28
      29
      39
      25
      26
      35
      23
      29
      19
      24
      37
      34
      34
      31
      23
      28
      24
      29
      30
      27
      24
      19
      33
      28
      34
      31
      34
      33
      32
      39
      28
      26
       0
       0
       0
       0
       0
       0
       0
       0
       0
       0
       0
       0
       0
       0
       0
       0
       0
       0
       0
       0
       0
       0
       0
       0
       0
       0
       0
       0
       0
       0
       0
       0
       0
       0
       0
       0
       0
       0
       0
       0
       0
       0
       0
       0
       0
       0
       0
       0
       0
       0
       0
       0
       0
       0
       0
       0
       0
       0
       0
       0
       0
       0
       0
       0
       0
       0
       0
       0
       0
       0
       0
       0
       0
       0
       0
       0
       0
       0
       0
       0
       0
       0
       0
       0
       0
       0
       0
       0
       0
       0
       0
       0
       0
       0
       0
       0
       0
       0
       0
       0
       0
       0
       0
       0
       0
       0
       0
       0
       0
       0
       0
       0
       0
       0
       0
       0
       0
       0
       0
       0
       0
       0
       0
       0
       0
       0
       0
       0
$ROI:
1
2986 3192
$PRESETS:
None
0
0
$ENER_FIT:
0.000000 0.019215
$MCA_CAL:
3
0.000000E+000 1.921453E-002 0.000000E+000 keV
$SHAPE_CAL:
3
4.059771E+001 0.000000E+000 0.000000E+000
