$SPEC_ID:
No sample description was entered.
$SPEC_REM:
DET# 1
DETDESC# DESKTOP-PNQJTCJ Easy-MCA-8k SN 09161357
AP# Maestro Version 7.01
$DATE_MEA:
03/10/2017 10:23:35
$MEAS_TIM:
160 174
$DATA:
0 8191
       0
       0
       0
       0
       0
       0
       0
       0
       0
       0
       0
       0
       0
       0
       0
       0
       0
       0
       0
       0
       0
       0
       0
       0
       0
       0
       0
       0
       0
       0
       0
      12
     268
    1542
    3678
    5171
    5593
    5019
    4501
    4729
    4341
    4166
   14717
   30045
    3633
    2289
    2119
    1754
    1270
    1222
    1038
     834
     597
     437
     339
     259
     190
     168
     161
      87
      82
      63
      62
      39
      35
      28
      20
      20
      28
      18
      12
      10
       6
       6
      11
       9
      16
       7
       3
       4
       4
      11
       8
       8
       8
       7
       7
       7
       5
       4
       8
       3
       8
       3
      10
       2
       8
      10
       6
       4
       6
       3
      11
       5
       8
       2
       2
       4
       6
       3
       7
       1
       5
       5
       2
       4
       6
       3
       2
       4
       6
       7
       6
       5
       5
       4
       5
       5
       5
       4
       9
       1
       5
       2
       5
       3
       5
       3
       1
       5
       7
       8
       3
       8
       4
       2
       4
       1
       3
       7
       2
       1
       0
       3
       2
       4
       7
       6
       3
       5
       4
       4
       4
       3
       5
       2
       5
       5
       8
       9
       4
       6
       1
       4
       1
       5
       9
       2
       4
       4
      10
       3
       5
       7
       2
       6
       4
       3
       6
       7
       5
       3
       4
       5
       5
       8
       4
       4
       3
       4
       6
       3
       4
       4
       7
       3
       8
       2
       5
       5
       1
       6
       4
       6
       6
       4
       3
       3
       8
       5
       6
       3
       6
       3
       6
       7
       8
       6
       1
       4
       4
       8
       2
       3
       3
       3
       7
       5
       8
       4
       7
       2
       6
       2
       2
       4
      12
       5
       4
       2
       7
       4
       3
       5
       9
       2
       7
       4
       3
       4
       8
       7
       6
       8
       6
       7
       4
       1
       2
       3
      11
       4
       6
       8
       6
       6
       6
       6
       7
       4
       5
       4
       5
       5
       9
       1
       3
       4
       6
       3
       4
       4
       6
       7
       4
       6
      11
       3
       4
       5
       7
       4
       6
       8
       6
       4
       2
       2
       5
       8
       4
       4
       5
       5
       7
       8
       6
       4
       5
       5
       3
       5
       3
       5
       7
       9
       8
       9
       6
       8
       5
       7
       3
       5
       6
       5
       8
       8
      10
       4
       7
       5
       5
       3
       7
       4
       7
       7
      10
       9
       4
       6
       3
       5
       5
       7
       9
       4
       4
       0
       5
       3
       7
       5
       6
       3
       1
       7
      11
       3
       1
       5
       4
       9
       5
       3
       5
       6
       5
       8
       4
       4
       4
       7
       4
       3
       6
       6
       6
       8
      11
       9
       9
       9
       6
       8
       8
       4
       3
      10
       5
       8
      11
      11
      10
      13
      10
       5
      10
       8
       6
       6
      15
       6
       7
       8
      12
       4
       6
       7
      12
       9
       9
       9
       8
       6
      10
      10
       7
      10
      10
       7
       6
      11
       9
       6
       8
       4
       8
       8
      12
       4
       5
      11
       3
       8
       7
       5
       7
       6
       9
       3
       8
       6
      10
       6
       4
       5
       6
       6
       4
       4
      11
       2
       7
       7
       5
       4
       4
       7
       9
       9
       7
       5
       8
       9
       8
       6
       6
       3
       9
       1
       7
       2
       9
       6
       8
       3
       9
      12
       8
       5
       2
      10
       3
       8
       5
       8
      12
       5
       5
       9
       5
      10
       7
       5
       5
       4
       8
      10
       3
       5
       7
       6
       6
       2
       5
      10
       5
      10
       9
       4
       6
       9
       8
       7
       6
       8
      10
       6
       5
       9
       1
       3
       3
       2
       6
      10
       9
       3
       5
       3
       3
      15
       2
       6
       5
       5
       3
       9
       8
       6
       6
      12
       5
       6
       3
      11
       4
       7
       5
       9
      11
       5
       6
      10
      10
       4
       2
       7
       7
      13
       7
       8
       9
       4
       5
       3
       4
      10
      12
       8
       1
       4
       6
       3
       7
       9
       6
       6
       7
       3
       6
       3
       4
      13
       8
       8
       5
       7
       3
       5
       6
       6
       4
       3
       5
       4
       3
       5
       6
       5
       4
      12
       4
       4
       2
       7
       5
       4
       2
       2
       6
       5
       1
       9
       1
       5
       5
       2
       7
       7
       4
       5
       4
       4
       4
       6
       6
       3
       1
       1
       4
      10
       3
       4
       4
       7
       6
       5
       9
       5
       1
       5
       6
       5
       4
       2
       5
       3
       0
       4
       7
       5
       4
       4
       4
       5
       6
       9
       3
       7
       6
       6
       5
       9
       3
       6
       3
       4
       2
       2
       4
       3
       6
       4
       5
       7
       4
       2
       3
       4
       2
       5
       3
       5
       5
       3
       5
       2
       2
       4
       2
       4
       1
       4
       7
       4
       5
       4
       9
       3
       4
       7
       3
       7
       6
       9
      13
      11
      12
       7
       9
      10
       9
       7
      12
       9
      10
      12
      14
      11
      17
      18
      10
      13
      18
       5
      12
      12
      23
      11
       5
      13
      14
      24
      17
      12
      18
       7
      19
      11
      10
      10
      14
       9
      11
       7
      13
       5
       4
       4
       7
       5
      10
       6
      10
       9
       4
       9
       4
       3
       9
       5
       4
       5
       9
       6
       3
       5
       5
       5
       2
       9
       4
       1
       4
      10
       5
       4
       6
       3
       2
       7
       1
       6
       8
       2
       2
       1
       1
       1
       4
       5
       1
       7
       1
       5
       5
       2
       0
       4
       2
       3
       6
       4
       2
       2
       6
       4
       1
       3
       4
       2
       3
       4
       4
       4
       4
       3
       8
       3
       3
       2
       1
       6
       3
       5
       6
       2
       2
       5
       3
       5
       7
       7
       1
       4
       8
       8
       7
       6
       4
       2
       9
       5
       3
       2
       7
       4
       6
       1
       5
       9
       4
       6
       4
       2
       4
       1
       3
       3
      11
       8
       6
       5
       1
       3
       1
       7
       3
       6
       2
       2
       7
       4
       1
       5
       7
       2
       1
       4
       9
       6
       6
       3
       6
       6
       5
       6
       8
       7
       7
       9
       5
       4
       7
      10
       3
       8
       4
       8
       9
       7
       6
       6
       5
       6
      10
       6
       2
      11
       4
       8
       7
       5
       6
      10
       7
       8
       4
       9
       4
       7
       5
       6
       6
       9
       4
       7
       8
       1
       2
       6
       1
       7
       5
       6
       5
       3
       5
       2
       4
       3
       3
       1
       1
       8
       2
       1
       3
       4
       4
       3
       3
       5
       3
       3
       1
       0
       1
       3
       3
       2
       1
       2
       3
       6
       5
       1
       2
       5
       2
       1
       1
       3
       5
       2
       2
       7
       3
       6
       2
       2
       3
       2
       2
       0
       2
       1
       4
       3
       0
       2
       1
       5
       2
       2
       5
       8
       3
       2
       4
       1
       2
       2
       6
       6
       2
       2
       8
       4
       1
       5
       1
       3
       4
       2
       3
       6
       1
       4
       4
       1
       2
       9
       4
       4
       2
       3
       9
       1
       5
       7
       1
       3
       7
       3
       5
       3
       4
       5
       3
       7
       5
       9
       5
      11
      10
      10
       4
       4
       4
       4
       7
       7
      10
       9
       7
       5
      14
      11
       8
       6
       4
      10
       7
       9
       7
       7
      14
       5
      12
       8
       9
      10
      12
       7
       7
      13
       5
       8
      13
      12
      10
      12
      10
      11
       6
       9
       8
       5
      12
      12
      13
      17
      10
       2
       8
      11
      11
       6
      14
       7
       6
      12
      16
      18
      12
      11
      10
      16
      12
      11
       8
       9
      12
      14
      14
       9
      20
      13
      13
      16
      19
      17
      23
      19
      17
      19
      15
      17
      14
      16
      14
      14
      19
       9
      18
      11
      12
      14
      24
      22
      13
      21
      14
      25
      17
      12
      16
      16
      12
      17
      14
      17
       6
      10
      13
       3
      10
       8
       6
      10
      13
       5
       8
       9
       9
       8
       6
       8
       4
       8
       4
       6
       7
       5
       4
       3
       9
       7
       4
       3
      11
       7
       7
       3
       8
       6
       5
       5
       1
      10
      10
       4
       5
       9
      12
       9
       9
      16
      17
      12
      11
      18
      20
      26
      30
      22
      23
      23
      31
      39
      40
      50
      36
      46
      48
      54
      55
      72
      63
      60
      68
      94
      92
      94
      95
     119
     106
     138
     123
     102
     134
     107
     136
     154
     140
     128
     155
     148
     149
     146
     167
     157
     138
     171
     156
     139
     159
     146
     151
     141
     125
     114
     125
      97
     102
     100
     110
     101
      94
      92
      77
      77
      72
      81
      70
      52
      70
      67
      51
      50
      33
      47
      28
      30
      30
      46
      37
      34
      26
      18
      23
      17
      22
      23
      16
      18
      16
      13
      14
      29
      21
      14
      18
       8
      15
      22
       7
       9
       8
      10
      12
      10
      14
      11
       7
      11
       9
       8
      10
       6
       8
      11
      11
       8
       8
      11
       6
       7
      12
      13
      11
      13
       9
       8
      17
      11
      13
      18
      10
      15
      15
      13
      17
      14
      15
      22
      23
      32
      13
      22
      24
      23
      28
      29
      23
      25
      32
      27
      23
      27
      35
      36
      23
      30
      27
      30
      40
      37
      34
      29
      41
      23
      18
      36
      37
      34
      23
      30
      22
      20
      21
      25
      24
      22
      27
      31
      25
      28
      27
      33
      31
      34
      23
      28
      25
      40
      48
      36
      24
      34
      42
      38
      45
      43
      43
      39
      47
      48
      53
      53
      36
      68
      72
      61
      52
      51
      45
      55
      50
      41
      42
      45
      48
      48
      42
      47
      39
      48
      37
      42
      37
      35
      42
      47
      27
      28
      32
      37
      34
      30
      27
      25
      21
      23
      13
      14
      22
      11
      14
      19
      16
      15
      12
      13
      13
      10
       8
      11
       7
      14
       7
       7
       6
       4
       6
       9
       7
       7
       8
       9
      11
       5
       5
       4
       2
       8
       4
       3
       6
       2
       4
       1
       3
       3
       2
       3
       2
       3
       0
       1
       2
       4
       2
       2
       1
       2
       3
       3
       2
       6
       2
       2
       2
       4
       3
       2
       3
       4
       3
       4
       5
       2
       2
       4
       2
       2
       3
       5
       1
       1
       4
       1
       2
       4
       3
       1
       5
       4
       3
       4
       2
       4
       6
       2
       7
       3
       3
       3
       3
       2
       3
       4
       2
       4
       4
       2
       2
       1
       4
       5
       2
       2
       1
       1
       2
       4
       3
       2
       4
       4
       1
       6
       3
       2
       2
       3
       5
       1
       3
       8
       3
       2
       3
       4
       3
       2
       3
       1
       2
       4
       1
       3
       4
       2
       0
       2
       0
       8
       2
       4
       4
       5
       2
       2
       3
       5
       3
       4
       1
       1
       4
       5
       3
       5
       0
       2
       1
       2
       3
       5
       2
       4
       5
       6
       5
       4
       1
       3
       3
       5
       2
       0
       3
       0
       4
       4
       5
       4
       6
       5
       5
       5
       4
       3
       2
       4
       7
       4
       1
       8
       3
       5
       3
       6
       4
       5
       3
       4
       4
       4
       4
       3
       7
       2
       7
       4
       5
       7
       3
       8
       7
       6
       4
       9
       6
       4
       5
       6
       7
       9
       4
       4
       6
       7
       2
       5
       6
       3
       3
       8
       5
       6
       5
       4
       6
       5
       5
       2
       7
       6
       7
       5
       4
       4
       4
       6
       2
       5
       3
       3
       8
       2
       4
       5
       7
       5
       6
       4
       7
       2
       4
       5
       9
       4
       5
       3
       4
       7
       4
       5
       3
       4
       7
       4
       6
       7
       6
       7
       7
       7
       3
      11
      10
       6
       4
       4
       2
       3
       4
       2
       5
       5
       2
       1
       4
       5
       8
       2
       7
       6
       3
       6
       5
       2
       5
       1
       4
       5
       5
       5
       4
       5
       6
       2
       3
       2
       3
       1
       2
       3
       4
       4
       2
       6
       4
       5
       3
       1
       3
       3
       0
       1
       4
       3
       5
       3
       8
       2
       2
       1
       6
       3
       4
       4
       3
       7
       7
       5
       5
       3
       6
       7
       4
       4
       3
       1
       2
       4
       6
       3
       4
       1
       2
       3
       3
       1
       4
       2
       4
       4
       1
       3
       5
       5
       4
       7
       1
       4
       6
       6
       1
       5
       3
       1
       2
       3
       2
       2
       2
       3
       2
       6
       2
       1
       4
       4
       7
       9
       1
       2
       3
       6
       6
       4
       7
       5
       1
       2
       4
       6
       6
       4
       6
       5
       6
       6
       2
       2
       3
       0
      10
       4
       2
       4
       6
       3
       6
       3
       3
       6
       5
       4
       6
       5
       6
       3
       5
       1
       5
       4
       2
       1
       6
       6
       4
       7
       6
       6
       5
       7
       5
       5
       4
       5
       4
       4
       5
       2
       8
       4
       7
       8
       6
       6
       3
       9
       1
       4
       8
       8
       4
       5
       5
       7
       5
       5
       4
       9
       8
       7
       5
      11
       9
       4
       5
       4
       5
       4
       5
       5
       6
       2
       5
       2
       6
       9
       4
      10
       5
       1
       2
       5
       7
       7
       4
       7
       7
       8
       6
       3
       8
       4
       3
       2
      10
       4
       6
       5
       5
       9
       9
      12
       5
      12
       4
       7
       9
       7
       2
       7
      12
      10
       6
       7
       7
       6
       6
       5
       5
       7
      10
       6
       8
       4
       7
       6
       8
       6
       5
       8
       5
       9
       6
       4
      11
      12
       6
       8
      10
      10
       8
       8
       6
       5
       5
      10
       6
       5
       6
       6
      10
       8
      14
       5
       9
       7
       9
      13
       8
      10
       7
       6
       8
      14
      11
       6
       9
       8
       8
       9
       5
       4
      11
       7
       9
       8
       9
       3
       9
       7
       9
      10
       9
       5
       9
      12
      12
       5
       8
      14
      12
       8
       9
       4
       6
      11
      18
      13
       8
      12
       7
      17
       9
      12
      10
       5
       7
       7
       4
       9
      12
       9
       6
      15
       8
      15
      11
       7
      10
       9
       6
       9
       6
      10
       7
       7
      11
      18
       7
      13
       6
       9
      11
      14
      10
      10
       6
      10
      13
      12
       6
      11
      12
      14
       7
       9
       8
       7
      12
      16
      15
       7
      16
      14
      10
       7
      14
       6
      15
       8
       7
      10
      19
      15
      10
      19
      10
      14
       9
      15
       7
      13
      13
      14
      16
       9
      17
      20
      12
      17
      11
       9
      15
      20
      14
      12
      11
       9
      18
      10
      16
      14
      18
      21
      15
      18
      20
      18
      19
      14
       9
      16
      15
      19
      20
      24
      19
      19
      20
      20
      14
      22
      14
       9
       8
      15
      13
      20
      16
      17
      21
      15
      12
      16
      24
      24
      20
      20
      26
      21
      16
      20
      10
      23
      22
      19
      14
      20
      17
      13
      16
      22
      22
      11
      20
      22
      28
      18
      15
      23
      20
      17
      20
      24
      23
      24
      19
      29
      21
      17
      16
      15
      23
      22
      28
      21
      22
      20
      17
      22
      16
      21
      26
      24
      25
      20
      24
      18
      23
      27
      22
      26
      26
      28
      19
      26
      22
      25
      31
      21
      20
      19
      23
      27
      28
      23
      23
      19
      25
      27
      21
      20
      25
      27
      30
      18
      33
      20
      25
      25
      20
      25
      27
      21
      28
      32
      25
      20
      24
      25
      17
      26
      17
      31
      17
      26
      22
      26
      22
      20
      31
      22
      30
      19
      28
      28
      22
      23
      28
      24
      15
      28
      28
      37
      24
      27
      26
      23
      29
      23
      24
      28
      23
      29
      33
      32
      24
      28
      29
      24
      32
      29
      33
      28
      27
      25
      31
      24
      32
      33
      31
      32
      37
      30
      26
      23
      26
      36
      37
      31
      27
      25
      39
      33
      32
      26
      32
      28
      27
      36
      31
      39
      30
      27
      32
      40
      40
      26
      37
      30
      33
      33
      36
      34
      29
      33
      42
      34
      28
      37
      47
      37
      39
      38
      30
      33
      36
      30
      34
      42
      37
      36
      49
      37
      32
      35
      33
      43
      42
      43
      34
      40
      52
      35
      44
      40
      39
      27
      38
      34
      34
      36
      35
      43
      46
      43
      48
      39
      39
      44
      46
      42
      44
      42
      36
      44
      42
      42
      53
      38
      46
      46
      48
      50
      46
      56
      49
      43
      54
      42
      43
      39
      44
      48
      35
      50
      39
      56
      52
      51
      49
      45
      35
      55
      40
      52
      53
      64
      41
      62
      46
      55
      53
      45
      52
      52
      57
      45
      56
      54
      60
      54
      62
      53
      55
      66
      68
      64
      62
      69
      56
      62
      63
      70
      62
      66
      66
      61
      62
      70
      72
      60
     101
      55
      85
      64
      80
      81
      94
      91
      80
      67
      64
      80
      74
      85
      90
      83
      83
      91
      93
      82
     100
      91
      85
     107
     104
      94
     104
     114
      77
      91
      90
     100
     108
     102
     108
     107
     128
     105
     121
      91
     116
      99
     117
      96
     112
     124
     125
     117
     121
     115
     103
     123
     117
     124
     129
     126
     112
     119
     137
     124
     106
     114
     111
     125
     123
     123
     132
     133
     151
     134
     124
     134
     137
     134
     128
     147
     142
     128
     121
     144
     136
     130
     146
     132
     152
     151
     152
     145
     132
     142
     140
     146
     131
     124
     131
     127
     130
     130
     138
     136
     136
     150
     136
     124
     114
     139
     134
     120
     151
     140
     127
     145
     117
     124
     133
     132
     141
     125
     119
     126
     140
     147
     113
     103
     124
     128
     142
     122
     130
     135
     130
     111
     114
     118
     123
     111
     114
     120
     140
     148
     134
     123
     145
     126
     118
     103
     128
     132
     128
     131
     128
     118
     129
     158
     135
     130
     121
     112
     119
     115
     137
     126
     120
     137
     131
     125
     145
     139
     119
     139
     146
     129
     138
     147
     128
     142
     143
     141
     127
     148
     139
     122
     152
     114
     134
     117
     155
     159
     136
     136
     127
     130
     134
     139
     137
     120
     151
     134
     136
     117
     126
     148
     141
     151
     126
     165
     135
     122
     139
     151
     111
     140
     138
     152
     140
     108
     135
     124
     153
     142
     131
     145
     145
     147
     139
     162
     150
     121
     124
     122
     169
     159
     119
     135
     150
     137
     140
     143
     152
     148
     146
     154
     160
     146
     156
     144
     140
     153
     182
     138
     146
     145
     146
     141
     158
     129
     149
     139
     159
     159
     155
     146
     141
     154
     143
     146
     136
     147
     165
     160
     169
     153
     151
     146
     145
     144
     151
     127
     159
     188
     166
     165
     159
     175
     165
     142
     129
     161
     153
     167
     160
     151
     144
     157
     152
     186
     162
     162
     188
     172
     173
     152
     148
     158
     164
     147
     173
     145
     186
     129
     170
     141
     181
     164
     140
     176
     140
     164
     145
     182
     173
     148
     158
     165
     143
     176
     156
     162
     143
     153
     171
     153
     163
     134
     172
     145
     160
     156
     137
     142
     165
     154
     149
     131
     163
     172
     148
     150
     148
     156
     168
     146
     161
     151
     154
     167
     138
     133
     155
     161
     144
     145
     163
     140
     150
     139
     125
     154
     143
     178
     133
     154
     159
     133
     137
     151
     141
     168
     107
     141
     138
     131
     138
     162
     145
     158
     139
     133
     150
     152
     143
     138
     159
     152
     126
     115
     135
     137
     129
     151
     125
     125
     156
     141
     137
     160
     153
     136
     150
     127
     119
     130
     142
     133
     129
     147
     139
     144
     139
     144
     115
     146
     136
     137
     152
     137
     160
     141
     120
     136
     148
     148
     142
     140
     127
     150
     134
     141
     135
     135
     122
     110
     129
     135
     125
     123
     144
     121
     146
     138
     125
     151
     139
     130
     146
     136
     115
     140
     125
     132
     121
     124
     156
     139
     127
     119
     139
     138
     151
     143
     148
     131
     147
     138
     146
     149
     124
     144
     129
     138
     140
     102
     135
     132
     125
     152
     129
     148
     127
     129
     143
     146
     107
     140
     124
     146
     117
     137
     127
     126
     125
     144
     143
     125
     131
     139
     147
     140
     138
     122
     113
     131
     126
     112
     132
     124
     126
     127
     143
     111
     119
     117
     109
     131
     112
     131
     126
     117
      98
     115
     120
     114
     126
     122
     122
     136
     104
     116
     136
     112
     128
     127
     129
     121
     126
     122
     164
     135
     151
     158
     175
     173
     188
     194
     179
     245
     231
     252
     291
     307
     308
     325
     400
     449
     467
     489
     535
     588
     618
     688
     710
     803
     893
     900
     992
    1142
    1168
    1258
    1351
    1394
    1488
    1495
    1550
    1649
    1742
    1813
    1913
    2066
    2042
    2130
    2179
    2316
    2288
    2376
    2445
    2385
    2471
    2425
    2417
    2359
    2389
    2435
    2415
    2344
    2317
    2322
    2242
    2201
    2103
    2042
    2058
    1878
    1841
    1792
    1591
    1511
    1575
    1432
    1370
    1169
    1115
    1042
     988
     968
     861
     767
     696
     684
     613
     553
     501
     375
     403
     352
     311
     244
     246
     234
     172
     182
     142
     138
     127
      93
      68
      56
      79
      50
      51
      49
      34
      30
      18
      25
      20
      21
      14
       8
       9
       7
      11
      10
       8
       2
       2
       6
       3
       2
       5
       3
       6
       3
       2
       4
       4
       0
       3
       2
       4
       3
       1
       5
       0
       2
       1
       3
       4
       2
       5
       3
       2
       1
       1
       3
       0
       1
       1
       3
       1
       2
       3
       5
       1
       1
       4
       1
       2
       2
       3
       2
       3
       3
       3
       3
       7
       4
       0
       3
       6
       2
       3
       1
       2
       4
       4
       3
       1
       5
       1
       3
       2
       0
       1
       2
       3
       5
       2
       2
       2
       3
       1
       3
       4
       5
       1
       0
       4
       2
       4
       3
       2
       3
       1
       2
       1
       5
       1
       4
       0
       3
       3
       1
       4
       3
       4
       0
       3
       5
       5
       5
       3
       7
       2
       4
       3
       5
       3
       1
       4
       5
       1
       6
       1
       1
       3
       3
       4
       2
       0
       4
       1
       2
       3
       3
       3
       1
       3
       7
       2
       2
       2
       3
       3
       0
       4
       4
       3
       4
       1
       1
       3
       0
       2
       3
       2
       4
       1
       2
       2
       2
       2
       5
       2
       2
       2
       2
       3
       1
       3
       2
       2
       0
       3
       2
       6
       2
       2
       2
       5
       5
       3
       5
       1
       5
       4
       2
       3
       0
       3
       2
       2
       1
       4
       3
       4
       1
       5
       2
       2
       7
       1
       2
       3
       1
       2
       6
       0
       5
       2
       1
       2
       2
       4
       0
       2
       2
       2
       3
       2
       2
       3
       6
       1
       3
       1
       5
       4
       4
       2
       3
       0
       1
       4
       3
       3
       5
       3
       1
       2
       5
       3
       4
       4
       3
       2
       1
       2
       7
       3
       1
       2
       3
       0
       6
       2
       2
       3
       1
       1
       6
       4
       4
       0
       6
       1
       5
       2
       3
       2
       5
       5
       3
       6
       5
       2
       7
       2
       6
       0
       2
       6
       7
       4
       3
       2
       5
       5
       3
       4
       2
       4
       2
       1
       6
       0
       3
       0
       3
       5
       2
       6
       4
       2
       4
       0
       2
       1
       3
       3
       6
       4
       1
       2
       2
       7
       2
       2
       3
       7
       5
       3
       3
       3
       3
       4
       2
       0
       3
       3
       2
       3
       2
       5
       2
       1
       4
       1
       5
       5
       3
       4
       1
       3
       3
       1
       5
       5
       2
       3
       0
       1
       4
       1
       1
       3
       4
       5
       2
       2
       2
       1
       1
       3
       3
       4
       1
       2
       2
       3
       5
       2
       2
       1
       1
       1
       5
       2
       4
       0
       0
       3
       4
       6
       2
       4
       3
       1
       2
       6
       3
       3
       2
       3
       2
       1
       4
       3
       4
       4
       2
       9
       2
       2
       1
       4
       4
       0
       2
       4
       4
       5
       3
       8
       3
       3
       2
       2
       5
       5
       2
       1
       1
       2
       4
       4
       4
       3
       5
       1
       2
       1
       3
       4
       5
       5
       3
       5
       2
       7
       5
       6
       3
       4
       4
       3
       4
       3
       1
       7
       1
       4
       1
       4
       3
       4
       8
       6
       1
       4
       6
       5
       5
       4
       0
       2
       3
       7
       1
       4
       4
       3
       5
       6
       2
       3
       4
       7
       3
       2
       1
       2
       3
       4
       4
       6
       5
       4
       4
       5
       4
       2
       5
       1
       2
       7
       2
       2
       1
       5
       6
       2
       3
       3
       5
       2
       4
       5
       0
       6
       5
       3
       7
       4
       6
       5
       2
       6
       2
       2
       3
       0
       3
       7
       0
       1
       4
       5
       5
       2
       3
       2
       2
       5
       4
       2
       4
       4
       3
       5
       3
       4
       5
       4
       7
       4
       5
       3
       2
       1
       7
       3
       0
       2
       2
       5
       4
       3
       6
       4
       4
       2
       6
       0
       2
       3
       4
       5
       5
       3
       4
       4
       3
       5
       4
       4
       2
       4
       5
       7
       5
       1
       2
       8
       2
       2
       9
       6
       4
       1
       3
       5
       5
       4
       1
       4
       2
       4
       4
       5
       4
       2
       5
       5
       3
       3
       5
       4
       2
       6
       1
       2
       2
       1
       1
       1
       6
       7
       5
       3
       8
       4
       3
       4
       5
       5
       2
       5
       3
       3
       2
       3
       6
       2
       4
       4
       2
       5
       4
       4
       4
       2
       5
       4
       6
       2
       4
       4
       6
       6
       2
       4
       6
       4
       4
       4
       3
       5
       6
       2
       4
       4
       7
       5
       7
       3
       5
       2
       4
       5
       3
       5
       5
       8
       5
       3
       4
       3
       2
       6
       0
       1
       3
       7
       5
       1
       4
       2
       5
       3
       5
       2
       3
       3
       7
       6
       5
       5
       4
       4
       3
       3
       3
       5
       5
       3
       6
       2
       5
       4
       6
       5
       3
       5
       7
       7
       2
       6
       3
       3
       4
       1
       2
       2
       2
       3
       4
       6
       5
       3
       4
       3
       2
       6
       3
       5
       9
       5
       4
       3
       5
       3
       4
      12
       3
       7
       4
       6
       2
       4
       5
       7
       6
       2
       3
       4
       2
       5
       5
       5
       6
       5
       2
       2
       4
       7
       7
       7
       4
       5
       4
       2
       6
       3
       6
       1
       1
       8
       4
       8
       5
       6
       2
       3
       8
       2
       4
       2
       5
       3
       2
       6
       2
       4
       4
       6
       5
       2
       3
       6
       3
       0
       5
       3
       3
       1
      13
       5
       8
       4
       2
       2
       7
       7
       7
       4
       5
       7
       5
       5
       3
       4
       5
       3
       6
       2
       4
       7
       1
       7
       4
       3
       1
       9
       5
       6
       7
       5
       8
       1
       5
       8
       5
       3
       4
       6
       5
       3
       5
       5
       3
       3
       5
       6
       5
       2
       4
       2
       2
       6
       6
       4
       8
       4
       8
       5
       8
       5
       4
       7
       3
       5
       2
       5
       3
       4
       5
       3
       1
       5
      10
       5
       0
       4
       7
       5
       5
       4
       3
       3
       2
       2
       6
       9
       4
       6
       3
       5
       6
       7
       7
       4
       3
       5
       6
       3
       7
       5
       3
       2
       6
       5
       6
       4
       3
       6
       5
       2
       1
       1
       5
       6
       1
       4
       8
       3
       5
       3
       6
       5
       4
       3
       3
       4
       3
       3
       6
       7
       5
       7
       7
       4
       3
       3
       3
       5
       8
       7
       6
       6
       2
       6
       5
       3
       0
       7
       1
       4
       4
       3
       5
       3
       7
       4
       3
       7
       5
       1
       4
       3
       4
       3
       6
       3
       4
       6
       4
       3
       5
       7
       3
       2
       5
       3
       4
       7
       7
       7
       5
       2
       2
       2
       2
       5
       3
       4
       1
       5
       0
       3
       4
       4
       5
       5
       3
       4
       1
       3
       7
       6
       1
       4
       1
       2
       4
       4
       2
       1
       2
       2
       4
       3
       1
       8
       4
       4
       3
       3
       3
       3
       3
       4
       3
       6
       3
       3
       2
       6
       5
       5
       7
       6
       2
       6
       6
       4
       2
       7
       4
       5
       1
       5
       2
       4
       5
       2
       6
       5
       4
       4
       3
       1
       3
       5
       6
       3
       5
       6
       6
       6
       4
       3
       3
       4
       6
       1
       5
       6
       6
       2
       5
       1
       3
       9
       3
       3
       3
       6
       5
       5
       5
       4
       4
       7
       4
       5
       8
       3
       6
       2
       4
       4
       3
       6
       8
       4
       3
       3
       3
       1
       6
       2
       3
       6
       4
       5
       3
       1
       6
       1
       1
       7
       4
       3
       4
       3
       5
       4
       4
       3
       1
       4
       6
       3
       5
       5
       6
       6
       4
       2
       3
       2
       3
       2
       1
       6
       8
       4
       2
       4
       1
       2
       5
      10
       6
       6
      11
       4
       5
       7
       2
       4
       5
       8
       1
       6
       6
       4
       4
       2
       3
       2
       3
       6
       7
       3
       5
       3
       7
       4
       6
       6
       5
       4
       3
       6
       5
       2
       4
       9
       5
       3
       3
       2
       8
       5
       3
       7
       3
       2
       4
       5
       6
       5
       3
       1
       5
       5
       6
       3
       6
       9
       5
       4
       6
       6
       5
       6
       4
       2
       7
       3
       3
       3
       3
       6
       3
       5
       5
       5
       2
       7
       2
       4
       5
       5
       6
       4
       9
       9
       4
       4
       1
       5
       2
       6
       4
       8
       4
       4
       6
       4
       4
       5
       3
       6
       5
       3
       4
       5
       4
       6
       5
       5
       2
       6
       1
       4
       5
       4
       4
       2
       2
       7
       5
       4
       5
       1
       6
       4
       7
       3
       5
       8
       4
       3
       8
       4
       5
       5
       2
       2
       2
       5
       7
       3
       7
       6
       6
       6
       7
       5
       7
       7
       4
       1
       2
       6
       6
       7
       6
      13
       6
       2
       5
       6
       4
       3
       4
       3
       3
       2
       7
       5
       2
       5
       2
       5
       5
       1
       9
       3
       3
       5
       1
       4
       0
       3
       4
       5
       7
       3
       4
       7
       3
       2
       7
       4
       3
       9
       4
       6
       4
       7
       3
       4
       7
       4
       4
       1
       9
       3
       4
       5
       1
       5
       4
       4
       2
       2
       5
       6
       3
       3
       5
       5
       8
       4
       2
       2
       4
       1
       2
       3
       3
       7
       4
       5
       4
       5
       7
       2
       3
       6
       3
       5
       1
       7
       4
       5
       3
       9
       1
       3
       4
       5
       5
       2
       3
       3
       4
       4
       2
       4
       5
       6
       5
       6
       4
       4
       6
       6
       7
       2
       1
       6
       4
       3
       4
       5
       2
       1
       1
       5
       3
       0
       4
       4
       4
       2
       6
       3
       2
       9
       0
       3
       2
       2
       3
       3
       5
       4
       6
       3
       7
       3
       0
       5
       4
       2
       3
       5
       6
       7
       5
       4
       4
       5
       2
       4
       8
      12
       4
       4
       4
       6
       0
       3
       4
       2
       7
       4
       1
       3
       4
       3
       4
       3
       5
       5
       2
       3
       5
       5
       3
       4
       2
       2
       2
       1
       7
       6
       1
       0
       4
       5
       2
       9
       4
       5
       2
       4
       1
       4
       4
       2
       4
       2
       5
       5
       3
       4
       2
       2
       8
       5
       3
       2
       3
       1
       5
       2
       6
       8
       3
       4
       6
       1
       7
       2
       4
       1
       7
       3
       5
       5
       6
       3
       2
       4
       5
       1
       4
       6
       5
       8
       3
       3
       3
       6
       2
       2
       7
       5
       4
       6
       6
       5
       3
       4
       2
       6
       6
       2
       3
       2
       6
       2
       5
       4
       4
       4
       2
       4
       2
       4
       4
       5
       3
       7
       5
       4
       7
       1
       6
       5
       5
       4
       8
       2
       4
       4
       3
       2
       1
       3
       5
       4
       4
       2
       1
       2
       2
       3
       3
       2
       4
       4
       4
       4
       7
       2
       4
       3
       6
       7
       4
       7
       3
       3
       4
       1
       4
       7
       2
       6
       4
       5
       2
       6
       4
       4
       6
       3
       3
       4
       8
       5
       1
       3
       6
       3
       4
       1
       4
       4
       0
       6
       1
       2
       6
       6
       2
       2
       2
       5
       1
       2
       3
       5
       4
       5
       6
       3
       4
       3
       1
       6
       4
       6
       5
       3
       6
       5
       3
       4
       4
       6
       4
       3
       4
       3
       6
       3
       2
       7
       5
       5
       7
       4
       8
      10
       3
       6
       3
       7
       3
       7
       3
       7
       5
       6
       5
       6
       4
       5
       3
       8
       2
       5
       3
       9
       3
       4
       3
       4
       8
       5
       6
       0
       1
       2
       6
       1
       5
       8
       1
       6
       3
       6
       6
       5
       6
       4
       5
       5
       5
       2
       8
       1
       1
       4
       4
       6
       2
       7
       4
       7
       5
       3
       2
       1
       3
       2
       5
       3
       6
       3
       0
       5
       8
       5
       6
       6
       1
       2
       1
       2
       3
       3
       4
       4
       6
       5
       4
       5
       2
       6
       8
       3
       3
       6
       3
       2
       4
       2
       1
       4
       2
       4
       1
       5
       6
       0
       5
       5
       7
       3
       4
       7
       3
       5
       4
       1
       3
       6
       2
       6
       7
       1
       7
       2
       6
       7
       4
       5
       2
       8
       3
       2
       8
       7
       5
       9
       5
       4
       2
       4
       6
       6
       1
       4
       6
       6
       7
       2
       2
       3
       4
       2
       2
       5
       8
       4
       5
       1
       6
       6
       5
       4
       3
       2
       3
       5
       8
       7
       7
       7
       4
       2
       5
       3
       5
       3
       5
       5
       7
       8
       4
       2
       4
       6
       4
       7
       2
       4
       8
       6
       7
       6
       8
       4
       4
       6
       4
       4
       3
       5
       5
       2
       7
       4
       7
       7
       8
       4
      12
       4
       4
       2
       4
       2
       5
       8
       5
       3
       7
       2
       5
       3
       5
       5
      11
       2
       2
       1
       4
       1
       1
       1
       4
       5
       2
       4
       3
       1
       3
       2
       7
       5
       5
       2
       4
       8
       5
       2
       2
       9
       6
       1
       7
      10
       4
       6
       4
       5
       4
       6
       4
       5
       6
       5
       6
       7
       8
       4
       6
       5
       4
      10
       9
       7
       7
       8
      12
       8
       5
      13
       9
      12
       9
       7
       8
       6
       7
       6
       3
       7
       6
       6
      13
       9
       9
       7
       7
      10
       6
       7
      10
      10
      11
       7
       8
       3
       3
       4
       5
      10
       8
       9
       7
      11
       9
       5
       3
       1
       5
       4
       9
       3
       8
       9
       6
      12
       8
       6
       6
       4
       8
       3
       1
       3
       4
       4
       4
       6
       7
       7
       5
       1
       8
       3
       5
       6
      10
       4
       8
       6
       6
       5
       3
       6
       2
       2
       0
       3
       0
       7
       6
       3
       1
       4
       1
       4
       3
       4
       5
       7
       4
       3
       1
       7
       4
       2
       6
       5
       2
       2
       4
       3
       8
       9
       6
       2
       7
       5
       0
       5
       2
       6
       5
       0
       3
       6
       9
       6
       6
       6
       7
       6
       5
       3
       2
       6
       2
       7
       7
       6
       5
       3
       4
       3
       6
       5
       2
       4
       4
       3
       4
       8
       4
       1
       3
       2
       2
       5
       1
       1
       8
       4
       5
       0
       5
       6
       3
       4
       4
       4
       3
       6
       3
       3
       2
       3
       3
       3
       8
       4
       3
       1
       3
       6
       5
       5
       6
       8
       3
       3
       5
       4
       6
       7
       2
       8
       7
       4
       5
       3
       3
       2
       7
       4
       7
       8
       3
       3
       9
       9
       7
       5
       8
       4
       4
       9
       4
       6
      11
       9
      13
       6
       8
      10
      11
      18
      13
      11
      11
      14
      11
       7
       9
       6
       6
      11
      14
       9
       8
       5
       6
       7
       5
       8
       6
       9
      12
       8
       9
       7
       4
      10
       4
       2
      10
       8
      10
       8
       6
       8
       8
       6
       7
       5
       4
       9
       2
       7
       5
       8
       6
       4
       2
       3
       8
       6
       4
       7
       2
       0
       3
       1
       4
       5
       4
       8
       4
       7
       2
       4
       3
       2
       4
       4
       4
       4
      10
       2
       5
       3
       3
       7
       2
       5
       7
       1
       4
       3
       4
       7
       2
       6
       2
       6
       3
       4
       2
       4
       2
       7
       3
       2
       3
       7
       6
       3
       5
       2
       1
       5
       4
       2
       4
       3
       6
       6
       6
       9
       2
       4
       5
       6
       8
       3
       3
       8
       3
       1
       5
       5
       3
       6
       2
       8
       3
       1
       5
       2
       1
       4
       4
       6
       2
       3
       2
       2
       2
       2
       6
       5
       8
       7
       4
       4
       4
       7
       2
       5
       3
       2
       3
       5
       5
       2
       3
       5
       6
       2
       1
       3
       4
       6
       4
       8
       3
       6
       2
       2
       2
       2
       2
       6
       4
       3
       5
       9
       4
       4
       5
       8
       3
       3
       5
       3
       5
       3
       6
       5
       2
       1
       3
       0
       5
       5
       4
       4
       9
       5
       4
       6
       1
       3
       4
       6
       6
       5
       3
       3
       2
       7
       2
       2
       3
       7
       6
       5
       5
       4
       3
       3
       5
       3
       8
       9
       3
       7
       3
       7
       7
       7
       2
       3
       5
       4
       4
       4
       4
       5
       3
       2
       6
       3
       1
       9
       6
       5
       4
       8
       2
       4
       4
       4
       4
       4
       5
       3
       4
       4
       7
       2
       7
       3
       6
       3
       6
       3
       9
       5
       3
       4
       5
       2
       4
       2
       2
       3
       4
       7
       3
       3
       3
       9
       5
       4
       4
       6
       9
       3
       7
       7
       6
       4
       0
       9
       7
       8
       7
       3
       7
       7
       9
       6
       4
       5
       6
       9
       9
       3
       4
       6
       6
       7
       7
       5
       4
       2
       4
       2
       1
      10
       3
       6
       1
       5
       9
       4
       4
       6
       6
       6
       5
       5
       5
       5
       6
       5
       3
       6
       4
       3
       4
       2
       4
       4
       4
       5
       3
       2
       6
       4
       1
       4
       2
       5
       6
       4
       6
       6
       7
       8
       4
       5
       4
       5
       5
       3
       5
       2
       5
       4
       7
       2
       4
       3
       6
       7
       4
       6
       5
       3
       2
       4
       8
       4
       4
       4
       6
       3
       1
       4
       3
       1
       4
       4
       1
       4
       6
       2
      10
       2
       5
       5
       6
       3
       3
       4
       5
       4
       1
       4
       6
       3
       1
       7
       4
       8
       4
       8
       6
       4
       3
       5
       1
       5
       2
       4
       8
       1
       5
       1
       5
       4
       5
       1
       1
       6
       3
       6
       5
       1
       4
       2
       5
       2
       3
       1
       5
       3
       3
       3
       3
       4
       4
       3
       6
       5
       5
       5
       5
       4
       7
       4
       3
       3
       8
       5
       5
       2
       3
       4
       5
       5
       6
       5
       2
       5
      10
       4
       3
       8
       9
       3
       4
       9
       4
       0
       4
       4
       4
       4
       7
       2
       7
       3
       5
       6
       3
       2
       2
       4
       0
       3
       3
       5
       4
       6
       3
       3
       2
       6
       5
       3
       3
       2
       6
       3
       8
       2
       4
       1
       3
       2
       4
       4
       5
       8
       1
       8
       9
       5
       4
       7
       1
       6
       1
       0
       6
       3
       5
       3
       4
       7
       7
       1
       0
       5
       3
       3
       4
       5
       7
       4
       5
       6
       5
       6
       3
       6
       1
       5
       5
       5
       4
       5
       4
       4
       2
       3
       2
       2
       3
       6
       1
       5
       3
       3
       3
       1
       2
       5
       5
       6
       3
       2
       5
       1
       4
       6
       3
       6
       3
       5
       4
       3
       2
       0
       1
       3
       4
       2
       2
       3
       3
       8
       8
       3
       3
       2
       2
       6
       6
       2
       3
       4
       3
       8
       1
       4
       5
       3
       5
       4
       7
       5
       4
       2
       4
       4
       3
       4
       4
       3
       4
       2
       4
       5
       2
       8
       6
       4
       4
       7
       4
       8
       5
       6
       3
       5
       2
       0
       0
       3
       1
       3
       3
       7
       4
       3
       7
       5
       5
       6
       7
       7
       2
       7
       5
       6
       1
       5
       4
       2
       5
       6
       6
       1
       2
       3
       3
       3
       5
       4
       3
       4
       4
       3
       5
       3
       3
       5
       8
       0
       4
       0
       4
       1
       3
       6
       2
       2
       4
       1
       3
       2
       1
       8
       4
       4
       5
       3
      10
       3
       1
       6
       6
       5
       6
       6
       6
       3
       2
       3
       6
       2
       6
       3
       2
       3
       8
       3
       4
       1
       0
       2
       8
       5
       4
       2
       3
       2
       3
       4
       4
       2
       4
       2
       2
       4
       2
       2
       4
       3
       3
       2
       2
      10
       6
       3
       1
       4
       1
       4
       6
       5
       4
       1
       4
       6
       3
       7
       4
       3
       2
       5
       4
       4
       5
       4
       7
       1
       4
       4
       5
       1
       3
       3
       4
       5
       3
       3
       7
       2
       7
       2
       6
       6
       4
       3
       3
       3
       2
       6
       5
       4
       3
       6
       6
       7
       4
       3
       4
       4
       3
       6
       3
       2
       7
       3
      11
       4
       8
       7
       4
       3
       5
       6
       8
       2
       3
       5
       5
       5
       6
       4
       4
       2
       1
       5
       6
       6
       4
       3
       5
       1
       4
       7
       5
       3
       5
       3
       0
       4
       4
       3
       2
       2
       4
       2
       4
       3
       3
       4
       4
       3
       2
       2
       2
       1
       1
       3
       3
       3
       4
       1
       2
       7
       0
       3
       1
       4
       2
       0
       2
       5
       2
       2
       1
       2
       3
       3
       3
       2
       1
       3
       2
       0
       2
       3
       1
       1
       0
       2
       0
       2
       2
       3
       2
       3
       3
       1
       0
       3
       6
       4
       1
       4
       3
       2
       2
       2
       0
       1
       1
       2
       3
       1
       2
       3
       4
       4
       2
       1
       5
       3
       2
       4
       8
       2
       1
       2
       3
       2
       7
       2
       1
       3
       0
       0
       4
       1
       4
       2
       3
       2
       2
       1
       2
       3
       5
       3
       5
       5
       1
       3
       4
       2
       4
       6
       3
       5
       1
       5
       4
       3
       3
       3
       3
       0
       4
       2
       3
       6
       5
       3
       3
       1
       1
       3
       0
       2
       4
       0
       2
       6
       3
       2
       0
       5
       3
       4
       1
       2
       2
       1
       2
       4
       0
       2
       5
       6
       2
       2
       3
       1
       4
       5
       2
       4
       5
       1
       4
       0
       2
       5
       1
       6
       1
       3
       3
       4
       0
       3
       2
       3
       3
       1
       1
       3
       0
       1
       2
       2
       3
       3
       0
       2
       5
       0
       1
       5
       3
       0
       3
       0
       2
       4
       2
       5
       0
       5
       5
       4
       2
       4
       3
       3
       2
       0
       2
       2
       7
       0
       3
       7
       3
       2
       2
       3
       2
       4
       2
       3
       4
       3
       2
       4
       5
       3
       0
       0
       2
       3
       1
       8
       5
       3
       4
       5
       4
       3
       4
       1
       5
       2
       2
       2
       4
       5
       2
       4
       2
       2
       2
       2
       2
       2
       2
       1
       6
       3
       3
       4
       5
       3
       0
       0
       2
       2
       5
       6
       1
       3
       2
       3
       2
       0
       1
       7
       2
       1
       3
       5
       6
       5
       3
       4
       0
       3
       4
       3
       2
       3
       2
       4
       4
       1
       4
       1
       5
       2
       6
       1
       3
       3
       3
       5
       4
       3
       3
       2
       3
       6
       3
       4
       5
       3
       2
       6
       3
       1
       5
       3
       2
       4
       3
       3
       2
       3
       2
       3
       2
       3
       3
       3
       0
       4
       6
       4
      10
       5
       2
       2
       2
       3
       2
       4
       1
       2
       7
       3
       2
       1
       1
       2
       4
       1
       2
       2
       3
       4
       2
       2
       2
       8
       5
       2
       5
       2
       3
       1
       2
       5
       2
       3
       3
       3
       7
       1
       5
       3
       1
       1
       5
       2
       3
       4
       1
       3
       2
       2
       2
       3
       1
       2
       4
       2
       1
       3
       5
       4
       0
       5
       2
       1
       6
       2
       3
       2
       3
       2
       2
       0
       0
       3
       5
       1
       2
       1
       2
       1
       4
       1
       1
       2
       5
       1
       2
       4
       4
       3
       0
       1
       3
       2
       3
       4
       6
       3
       4
       1
       2
       3
       2
       1
       1
       3
       2
       4
       4
       5
       2
       1
       4
       1
       2
       0
       0
       2
       3
       4
       2
       0
       2
       4
       4
       0
       4
       0
       2
       1
       6
       3
       2
       2
       2
       1
       3
       1
       1
       3
       2
       2
       2
       2
       3
       2
       3
       4
       1
       3
       2
       4
       1
       0
       3
       2
       2
       4
       3
       3
       2
       3
       2
       4
       0
       3
       0
       3
       3
       0
       2
       2
       3
       1
       2
       2
       4
       2
       0
       5
       2
       4
       1
       7
       1
       2
       2
       2
       1
       6
       0
       2
       5
       3
       5
       1
       3
       3
       2
       2
       4
       2
       1
       1
       1
       1
       1
       4
       2
       3
       0
       1
       4
       2
       2
       2
       4
       2
       2
       0
       5
       3
       0
       3
       5
       3
       1
       5
       0
       3
       0
       2
       0
       0
       2
       3
       3
       2
       0
       2
       3
       4
       2
       6
       4
       7
       3
       1
       3
       1
       6
       4
       1
       2
       7
       3
       5
       2
       3
       2
       2
       2
       0
       2
       4
       4
       5
       5
       3
       1
       4
       4
       1
       1
       5
       5
       1
       1
       2
       8
       2
       2
       3
       5
       2
       2
       5
       0
       2
       3
       5
       7
       3
       3
       2
       1
       5
       2
       3
       1
       3
       2
       2
       3
       2
       3
       8
       0
       3
       2
       1
       0
       1
       3
       2
       3
       3
       4
       3
       2
       3
       3
       3
       1
       0
       3
       5
       4
       2
       3
       1
       4
       1
       1
       3
       5
       1
       3
       3
       4
       1
       4
       4
       3
       7
       1
       2
       4
       0
       4
       1
       3
       3
       5
       4
       3
       0
       4
       2
       2
       3
       1
       2
       2
       3
       3
       2
       2
       3
       4
       2
       1
       2
       3
       0
       5
       1
       2
       4
       3
       3
       4
       4
       2
       2
       2
       4
       3
       1
       3
       1
       2
       3
       1
       3
       0
       4
       4
       4
       4
       3
       1
       4
       1
       2
       3
       0
       2
       4
       0
       2
       7
       2
       3
       2
       0
       1
       1
       1
       4
       3
       1
       3
       3
       4
       1
       1
       5
       5
       3
       1
       5
       4
       1
       2
       4
       3
       1
       0
       2
       0
       5
       2
       2
       5
       2
       3
       2
       3
       4
       4
       2
       1
       1
       3
       2
       4
       2
       0
       1
       2
       0
       1
       2
       6
       2
       3
       2
       1
       3
       2
       2
       4
       5
       2
       3
       3
       4
       1
       0
       2
       3
       2
       2
       5
       0
       2
       1
       2
       0
       0
       0
       4
       3
       2
       3
       0
       2
       3
       1
       2
       3
       2
       1
       1
       2
       1
       2
       0
       3
       2
       3
       3
       1
       3
       3
       2
       2
       1
       1
       0
       5
       2
       4
       1
       3
       6
       4
       2
       2
       1
       3
       3
       2
       2
       5
       1
       3
       3
       0
       2
       5
       1
       3
       3
       2
       0
       2
       4
       2
       2
       1
       0
       4
       5
       2
       3
       3
       5
       0
       5
       4
       2
       4
       3
       1
       1
       2
       2
       7
       2
       1
       4
       3
       2
       2
       4
       1
       3
       1
       4
       4
       0
       1
       1
       1
       3
       0
       2
       2
       3
       1
       2
       5
       2
       3
       4
       1
       4
       0
       4
       2
       2
       2
       0
       3
       2
       1
       3
       1
       2
       3
       1
       5
       5
       0
       0
       2
       4
       2
       1
       6
       2
       1
       3
       1
       2
       2
       6
       0
       2
       2
       1
       2
       1
       0
       2
       1
       1
       2
       1
       2
       2
       1
       2
       4
       1
       1
       6
       2
       1
       3
       4
       0
       1
       4
       0
       4
       1
       2
       5
       2
       1
       2
       2
       1
       5
       3
       2
       1
       3
       3
       0
       0
       2
       3
       0
       3
       2
       2
       3
       4
       3
       1
       2
       5
       1
       3
       2
       4
       1
       2
       0
       0
       1
       0
       5
       1
       3
       2
       2
       5
       5
       0
       4
       2
       3
       5
       2
       1
       1
       5
       1
       1
       3
       3
       3
       2
       3
       2
       1
       2
       4
       2
       3
       6
       0
       2
       4
       2
       4
       0
       5
       3
       5
       3
       0
       2
       6
       2
       6
       2
       2
       1
       1
       2
       4
       1
       5
       0
       2
       1
       3
       1
       1
       1
       2
       3
       4
       2
       3
       4
       3
       1
       2
       1
       2
       3
       2
       1
       2
       2
       2
       0
       2
       1
       2
       1
       2
       3
       1
       2
       2
       3
       1
       5
       2
       2
       2
       4
       1
       0
       1
       3
       0
       3
       1
       2
       2
       3
       4
       5
       1
       4
       0
       3
       1
       1
       1
       2
       4
       4
       2
       1
       3
       1
       1
       3
       2
       2
       3
       1
       4
       2
       1
       1
       2
       5
       3
       1
       0
       1
       5
       3
       3
       4
       1
       1
       0
       3
       5
       3
       0
       4
       1
       3
       2
       2
       1
       0
       0
       1
       3
       2
       3
       1
       1
       5
       2
       2
       3
       1
       2
       2
       3
       2
       3
       1
       4
       1
       1
       1
       1
       4
       1
       3
       1
       1
       2
       1
       3
       5
       4
       1
       4
       0
       6
       4
       1
       1
       4
       3
       4
       3
       1
       2
       4
       2
       4
       4
       1
       2
       3
       0
       0
       2
       1
       1
       1
       1
       3
       1
       1
       3
       3
       4
       1
       1
       2
       1
       2
       5
       2
       1
       3
       0
       4
       2
       2
       2
       2
       0
       3
       1
       4
       4
       1
       2
       1
       4
       4
       1
       5
       1
       0
       2
       3
       1
       1
       0
       3
       3
       1
       0
       3
       1
       4
       1
       4
       2
       1
       5
       2
       1
       6
       1
       3
       1
       2
       5
       2
       4
       1
       0
       4
       2
       2
       2
       3
       4
       3
       1
       1
       2
       1
       1
       4
       2
       4
       3
       2
       5
       2
       2
       0
       5
       1
       4
       0
       3
       2
       1
       2
       2
       1
       2
       3
       0
       0
       3
       5
       1
       6
       1
       2
       0
       2
       3
       1
       2
       2
       2
       1
       3
       1
       0
       0
       2
       3
       4
       4
       4
       4
       1
       3
       3
       6
       1
       1
       1
       4
       3
       1
       1
       2
       0
       1
       1
       4
       4
       1
       1
       3
       2
       1
       1
       3
       3
       5
       3
       1
       4
       0
       5
       2
       0
       2
       4
       2
       2
       1
       1
       3
       0
       0
       2
       1
       3
       1
       0
       3
       1
       3
       0
       4
       3
       2
       4
       4
       0
       3
       4
       1
       1
       0
       1
       1
       2
       1
       1
       1
       2
       4
       1
       3
       2
       3
       1
       3
       1
       0
       1
       1
       1
       8
       4
       2
       1
       1
       1
       0
       2
       3
       3
       3
       3
       2
       1
       4
       3
       7
       2
       3
       0
       3
       2
       0
       4
       1
       1
       6
       4
       4
       3
       3
       1
       6
       1
       2
       2
       3
       1
       4
       5
       0
       3
       1
       1
       2
       2
       3
       3
       0
       1
       1
       1
       0
       1
       0
       2
       1
       5
       1
       2
       2
       3
       4
       2
       0
       3
       3
       3
       2
       1
       2
       3
       0
       1
       1
       1
       4
       0
       0
       3
       1
       2
       3
       5
       2
       4
       1
       2
       0
       2
       0
       1
       1
       4
       2
       4
       3
       2
       0
       0
       2
       1
       2
       3
       3
       3
       1
       1
       2
       4
       2
       2
       2
       2
       3
       3
       4
       1
       2
       2
       0
       4
       2
       1
       3
       0
       3
       3
       2
       3
       2
       2
       3
       3
       3
       1
       1
       1
       1
       5
       2
       3
       2
       1
       5
       0
       4
       1
       3
       5
       1
       3
       1
       1
       2
       2
       3
       3
       7
       2
       0
       5
       2
       0
       1
       1
       1
       0
       1
       1
       2
       1
       1
       1
       3
       1
       2
       4
       4
       2
       2
       3
       3
       4
       0
       1
       6
       2
       3
       1
       3
       1
       1
       6
       2
       2
       4
       2
       3
       1
       1
       1
       1
       1
       3
       1
       5
       2
       0
       1
       3
       0
       4
       1
       2
       7
       3
       0
       0
       3
       0
       0
       0
       1
       0
       1
       2
       3
       4
       1
       2
       4
       3
       5
       2
       2
       0
       1
       0
       0
       1
       5
       5
       4
       2
       6
       1
       5
       2
       1
       2
       2
       4
       1
       1
       4
       1
       1
       3
       4
       1
       1
       2
       1
       2
       2
       0
       3
       3
       0
       2
       4
       4
       4
       3
       1
       2
       1
       2
       3
       1
       3
       3
       3
       2
       1
       0
       0
       0
       4
       0
       3
       2
       1
       3
       4
       1
       0
       2
       3
       1
       3
       2
       0
       1
       2
       4
       4
       4
       0
       2
       1
       2
       0
       4
       2
       2
       4
       2
       3
       3
       3
       3
       1
       2
       1
       1
       1
       1
       2
       2
       5
       1
       4
       4
       0
       0
       1
       4
       2
       1
       5
       2
       0
       3
       3
       1
       1
       2
       3
       2
       1
       1
       1
       4
       0
       0
       2
       2
       1
       1
       2
       2
       6
       2
       3
       0
       1
       1
       4
       3
       2
       1
       3
       1
       0
       4
       2
       1
       3
       2
       2
       1
       1
       0
       0
       1
       3
       0
       2
       2
       3
       4
       1
       0
       1
       2
       0
       0
       0
       0
       0
       0
       0
       0
       0
       0
       0
       0
       0
       0
       0
       0
       0
       0
       0
       0
       0
       0
       0
       0
       0
       0
       0
       0
       0
       0
       0
       0
       0
       0
       0
       0
       0
       0
       0
       0
       0
       0
       0
       0
       0
       0
       0
       0
       0
       0
       0
       0
       0
       0
       0
       0
       0
       0
       0
       0
       0
       0
       0
       0
       0
       0
       0
       0
       0
       0
       0
       0
       0
       0
       0
       0
       0
       0
       0
       0
       0
       0
       0
       0
       0
       0
       0
       0
       0
       0
       0
       0
       0
       0
       0
       0
       0
       0
       0
       0
       0
       0
       0
       0
       0
       0
       0
       0
       0
       0
       0
       0
       0
       0
       0
       0
       0
       0
       0
       0
       0
       0
       0
       0
       0
       0
       0
       0
$ROI:
1
3000 3148
$PRESETS:
None
0
0
$ENER_FIT:
0.000000 0.019248
$MCA_CAL:
3
0.000000E+000 1.924814E-002 0.000000E+000 keV
$SHAPE_CAL:
3
5.089967E+001 0.000000E+000 0.000000E+000
