$SPEC_ID:
No sample description was entered.
$SPEC_REM:
DET# 1
DETDESC# DESKTOP-PNQJTCJ Easy-MCA-8k SN 09161357
AP# Maestro Version 7.01
$DATE_MEA:
03/10/2017 10:32:37
$MEAS_TIM:
379 403
$DATA:
0 8191
       0
       0
       0
       0
       0
       0
       0
       0
       1
       1
       1
       0
       2
       1
       2
       1
       0
       0
       1
       2
       0
       0
       0
       0
       0
       0
       1
       2
       0
       1
       1
      21
     627
    3488
    8253
   11932
   12424
   11318
   10550
   10481
    9622
    9213
   34318
   71532
    8020
    4446
    4197
    3425
    3063
    2920
    2563
    2141
    1526
    1126
     782
     613
     488
     380
     312
     267
     223
     165
     124
     102
      81
      64
      51
      32
      38
      18
      27
      22
      24
      14
       9
      11
      18
      11
      20
      16
       8
      14
      13
      12
      10
      12
       5
       6
       9
       4
      10
       9
       6
       9
       9
       3
      11
       8
       7
       5
       8
      11
       5
       4
       7
       8
      10
       7
      10
       8
       6
      13
       6
       4
       5
       6
       3
       4
       3
      10
       3
       9
       6
       7
       8
       7
       8
      12
       5
       6
      11
       6
       7
      11
       6
       5
       3
       7
       9
       8
       4
       7
      10
      10
      16
       3
      14
       6
       7
       9
       6
       5
       8
      11
      11
       2
       8
       4
       9
      11
       8
       7
      12
       1
       2
       4
       5
       8
       9
       9
       2
       7
       7
      10
      13
       9
       8
       9
       5
       3
      10
       6
      10
      14
       9
       6
       7
       5
      17
      10
       7
       8
       7
      12
      11
       5
       6
       4
       8
       8
       9
       4
      11
      14
       3
       8
       4
       7
      10
       8
      11
       8
       8
      11
       4
      10
      12
       8
       4
       9
      13
       5
       7
       4
       4
      13
       8
       9
       9
       6
      10
      10
       8
       6
      11
      10
       9
       8
      11
      10
       7
       3
       9
       8
       8
      14
       6
       8
       5
       4
       8
      12
      11
       5
       4
       6
       8
       3
       7
      13
       7
       5
       5
      15
       9
       9
       7
      10
       9
      13
       8
       9
       9
       8
      12
       6
       6
      10
      10
       6
       7
       6
       5
       7
       9
       8
       8
       9
       8
       9
      10
       5
       5
       7
       8
       7
       7
       5
      12
      12
       7
       7
       9
       7
       9
      10
       7
      10
      10
      12
       8
      11
      11
       4
      10
       1
       5
       5
       8
      13
       6
      17
       7
       8
       9
      10
      10
       5
      12
      10
       9
       7
       5
       9
       7
       6
       7
      11
      10
      10
      12
       7
      12
      11
       5
       9
      10
      11
      10
       4
      14
      10
      12
      11
       8
      13
      12
       2
       7
       8
       7
      11
       5
       9
       8
      11
      10
      10
      10
       9
      10
       6
       7
       2
      14
      11
      10
      13
       8
      12
      11
       6
      18
       9
       6
      12
      15
      15
       9
       9
       9
      15
      14
      18
      11
       8
       6
      19
      11
      14
      19
      16
      18
      10
      13
      11
      14
       9
      22
      11
      23
      15
      11
      10
      17
      15
      17
      16
      16
       8
      18
      11
      10
      10
      13
      11
       6
      12
      20
       8
      14
      20
      15
       8
       9
      18
      17
      21
       8
      10
      16
       9
       9
      12
       9
      12
      10
      15
      15
       9
      10
       9
      18
       9
      16
      13
      10
      13
      16
      13
       9
      15
      18
       8
      14
      12
      13
       9
      10
      17
      12
       8
      11
       6
      12
      17
      12
      13
      10
      13
      14
       8
      11
      14
      16
       6
       9
       8
      13
      16
      13
       9
      10
       9
      14
      13
      14
      12
      10
       4
       7
      18
      16
       6
      11
       8
       9
       9
      12
      10
       8
      12
      10
      11
       9
       5
       6
      10
       8
      13
       9
      10
       9
       4
      15
      18
      12
       7
       7
       7
       7
      13
      12
       4
      17
      12
       4
       7
      12
       9
      10
      11
       8
       7
      15
      10
      13
      12
      17
      13
      11
      14
      15
       8
       9
      17
      15
       7
       7
      16
      11
      10
       9
      12
      10
       5
      16
      15
       5
      16
      10
       6
      13
       7
      12
       7
      11
      18
       7
       7
      11
       3
       7
       8
      11
      10
       8
       8
       7
      11
       9
       7
      11
       7
      10
      10
       8
      14
      10
       9
      14
       9
       6
      12
       7
       6
      10
      13
      14
      10
       5
      12
       9
       7
       5
       4
       9
       8
       7
       6
      12
       9
       9
      13
       7
       8
      10
       7
      11
       5
      16
       8
       5
       7
       6
       8
       6
      11
       9
       6
       6
       7
       9
      12
      11
       5
       8
      19
      11
       9
      11
       7
      10
       5
      11
       8
       2
       6
       8
       9
       6
       7
       6
      10
      12
       8
       9
       8
       2
       8
       9
       9
       8
       9
      11
      10
       8
       9
       6
       8
      15
      13
       7
       9
       5
      11
      11
       7
       4
       5
       7
      12
       6
       4
      11
       6
      11
       6
       7
       5
       6
      10
       9
       7
       9
       7
       7
      10
      11
       8
       9
      14
      11
      11
       8
      10
       9
      19
      12
      11
      13
      16
      14
      11
      19
      11
      14
      19
      10
      25
      19
      19
      20
      13
      20
      19
      19
      24
      21
      27
      15
      17
      27
      34
      25
      22
      24
      13
      19
      24
      12
      16
      13
      23
      21
      18
      19
      23
      19
      13
      18
      13
       7
      10
      16
      18
      16
      10
      17
      12
      10
       9
       8
       8
      11
       5
       8
      10
      12
      10
       8
       3
      10
       4
      10
       7
       6
       6
       9
      10
       4
       3
       5
       4
       5
      12
       5
       4
       6
       4
       3
       4
       7
       8
       4
       7
      10
      11
       8
       9
       3
      10
      10
       4
      12
       6
       3
       9
      10
       5
       3
       5
       5
       5
       8
       6
      12
       4
       7
       5
       6
       6
      12
      10
       5
       5
       7
       7
      11
       6
       5
      13
      11
       4
       6
       5
       7
       8
      12
       7
       9
      10
      10
      10
       8
       6
       8
       6
       7
       8
       5
       2
      12
       3
      13
      14
       7
      11
      11
      13
       6
       6
       4
      10
       3
      16
       9
       8
       6
      10
       6
      11
       7
      12
      11
      15
       8
       5
      13
       6
       4
       9
       9
       7
       5
      12
       7
      16
      14
       8
      13
      11
       7
      12
       8
       6
       7
      14
      10
      11
      14
      12
      11
      12
      12
      18
       9
      13
       8
      16
      14
      12
      13
      14
       8
       9
       8
       6
       9
       6
       6
      11
       4
      13
       7
       7
       4
       9
      10
       4
       8
      14
       5
       4
       4
      11
      13
       4
       4
       4
       9
       4
       6
       4
       8
       9
       5
       8
       7
       5
       8
       5
       3
       5
       6
       8
       1
       7
       4
       6
       6
       6
       6
       6
       4
       5
       3
       4
       7
       5
      13
       2
       3
       5
       6
       7
       4
       4
       5
      12
       4
       7
       4
       8
       6
      11
       2
       2
       4
       7
       2
       6
      10
       6
      10
       9
       7
       6
       1
       8
       3
       9
       7
       6
       5
       3
       7
       9
       8
       3
       6
       8
       7
       4
       7
       4
       6
      10
       9
       2
       6
       5
       6
       2
       6
       8
      11
      11
       7
       4
       7
      12
      11
      10
       4
       8
       8
      13
       5
      10
       8
      12
       5
       7
      12
       8
       8
       7
       9
       8
       8
       8
      14
       9
      12
      10
      11
      14
      22
       7
      12
       7
      13
      17
      16
      10
      17
      19
      12
      16
      20
      14
      19
      16
      14
      13
      18
      19
      15
      14
      16
       9
      15
      16
      19
      17
      18
      12
      20
      17
      15
      12
      13
      13
      10
      10
      14
       8
       7
      16
      17
      16
      21
      13
      21
      25
       9
      15
      16
      21
      23
      18
      20
      12
      14
      21
      23
      24
      17
      16
      26
      21
      21
      28
      27
      24
      30
      25
      30
      25
      36
      36
      32
      29
      36
      20
      38
      31
      36
      30
      28
      30
      27
      38
      28
      36
      27
      31
      30
      37
      23
      20
      29
      26
      24
      21
      18
      11
      21
      21
      19
      17
      24
      15
      21
      18
      12
      14
      16
       9
      15
       7
      16
      12
      11
      13
       9
      12
      11
       4
      14
      15
       4
      13
       8
      13
       7
       9
       9
      14
      13
      14
      15
       8
      16
      16
       6
      15
      19
       9
      16
      24
      18
      22
      26
      28
      25
      28
      38
      27
      41
      44
      48
      43
      54
      64
      62
      75
      83
      79
      81
      96
      97
     105
     114
     131
     127
     151
     159
     158
     156
     175
     174
     176
     177
     196
     205
     218
     209
     234
     237
     224
     239
     217
     194
     214
     217
     238
     225
     204
     211
     234
     201
     192
     199
     208
     215
     181
     162
     157
     167
     149
     149
     139
     131
     132
     101
     104
      99
     101
      92
      90
      75
      80
      61
      79
      46
      62
      54
      38
      33
      62
      36
      35
      32
      28
      33
      37
      25
      25
      17
      27
      21
      18
      24
      23
      30
      22
      29
      22
      19
      19
      18
      21
      21
      21
       9
      18
      19
      21
      17
      14
      16
      15
      12
      19
      17
      15
      13
      10
      11
      10
      19
      16
      16
       7
      16
      15
      17
      23
      16
      17
      25
      31
      21
      22
      22
      28
      35
      28
      29
      40
      31
      36
      40
      34
      29
      35
      52
      43
      38
      52
      45
      45
      41
      48
      55
      48
      45
      49
      47
      52
      48
      50
      44
      34
      41
      40
      44
      39
      51
      38
      49
      46
      37
      39
      31
      46
      37
      45
      51
      39
      38
      43
      39
      41
      43
      50
      48
      56
      56
      43
      66
      57
      57
      59
      60
      65
      71
      71
      90
      56
      74
      64
      71
      87
      81
      94
      60
      86
      84
      85
      74
      72
      68
      76
      70
      55
      72
      58
      71
      70
      64
      53
      52
      51
      59
      50
      48
      58
      42
      42
      55
      31
      34
      35
      42
      36
      34
      28
      25
      20
      27
      24
      27
      23
      14
      13
      14
      15
      17
      16
      19
      11
      14
      11
       6
      12
      15
      10
      16
      10
      12
       5
       6
       8
       5
       5
       8
       4
       6
       7
       1
       8
       4
       9
       4
       6
       6
       3
       6
       7
       6
       5
       4
       3
       4
       3
       7
       4
       5
       3
       5
       8
       6
       2
       4
       6
       2
       5
       6
       5
       2
       9
       5
       5
       5
       4
      10
       3
       7
       8
       0
       4
       7
       5
       6
       3
       3
       3
       3
       5
       7
       5
       4
       4
       5
       8
       7
       5
       5
       9
       6
       2
      13
       4
       7
       6
       6
      10
       7
       6
       6
       3
       5
       6
       4
      11
       5
       5
       8
       6
       4
       4
       9
       8
       6
       1
       6
       2
       7
       9
       4
       6
       5
       4
       7
       5
       6
       4
       8
       9
       8
       4
      10
       5
       8
       5
       3
       3
       6
       3
       8
       5
       3
       8
       6
       5
       4
       5
       6
       8
       7
       8
       6
       6
       4
       4
       7
       2
       5
       8
       2
       4
       8
       6
       5
       3
       8
       3
      10
       7
       9
       8
       7
       6
       5
       5
       3
       2
       4
       4
       8
       6
       4
       9
       8
      12
      10
      13
       4
      11
       5
       6
      10
       6
       5
       6
       8
       6
      11
       6
      12
       8
      10
       8
       9
      13
      10
      12
      11
       8
       7
       9
       9
       6
       4
      10
       6
       7
       8
      14
      12
       9
      13
      13
       8
      10
       5
      13
       7
       9
       5
      10
       8
       7
       6
       8
       5
       7
      11
      12
       7
       6
       6
       4
       7
       9
       9
       8
       9
      12
      12
       6
       8
       7
       9
       7
       7
       4
       9
       6
       6
      14
      10
      11
       7
       6
      14
      13
      12
       5
       7
      14
       9
       9
      10
       7
       8
       6
       8
       9
       8
      12
      13
      14
       6
       9
       5
       7
       9
       8
      13
       6
       7
      10
       9
       6
       8
       7
       8
       6
       6
       7
       1
      10
       7
      13
       9
       6
       8
       9
       8
       3
      10
       6
       2
      11
       3
       3
       5
       6
       6
       7
       8
      12
       8
       4
       4
       4
       7
       6
       4
       7
       2
       4
       6
       5
       5
       6
       8
      10
       9
       5
       5
       6
       7
       5
      11
      10
       8
       8
       3
       4
       7
       6
       7
       3
       7
       4
       5
       8
       8
       9
       4
       9
       6
       6
       8
      10
       9
       4
       4
       9
       4
       7
       2
      17
       6
       8
       9
       7
       9
       8
       6
       7
       9
      11
       4
       4
      10
       6
       5
       5
       6
       6
       7
       5
       5
       7
       7
       8
       4
       6
       7
      11
      12
       3
       4
       8
       7
       9
       9
       7
       7
       7
      10
      10
       8
      16
      11
       6
       9
       6
       8
       6
       7
       7
       9
       7
       6
       9
       9
      11
      10
       9
       6
       5
       4
      11
      11
      13
       9
      11
       9
       7
       3
      11
       7
      11
       8
       7
       8
       8
      11
       6
       7
       7
       7
       7
      10
      16
       5
       7
       8
      12
       8
      10
      12
       7
       7
       8
       6
       4
      10
       7
      13
      14
      10
       5
       9
      10
      17
      12
      10
       8
       9
      13
       9
       7
      10
       9
      13
       9
       7
       7
      13
      14
       6
      14
      10
       6
       7
       9
      10
      15
       6
       7
       6
      10
      13
      13
      14
      11
       9
      10
       5
       6
       8
      11
       9
       8
      11
      10
       4
       9
      13
      14
      12
       9
      10
      12
      15
      12
      12
       8
      14
      20
      17
      21
      14
       7
      14
       9
       8
       7
       4
       8
      14
      10
      14
       9
      13
      17
      15
      13
      15
       9
      16
      13
      13
      11
      10
       9
      11
      11
       6
      11
      14
      11
       8
      15
      11
      10
      23
      15
      11
      14
      10
      16
      16
      11
      11
       5
      25
       9
       9
      15
       8
      12
      12
      19
       6
      14
      21
       5
      15
       8
      10
      10
      14
      15
      19
      15
      12
      21
      16
      11
      27
      16
       9
      10
      11
      13
      13
      14
      11
      11
      12
      22
      16
      19
      14
      15
      12
      15
      13
      15
      12
      15
      21
       8
      15
      13
      18
       9
      16
      14
      11
      22
      15
      11
      16
      10
      23
      10
      18
      20
      14
      15
      21
      20
      18
      19
       7
      19
      22
      19
      23
      20
      22
      15
      12
      19
      11
      26
      15
      11
      24
      20
      14
      24
      24
      22
      23
      21
      17
      14
      27
      19
      23
      23
      18
      21
      20
      19
      25
      20
      17
      22
      20
      30
      13
      25
      21
      12
      27
      19
      31
      19
      30
      32
      19
      17
      18
      26
      30
      26
      29
      19
      34
      22
      25
      18
      23
      35
      28
      24
      25
      16
      19
      25
      23
      22
      29
      26
      28
      29
      24
      23
      25
      24
      27
      26
      35
      24
      27
      21
      21
      22
      34
      27
      23
      36
      27
      27
      23
      26
      22
      24
      32
      35
      34
      33
      31
      24
      30
      28
      19
      35
      35
      33
      32
      36
      27
      19
      28
      30
      28
      33
      35
      30
      32
      34
      29
      40
      26
      31
      43
      28
      51
      33
      34
      32
      37
      36
      32
      31
      32
      38
      26
      32
      37
      29
      36
      44
      29
      33
      35
      35
      41
      45
      42
      46
      33
      46
      28
      35
      53
      33
      37
      33
      32
      36
      39
      48
      50
      43
      32
      21
      32
      41
      48
      29
      36
      40
      34
      50
      25
      54
      31
      31
      37
      41
      28
      47
      45
      38
      47
      42
      34
      39
      42
      33
      41
      57
      35
      41
      43
      35
      33
      33
      36
      46
      37
      27
      37
      34
      41
      39
      39
      36
      40
      28
      37
      48
      41
      38
      43
      37
      47
      36
      45
      43
      54
      47
      41
      53
      46
      43
      43
      40
      44
      40
      42
      34
      43
      43
      40
      49
      63
      47
      47
      49
      45
      45
      51
      49
      51
      54
      44
      40
      46
      36
      48
      46
      41
      47
      45
      55
      48
      50
      43
      47
      42
      54
      39
      52
      46
      39
      60
      56
      51
      56
      49
      63
      52
      71
      65
      46
      64
      50
      64
      63
      61
      59
      63
      59
      45
      55
      46
      61
      57
      58
      51
      49
      57
      64
      58
      62
      52
      59
      60
      48
      75
      64
      75
      60
      60
      62
      52
      54
      71
      58
      67
      67
      65
      68
      71
      71
      57
      67
      57
      61
      51
      59
      72
      77
      66
      68
      75
      80
      66
      76
      64
      66
      81
      79
      59
      78
      68
      81
      81
      65
      83
      77
      74
      99
      77
      84
      84
      89
      90
      82
      85
      81
      89
      80
      86
      90
      86
      85
      92
      87
      84
      88
      89
      97
      84
      99
     107
      91
      94
      98
     104
      82
      98
      88
     109
      86
     130
      92
     111
      95
     112
     106
     100
     119
      97
      99
     101
     116
     117
     139
      96
     129
     105
     140
     120
     136
     140
     124
     139
     117
     145
     134
     132
     132
     124
     169
     111
     124
     134
     152
     144
     153
     147
     142
     159
     138
     158
     151
     199
     156
     156
     134
     153
     168
     179
     176
     175
     153
     182
     150
     150
     171
     174
     169
     169
     189
     169
     179
     176
     190
     171
     183
     199
     177
     183
     196
     185
     177
     199
     187
     176
     196
     209
     219
     198
     184
     192
     201
     168
     204
     224
     195
     175
     213
     218
     194
     213
     200
     214
     212
     225
     223
     199
     202
     184
     218
     210
     202
     215
     221
     213
     221
     201
     198
     231
     213
     175
     199
     226
     191
     194
     195
     211
     201
     204
     228
     203
     174
     206
     223
     187
     214
     207
     187
     185
     170
     220
     231
     190
     204
     196
     187
     186
     184
     205
     197
     202
     191
     206
     185
     169
     205
     191
     191
     184
     204
     198
     171
     194
     222
     201
     212
     183
     186
     177
     202
     189
     207
     186
     185
     196
     179
     188
     203
     208
     230
     174
     178
     169
     195
     191
     197
     193
     180
     191
     230
     171
     192
     196
     187
     192
     209
     189
     206
     189
     202
     205
     203
     185
     215
     189
     171
     176
     188
     213
     203
     206
     196
     180
     210
     227
     199
     206
     186
     210
     209
     175
     194
     207
     182
     226
     207
     196
     181
     187
     200
     208
     199
     184
     186
     167
     197
     210
     191
     198
     210
     212
     223
     217
     209
     215
     208
     225
     201
     220
     205
     198
     217
     213
     211
     194
     199
     191
     232
     216
     218
     208
     214
     217
     215
     228
     219
     213
     201
     216
     212
     235
     246
     217
     226
     228
     248
     189
     196
     222
     203
     228
     211
     215
     216
     215
     239
     247
     233
     245
     238
     234
     215
     252
     227
     231
     228
     223
     233
     258
     229
     242
     232
     239
     263
     254
     211
     256
     245
     258
     255
     246
     237
     239
     224
     203
     283
     241
     245
     248
     254
     250
     232
     257
     207
     231
     248
     263
     249
     247
     234
     255
     244
     210
     240
     252
     212
     230
     263
     238
     243
     251
     248
     252
     238
     243
     254
     252
     236
     250
     247
     276
     244
     247
     256
     246
     251
     290
     260
     235
     281
     227
     252
     243
     235
     237
     256
     241
     234
     263
     236
     241
     269
     244
     245
     224
     253
     260
     236
     253
     267
     226
     268
     243
     256
     251
     261
     254
     262
     259
     249
     242
     241
     245
     237
     259
     241
     227
     271
     246
     239
     255
     263
     242
     211
     275
     217
     232
     213
     255
     235
     216
     247
     245
     239
     249
     246
     250
     244
     251
     237
     244
     238
     225
     257
     231
     236
     252
     234
     217
     219
     254
     244
     245
     244
     214
     226
     247
     238
     219
     231
     212
     207
     219
     205
     231
     222
     218
     220
     230
     231
     217
     219
     225
     219
     234
     192
     195
     237
     227
     193
     232
     222
     219
     212
     223
     216
     200
     201
     211
     210
     212
     237
     218
     204
     214
     218
     201
     217
     205
     218
     235
     253
     186
     214
     218
     216
     226
     199
     219
     201
     202
     217
     213
     214
     215
     196
     222
     218
     221
     242
     200
     220
     183
     197
     229
     204
     213
     226
     205
     216
     208
     230
     194
     233
     215
     201
     203
     215
     210
     222
     190
     212
     202
     188
     175
     199
     190
     212
     210
     209
     189
     219
     201
     179
     162
     199
     178
     204
     188
     189
     187
     185
     211
     187
     177
     216
     216
     204
     186
     180
     171
     191
     189
     199
     198
     200
     186
     218
     205
     225
     189
     155
     177
     169
     191
     194
     194
     204
     198
     217
     190
     221
     229
     236
     190
     231
     255
     262
     297
     329
     322
     367
     372
     395
     404
     461
     517
     549
     555
     654
     702
     771
     789
     888
     999
    1042
    1146
    1194
    1374
    1455
    1458
    1660
    1719
    1920
    1999
    2083
    2172
    2247
    2516
    2545
    2774
    2855
    3046
    3047
    3219
    3094
    3266
    3380
    3494
    3545
    3724
    3709
    3655
    3692
    3721
    3776
    3821
    3522
    3635
    3542
    3579
    3487
    3358
    3326
    3280
    3058
    2999
    2827
    2689
    2720
    2488
    2452
    2178
    2085
    1959
    1928
    1760
    1581
    1543
    1411
    1282
    1171
    1128
    1049
     914
     845
     747
     660
     585
     506
     488
     444
     380
     321
     270
     277
     237
     200
     185
     145
     147
     122
      90
      82
      79
      61
      50
      50
      43
      33
      37
      31
      23
      18
      16
      17
      15
      10
      10
       9
       5
      10
       4
       7
       5
       2
       7
       3
       9
       8
       9
       3
       2
       4
       1
       4
       2
       6
       1
       3
       4
       3
       2
       4
       7
       4
       3
       7
       1
       5
       6
       7
       7
       3
       5
       7
       6
       7
       5
       3
       5
       9
       3
       4
       6
       3
       9
       7
       6
       6
       2
       5
       4
       7
       3
       6
       6
       5
       5
      11
       6
       1
       6
       5
       7
       4
       6
       5
       3
       4
       5
       3
       4
       5
       6
       2
       4
       6
       6
       8
       5
       5
       7
       4
       3
       6
       5
       8
      10
       4
       6
       4
       2
       2
       2
       7
       4
       5
       2
       4
       8
       8
       5
       7
       7
       6
       6
       6
       5
       7
       5
       7
       4
       6
       6
       7
      10
       3
       2
       7
       6
       5
       5
       7
      10
       3
       7
      10
       7
       8
      10
       6
       4
       7
       6
       7
       5
       5
       6
       1
      10
       5
       9
       4
       9
       3
       5
       9
       7
       3
      12
       4
       6
       2
      12
      10
       5
       4
       6
       6
      10
       5
       5
       6
       8
       3
       7
       7
       4
       9
       9
       3
       5
       3
       4
       3
       1
       3
       3
       8
       4
       5
       7
       2
       3
       5
       4
       6
       5
       6
       3
       7
       3
      10
       7
       5
       4
       5
       5
       4
       4
       4
       6
       8
      11
       9
       4
       9
       8
       6
       3
      10
       6
       5
       5
       8
       8
       4
       6
       9
       5
       4
      11
       7
       6
       2
       8
       6
       2
       6
       7
       7
       3
       8
       5
       4
       5
       4
       5
       3
       9
       7
       6
       6
      10
       4
       7
       6
       5
       4
       2
       3
       5
       7
       1
       6
       7
       6
       7
       2
       7
       2
       0
       5
       5
       4
       7
       6
       7
       9
       4
       8
       3
      11
       5
       5
       7
       6
       6
       6
       9
      10
       8
       2
       2
       5
       4
       8
       7
       6
      10
       5
       5
      10
      11
       5
       4
       8
       6
       9
       6
       6
       4
      13
       1
      13
       3
       3
       7
       9
       3
       6
       9
      10
       9
       7
      11
       6
       6
       7
       7
      10
       3
       7
       7
       8
       5
       8
       9
       6
       9
       8
       9
       4
       6
       6
       7
       7
       4
       6
       7
       6
       5
      10
       5
       3
      12
      10
       9
       5
       6
       4
       7
       5
       9
       7
      12
       5
       5
       3
       1
       4
       3
      10
       6
       6
      10
       6
      10
       7
      12
       7
       8
       8
       7
       8
       4
       4
       7
       8
       5
       8
       6
       7
       4
       4
       6
       4
       6
       5
       7
       9
       8
       7
       8
       4
       2
       7
       3
       6
       3
       3
       5
      10
       3
       6
       5
       5
       7
       3
       6
       6
       3
       3
       7
       3
       6
       9
       8
       9
       7
       5
       6
       9
       6
       9
       5
       9
       9
       6
       6
       6
       5
       7
       7
       9
       5
       5
       7
       5
       3
       2
       9
       6
       6
       7
       6
       5
       8
       9
       6
       6
      10
       7
       6
       6
       3
       6
      10
       7
       5
       3
       8
       8
       7
      10
       2
       9
       4
      10
      13
       5
       6
       8
       8
       6
       7
       8
       6
       5
       4
      11
       5
       6
       6
      11
       5
      10
       9
       5
       7
       7
       9
       3
      15
       1
      11
       7
       7
       7
      11
       8
      10
       9
       4
       7
       5
       7
       8
       4
      10
       7
       9
       7
       8
       0
       4
       7
       5
       6
      10
       7
       8
      12
       6
       8
      10
       7
       5
      12
       7
       6
       8
       5
       7
       8
       4
      10
       7
      17
       7
       9
       8
      11
       3
       5
      10
       6
       7
      10
       9
       8
       5
       5
       4
       4
      14
       9
       8
       8
       5
       4
       6
       6
       9
       8
       3
       5
      10
       8
       5
       6
       7
      12
      14
       5
       7
      10
       6
       4
       8
       8
       2
      10
       6
       9
       6
       9
       7
       9
       4
      16
       9
       6
       5
       7
       7
       7
       4
       5
       9
       6
       9
       3
      15
       4
      11
       6
      11
       9
      13
       9
       8
       3
       7
       8
      10
       9
       6
      10
      11
       7
       6
      12
       8
       6
       7
       9
       6
      10
       7
      10
       6
       5
       9
       9
       6
       9
       8
       8
       6
       6
       6
      10
       8
      10
       7
      10
       9
      10
       6
       6
       4
       7
       8
       3
       7
       7
       9
       5
       6
      14
       7
       6
       8
       6
      12
       8
       4
      12
      12
       6
       6
       9
      10
      14
       7
       5
       8
       9
       6
       5
       4
       6
       3
      10
      11
       5
       9
       0
       4
       7
       4
      12
       7
       5
       5
       8
       6
       8
       7
      11
       5
       7
      11
       6
       8
       9
       8
       9
       4
      10
       7
       7
       7
      10
       8
      11
      12
      10
       7
       8
       6
       9
       8
      13
      12
       7
       8
      10
      11
      11
      14
       5
      13
      10
       8
      13
       8
      17
       7
      11
      11
      11
       4
      12
      11
       8
      10
      10
      12
       6
      10
       7
       7
       6
      12
       9
      10
      12
      12
       5
       6
       9
      10
      16
      10
       8
       9
      10
      10
       4
       9
       6
       9
       9
       5
      12
       7
      12
       7
       6
      11
       5
       6
       6
       8
       8
      12
       8
       9
       8
       9
       8
      10
       6
       7
      11
      10
       7
       8
      11
       8
       8
       7
      13
       9
       9
       8
      10
      13
       4
       7
       7
       8
       7
      12
       3
       6
       8
       6
       5
       9
       9
       8
      10
      12
      11
      11
      10
       9
      13
      12
      10
       6
       8
      11
      11
       8
       5
       6
       7
       7
       8
      11
       4
      18
       8
       6
       5
      14
       8
       6
       8
       9
      10
      10
       6
       9
      13
       8
       9
       9
      12
       8
       6
       9
       9
       6
       7
      10
      11
       8
       9
      10
       4
       7
       8
       8
       5
      12
       5
       9
       4
       5
       9
       7
      12
       7
      10
       6
       8
       5
       5
       7
       5
      10
      10
      11
      12
       7
      10
       9
       9
       4
       7
       5
       6
       8
       6
       9
      10
       8
      11
       5
       3
      10
      10
       7
      10
       7
       8
      10
       7
       3
      14
       7
      17
      13
       9
      12
      11
       3
      10
       7
       5
      11
      10
       8
      11
       7
       3
       4
       9
       9
       8
       8
      13
       3
       8
       6
       5
       8
       7
      10
      11
       3
       9
       8
       6
       8
       5
       8
       4
       6
       6
       7
       4
       9
       9
      12
       4
       6
       8
       4
       6
      10
      12
       7
      10
       6
       9
      10
      12
      10
      12
       7
       9
       2
       8
       6
       9
       8
      10
       9
       7
       7
       7
       8
       6
       3
       7
       7
      13
       7
       8
       8
      14
       7
       8
       4
      13
       8
       9
       6
       8
       8
      10
       8
       4
       8
      10
       5
       9
       3
       9
       8
       8
      12
       3
       9
       6
       8
      11
       3
       4
      13
      13
       5
       7
      10
       8
       8
       8
       5
      11
       9
      10
      11
      15
       7
      11
      10
      12
      10
       4
       8
      17
       7
      11
      10
      11
       9
       9
       7
      11
      13
       6
       8
       9
       6
      10
      10
       8
       9
      10
       4
       8
       4
       7
      12
       8
      16
       8
       7
       5
       4
       6
       8
       8
       6
      11
      13
       4
       9
       2
       7
       4
      10
       3
       8
       4
       8
      10
       7
       9
       7
       9
       8
       5
       6
       9
       9
       8
       7
      15
      14
       4
      12
       4
      10
       4
       7
      10
      12
       7
       8
      11
      12
       8
       6
       6
      14
       6
      15
       5
      16
       8
       9
      10
      10
       6
       5
       8
       1
       8
      11
       7
       7
       8
       8
       9
       8
      11
       6
       8
       8
       7
       4
      12
      10
      14
       8
       7
       9
       7
      11
       9
       9
      11
      10
       9
      11
       7
      12
      10
       6
       8
       7
      10
       1
      17
       7
       5
       9
      13
       7
       9
       6
       8
       9
      11
       7
       8
      10
       8
      11
      12
      10
       6
       5
       7
       7
       7
       5
       6
       3
      10
       6
       6
      10
       6
       6
       9
       5
       6
       6
       8
      10
       2
      10
       8
       7
       3
      13
       1
       7
       7
       6
       8
      12
       5
      10
      12
       5
       7
      10
      13
       5
      10
      12
       7
       8
      11
       7
       5
       9
      10
       6
      13
       8
       8
       9
      17
       2
       7
       7
       4
       9
       1
      13
      10
       9
       5
       2
       6
       5
       8
      10
       2
      11
       5
       3
      10
       8
       5
      14
       8
       9
       4
       7
      18
       6
       8
       6
       7
      12
       5
       7
      12
       4
       4
      12
      11
       5
       5
      10
       4
       7
      12
       7
       8
       7
       7
       6
       9
      10
       9
       4
       4
      10
      10
       7
      14
      13
      11
       6
       9
       9
       5
      10
       6
      13
      13
      13
       4
       9
       5
      11
       7
      10
       9
       7
       4
      12
       7
       4
       5
      13
       4
       9
      13
       6
      10
      11
       9
      20
       5
       7
      13
       8
       5
       9
       8
       7
      12
      13
      13
       6
      10
       4
      14
       9
      14
      11
       8
      11
       8
      10
      11
       8
       9
       8
      10
      11
      10
      10
       5
       9
       7
       7
       5
      10
      12
      13
      14
       6
       8
      11
       5
       7
       8
       6
      14
       9
      13
       6
      12
       9
       6
      11
      11
       5
       6
       8
      11
       7
      12
      10
      12
       3
       7
       9
      11
       6
       9
       6
       7
      10
      11
      12
      11
       8
      15
       9
       6
       9
       9
       9
      10
       4
       8
      10
       7
      12
      15
      12
       4
       9
      13
       8
       7
       8
      14
       7
      12
      12
       9
       4
       5
       5
       4
       7
       5
      14
       5
      10
       7
       6
       8
       6
       7
      12
      11
       3
       8
       6
      10
       6
      10
      10
      10
       5
      12
       9
       5
       7
       4
       7
      11
       7
       5
       5
       6
      12
       9
      11
       5
       6
       9
       8
       7
       4
       5
      13
      14
       9
      11
       3
      15
       7
      10
       5
       7
      10
       9
       8
       7
       4
       6
       7
       8
       7
      13
      12
      14
      13
       8
       8
       6
       9
       8
      13
       9
       4
      11
       9
      16
      11
      15
       6
      10
      14
       8
      12
       6
       6
      13
      10
       7
       6
       6
       7
       7
      11
       7
       7
       7
       6
      13
       5
       8
       7
      11
       8
       3
       7
       5
       9
       5
       7
       9
       8
       9
       6
      11
       7
      10
       8
      10
      10
       7
       7
      12
       6
       9
       5
       2
       8
       7
       6
      11
       9
       9
      12
      12
       8
       5
       5
       9
       5
       4
      12
       9
       7
       9
      11
       6
       7
       4
       6
      11
       7
       8
      12
      14
       7
       7
      10
       7
       8
      19
       6
       8
      10
       3
       4
       9
       7
      12
      10
       6
       9
       6
       7
      12
       5
      11
      12
       9
       6
      10
      10
      15
      13
       8
       7
       6
      11
       7
       8
       8
      13
       6
       5
      11
       9
       4
       6
       3
       6
       7
       5
       3
       8
      14
       9
       6
      10
      10
       9
       9
       9
      12
       5
       7
      14
       3
       9
       7
      12
       3
       8
       7
       9
      12
       4
      11
      12
      11
      14
       3
      10
       8
      10
       9
      10
      10
       6
      13
      11
       5
       7
       6
       8
       8
       7
       9
       6
       8
       7
      10
       6
       5
       6
      14
       4
       5
       9
       6
       9
       5
       8
       4
       9
       9
      11
       7
       4
       7
       5
       5
       7
      18
       6
       4
      10
       6
       5
       4
       5
       3
      10
       9
       4
       8
      10
       5
       4
       4
       9
       7
       7
       9
       7
       8
      12
      10
       4
      12
       8
       6
      10
       8
      10
      11
      13
      15
       4
       9
      10
       9
      13
      14
       7
      13
       3
      16
       9
       8
       8
       7
       4
       6
       9
      10
       4
       5
      10
       5
       7
       5
       9
       8
      13
      11
       9
       8
      11
       8
       7
       5
       6
       6
      10
      12
       7
      13
       9
       8
      11
      11
       5
       7
       4
       3
       6
       7
       7
      11
      14
      10
       3
       2
      14
       7
       4
      11
       8
      12
      12
      11
       3
       6
       7
       6
      13
      10
       5
      10
       8
      10
      12
       6
       6
       7
       8
      12
      12
      10
       5
      10
      13
      10
      12
       4
       8
       9
       7
       7
      10
       9
      15
       9
       8
       7
       8
       9
       5
      10
      10
      12
       7
       7
       8
       5
       7
       8
       5
       7
      10
       4
      11
       8
       6
      10
       7
       7
       9
       5
       8
      11
       5
       7
       9
      14
       3
       7
       8
       8
       5
       7
      11
      11
       7
       7
      10
      12
       8
       7
       8
       3
       8
       4
      11
       8
      11
       8
       9
      15
       5
      10
       8
      12
       6
      11
       4
       8
       8
       7
      10
       5
       5
      11
       7
       7
       7
       8
      14
      11
      11
       8
       7
       7
      10
       7
       7
       5
       7
       6
      12
      11
       6
       9
      12
       9
       9
       5
       8
      10
       6
       6
      10
       5
      10
      11
       8
       7
      12
       8
      11
      10
       7
       8
      10
      17
      17
       9
       8
       8
      13
       8
      16
      18
      13
      11
      12
      11
      10
      14
      12
      15
      10
       9
      13
      13
      15
       8
      17
       8
      15
      11
      16
      13
      16
      14
      12
      12
      15
      12
      11
       9
       9
      10
      13
      15
      11
      13
      13
      11
       4
      14
       9
       8
      10
      12
      10
       9
       7
       9
       4
       8
      11
      13
       9
       8
       9
       5
       6
      15
       8
       5
      10
       9
       7
       7
       3
       8
       4
      10
      11
       8
       4
       8
      10
       7
      14
       9
       8
       9
      12
       9
      10
       9
       6
       5
       9
       9
       5
       9
       7
       5
       9
      10
      12
       8
      12
      10
       9
       6
      10
       8
       9
      12
       6
       6
      11
       5
       6
       6
       5
      12
       5
       4
       6
       6
      13
       8
       8
      12
       8
       8
       5
       5
       7
       6
       8
       4
      10
      10
       7
       9
       8
       7
       7
       8
      10
       5
       9
       8
      13
      11
       9
       7
       8
       8
      14
      13
       8
      14
       8
       9
      10
       8
      12
       6
       9
      15
      10
       8
       7
       4
      11
      10
      10
      11
      10
       3
      14
       7
       7
       8
      12
      10
       7
       7
      11
       7
       9
       8
       9
       9
      10
       9
      10
      11
       5
      11
      10
      10
      10
       8
      11
       9
      15
       7
      15
      13
      12
      12
      13
      12
       8
      18
      12
      15
      12
      13
      17
      14
      10
      15
       8
       8
      11
      19
      13
      13
      21
      18
      15
      23
       8
      21
       9
      10
      10
      12
      13
       7
       7
      19
      12
      18
      11
      11
       9
      11
      18
      19
      15
       7
      11
      16
      17
       6
      11
       9
       8
      16
      11
      11
      11
      12
       5
       5
       7
       8
       6
      11
      11
       7
       7
       5
       7
       7
      13
      11
      15
      12
       9
       6
       8
      10
      12
       9
       8
       9
      12
       7
       7
       8
       6
      10
      10
       8
      11
       5
       6
       9
      10
       6
       7
       8
       5
      12
       8
       9
       4
       6
       3
       5
       3
      16
      10
       6
       7
      10
       9
       8
       5
       7
       9
       6
       8
      11
       4
      10
       4
       7
       8
       5
      10
       8
      10
       7
      15
       5
       7
       7
      14
       8
      10
       8
       7
       7
       4
       7
       4
      11
       5
       6
       6
      12
      12
       6
       7
       7
       5
       9
       7
       7
      10
       9
       6
       9
       4
      10
      12
      10
      13
       9
       6
      11
      10
      10
      10
       8
       5
       7
      13
       7
       3
       8
       8
       8
      12
      14
       6
       8
       3
       5
       7
       7
      12
       7
       9
      12
       9
      11
      12
       6
       9
       6
       7
      10
       5
       4
      13
       3
       7
      12
       8
       5
       6
       6
      10
       6
       5
      11
       7
       7
       6
       7
       8
       4
       8
       9
       2
      10
       4
       4
       4
       6
       9
      12
       6
      12
      16
       7
       6
      11
       5
       5
       7
       9
       8
      12
       4
      11
       8
      10
      11
       7
       2
       7
       9
      12
       4
       9
       5
       4
       6
       5
      10
       9
       4
       9
       8
       9
       9
      11
       7
      11
       8
       7
       9
       9
       7
       7
       5
       8
       3
       5
       9
       7
      19
       8
      10
       7
       7
       8
      12
      10
       7
       7
       9
       5
       7
       9
       4
       8
      11
      12
       5
       7
       7
       7
       8
       7
       9
       5
       7
       8
      10
       5
      12
       5
       7
       5
      10
       6
       7
       6
       4
       9
       9
       7
       9
       7
       8
      10
       4
       9
      14
       7
       9
       7
      10
       8
       9
       9
      10
      11
      14
       8
       9
      11
      12
       7
       9
      10
       7
       4
      10
       6
       7
       6
       9
       8
       6
      17
       8
      13
       9
       8
       7
      10
       8
       6
       8
       4
       5
       8
       9
       3
       9
      12
      11
      11
       6
      10
       9
       8
       8
       9
       5
       9
       4
       9
       9
      12
       8
       6
       9
       6
       7
       7
      10
      10
      12
       9
      11
       8
      12
       8
       7
       8
       7
       8
       3
      16
       4
       8
       8
       5
       8
       6
       9
       7
       9
      11
      10
      12
       7
       6
       9
       7
       9
       9
       8
      10
       8
       8
      10
       5
       6
       7
       7
       6
      12
       5
      11
       7
      12
      11
       7
       5
       6
       7
       7
      10
       8
       8
       5
       4
       6
       6
      10
       9
       8
      11
      12
      11
      10
       5
       9
      11
       6
       5
       8
       7
       5
       6
       8
       9
       3
       5
       3
       6
       7
       5
       9
       8
       8
       9
       5
      10
      11
       7
       8
       8
       6
       7
       7
      13
       6
       9
       8
       7
       8
       6
      10
      10
       8
      10
       7
      13
       4
       6
      10
       9
      10
      11
      13
      12
       9
      19
      10
       8
       3
       8
      11
       7
       7
      11
      11
       6
       7
       5
       8
      12
       7
      13
       9
       7
       8
       8
       4
       8
      10
       5
       6
      10
       9
       7
      12
      12
      11
       9
       5
       9
       8
      15
       9
       5
       3
       9
       8
       8
      11
       8
       6
       1
       6
      10
       6
      16
       9
       4
       6
       9
       8
       6
       4
       6
       4
       7
       8
       6
      11
       3
      11
       8
       8
       7
      13
      11
       6
       7
       8
       3
       8
      10
       5
       4
       5
       8
       8
       8
       9
       7
      12
       3
       5
       6
      15
       9
       6
       7
      12
       5
       9
      10
      10
       6
      10
       3
       5
       7
       4
       3
       8
      11
      11
       7
       4
       7
       6
       9
       8
      10
       4
      10
       5
       9
      11
       9
       6
       5
      13
      10
       6
       8
      11
      12
       6
       6
      14
       5
       8
       6
      11
       9
       9
       7
      12
       9
       7
       8
       4
       9
      13
       6
       7
       7
       5
      10
       8
       4
       8
       8
       9
      10
      12
       7
       1
      11
       9
       7
       5
       8
       3
       7
       6
       4
       8
       8
      10
       8
       8
      12
       6
       4
       5
       5
       9
       8
      10
       3
       4
      13
       8
       7
       8
       7
       5
      13
       7
       6
       9
       4
       6
       5
      11
      12
      10
      10
       5
       9
       5
       7
      10
       6
       7
      10
       7
       8
      15
       8
       9
       4
       5
       8
       4
       7
       7
      10
       4
       7
       5
       6
       3
       9
      15
       5
      11
       6
      11
      10
       8
       8
      10
       7
       6
       4
       7
       5
       4
       5
       8
       4
       8
       8
       9
       9
       2
      11
      11
       7
       6
       7
       5
       6
       6
       7
       9
      14
      11
      10
       6
       8
       7
       4
       5
       8
       8
       5
       9
       3
      11
       6
       4
       6
       8
       6
       7
       8
       9
       4
      11
       6
       8
       3
       4
       5
       2
      10
       6
       6
      10
       4
      11
      12
       8
       8
       4
       8
       5
       4
      14
       5
       9
       9
       9
       7
       9
       5
       6
       6
      10
       6
       8
       7
       5
       7
      10
       4
       8
      13
       6
       8
       6
      12
       4
       2
       8
      11
       6
      13
      15
       5
       3
       6
      10
       9
       7
       8
       6
       4
       7
       6
      13
       4
       5
       5
      10
       7
       9
      12
      11
       8
      10
       8
       6
       5
       2
       6
       3
       8
       7
       6
      10
       8
       7
       3
       7
       5
      10
       8
       4
       4
       6
       6
       9
       7
      11
      10
      12
      11
      14
       8
      14
       6
       8
       8
       8
      12
       5
       7
      11
       5
      10
       6
       6
       5
       6
       5
       8
       6
       9
       7
       4
       7
       8
       7
       9
      11
       4
       5
       4
       6
       7
       8
       6
       6
       5
       3
       9
       1
       9
       2
       5
      14
       5
       7
       6
       7
       8
       6
       7
       3
       7
       9
       5
       7
       2
       4
       5
       9
       5
       5
       8
       3
       3
       7
       6
      11
       9
       9
       8
       7
       8
       5
       7
       6
       8
      10
       8
       5
      10
       9
       7
       8
       7
      11
       7
       8
       6
       5
       3
       5
      10
       6
       6
      12
       6
       5
       2
       5
       3
       4
       2
       3
       5
       8
       6
       7
      11
       8
       8
       6
       8
       8
       6
       6
       2
       4
       7
       5
       6
       2
      10
       6
      12
       3
       4
       4
       8
       3
       2
       4
       6
       3
      11
       7
       2
       7
       6
       6
       7
       6
       5
       8
       8
       4
       9
       7
       8
       9
       4
       6
      10
       6
       5
       8
       6
       5
       4
      11
       4
       8
       4
       5
       7
       9
       4
       5
       4
       6
       9
       5
       3
       7
       8
       6
      14
       6
       3
      11
       4
       5
       3
       7
      12
      12
       3
       8
       8
       8
       5
       8
       7
       2
       6
      10
       4
       5
       5
       2
       5
       4
       7
       5
       5
       6
      15
       2
       7
       2
       5
       8
       5
       4
      11
       4
       8
       5
       9
       1
      10
       7
       4
       5
       8
       3
       2
       8
       9
       4
       7
       4
       5
       7
       7
       7
       4
       4
       8
       7
       5
       7
       4
      10
       7
       7
       5
       7
       9
       6
       5
       5
       6
       8
       8
      10
       2
       8
       7
       7
       7
       6
       4
       5
       5
       4
       3
       5
       6
       6
       5
       5
       8
       7
       7
      10
       2
       8
       5
       7
      10
       5
      11
       8
       7
       8
       1
      12
       7
       6
      12
       5
       8
       7
       9
       8
       7
       7
       9
       5
      11
       8
       6
       7
       9
       6
      11
      10
       7
       7
       8
       6
       5
       6
      10
       8
       7
       3
       8
      10
       8
      13
       7
       3
      13
       5
      10
      11
       8
       8
      10
       4
       6
       7
      11
       6
       5
       5
      13
       8
       6
       6
       6
       6
       5
       4
       7
       2
       3
       5
       4
       7
       5
       7
       8
       7
       6
       6
       4
      13
       6
       8
       3
       9
       3
       9
       4
       5
       5
       8
       4
       3
      11
       4
       6
       6
       5
       4
       4
       5
      10
       6
       2
      12
       4
       9
       2
       4
       5
       9
       3
       2
       6
       9
       7
       5
       9
       4
       5
       7
       6
       9
       7
       2
       5
       9
       4
       6
       9
      12
       7
       5
      11
      11
       4
       5
       6
       6
       5
       7
       4
       5
       9
       6
       5
       6
       7
       9
       9
       8
       3
       7
       6
      10
       2
       4
       4
      10
       5
       4
      11
       4
       5
       4
       3
       8
       8
       9
       6
       9
       5
       5
      10
       5
       3
       5
       9
       5
       6
       7
       7
      10
       6
       6
       0
       4
       9
       7
       2
       4
       9
       5
       3
       3
       4
       7
       4
       6
      14
       4
       8
       3
       7
       5
       8
       6
       4
       4
       5
       6
       4
       4
       5
       3
       9
       5
       7
       7
       5
      13
      11
       7
       6
       5
       2
       6
       3
       7
       7
       9
       5
       3
       3
       4
       5
       5
       9
       4
       7
       7
       4
       8
       4
       5
       4
       4
       4
       6
       7
       3
       3
       5
       8
       9
       3
       5
       3
       7
       3
       7
       9
       7
       6
       3
       4
       7
       3
       3
       6
       4
       6
       2
       8
       5
       2
      11
       5
       6
       4
       5
       3
       5
       8
       6
       5
       5
       7
       7
       3
       5
       5
       3
       2
      10
       3
       6
       1
       6
       5
       8
       6
       6
       8
       8
       7
       7
       5
       3
      10
       2
       4
       7
      10
       4
       8
      10
       3
       9
       9
       6
       4
       5
       3
       7
       4
       6
       5
       9
       5
       2
       5
       6
       8
       3
       3
       6
       7
       1
      12
       9
       8
       7
       5
       5
       5
       9
       6
       8
       5
      10
       5
       6
       5
       3
       1
       5
       2
       8
       8
       6
       8
       7
       7
       4
       3
       4
       3
       5
       4
       4
       5
       5
       8
       6
       6
       4
       9
       4
       2
       6
       6
       6
      10
       5
       7
       8
       2
       5
       3
       6
      12
       7
       4
       4
       2
       8
       4
       5
       4
       9
       6
       3
       6
       3
       5
       9
       5
       9
       3
       4
       6
       4
       7
       4
      14
       8
       7
       4
       5
       2
       6
       4
       4
       6
       7
       6
       8
       3
      11
       6
       6
       7
       7
       9
      11
       6
       6
       6
       6
       5
       9
      10
      12
       4
      10
       6
       9
       5
       4
       8
       5
      10
       6
       6
       3
      13
       2
       5
       8
       4
       4
       1
       4
       5
       1
       6
       5
      11
       6
       6
       7
       2
       3
       4
       8
       4
       6
       9
       4
       4
       4
       8
       2
       4
       6
       6
       3
       2
       7
       7
       7
       7
       4
       5
       4
       8
       3
       4
       7
       9
       4
       3
       3
       5
       3
       6
      10
       8
       5
       8
       8
       6
       4
       6
       5
       3
       2
       6
       6
       5
       7
       4
       8
       8
       6
       8
       6
       5
       5
      10
       4
       6
       6
      10
       8
       6
       7
       8
       6
       1
       6
      11
       3
       5
       6
       6
       7
       5
       6
       3
       6
       4
      11
       3
       4
       6
       6
       8
       5
       5
       8
       4
       7
       7
       4
       6
       6
       3
       3
       4
       7
       6
       6
       2
       6
       5
       8
       6
       8
       4
       6
       3
       9
       3
       5
       4
       8
       5
       3
       4
       4
       7
       7
       5
       4
       7
       3
       6
       4
       6
       1
       6
       6
       8
       8
       5
       6
       4
       4
       2
       7
       2
       4
       6
       6
       6
       6
       4
       6
       8
       6
       6
       5
       7
       7
       3
       8
       5
       5
       6
       4
       6
       5
       5
       5
       6
       9
       4
       2
       7
       6
       6
       2
       6
       5
       2
      12
       4
       8
       5
       3
       7
       7
      10
       7
       5
       4
       2
      10
       2
      10
       7
       2
       4
       4
       9
       3
       3
       6
       5
      12
      10
       7
       5
       6
       6
       8
      10
       7
       5
       8
       5
       4
       4
       5
       5
       7
       4
       3
       4
       6
       4
       4
       9
      10
       5
       1
       4
      12
       2
       1
       5
       5
       5
       4
       6
       6
       9
       4
       6
       2
       8
       5
       3
       7
       0
       9
       7
       5
       3
       8
       5
       3
       5
       4
       7
       8
       3
       2
       4
       8
       5
      12
       5
       5
       3
       3
       3
       1
       7
       8
       7
       8
       4
       8
       3
       5
       2
       3
       6
       1
       5
       7
       6
       4
       0
       6
       6
       5
       4
      10
       5
       7
       9
       6
       5
       5
       3
       4
       3
       3
      10
       4
      12
       7
       4
       1
       7
       4
       7
       4
       2
       5
       9
       9
      13
       3
       6
       8
       6
       5
       5
       6
       3
       8
       4
       6
       2
       5
       6
       3
       6
       6
       7
       7
       4
       7
       7
       7
       4
       1
      12
       5
       5
       4
       5
       9
       5
       4
       3
       1
       4
       4
       4
       9
       7
       4
       6
       2
       3
       5
       1
       2
       5
       3
      11
       7
       8
       8
       5
       5
       3
       5
       5
       5
       7
       8
       6
       7
       6
       8
       8
       8
       3
       6
       4
       5
       7
       7
       8
       6
       4
       4
       4
       3
       4
       4
       8
       3
       4
       4
       4
       8
       8
       2
       0
       9
       6
       6
       7
       5
       9
       6
       7
       8
       8
       8
       7
       5
       2
       5
       2
       5
       5
      10
       8
       7
       5
       3
       2
       3
       7
       5
       5
       9
       7
       7
       2
       2
       6
       3
       5
       8
       3
       1
       2
       2
       6
       8
       5
       2
       3
       8
       4
       7
       4
       7
       8
       2
       2
       4
       7
       6
       5
       7
       3
       2
       3
       6
       6
       7
       5
       4
       5
       4
       7
       4
       6
       4
      10
       1
       3
       7
       2
      10
       5
       5
       6
       8
       4
       7
       9
       8
       3
       3
       7
       3
       3
       4
       6
       4
       5
       5
       4
       2
       3
       4
       3
       9
       1
       7
       3
       7
       5
       7
       7
       2
       4
       1
       4
       4
       4
       5
       6
       6
       7
       4
       3
       5
       3
       5
       3
       5
       6
       4
       4
       8
       5
       2
       8
       6
       5
       2
       4
       8
       7
       6
       5
       6
       5
       3
       8
       4
       5
       4
      10
       0
       5
       3
       7
       3
       6
       4
       5
       4
       9
       6
       5
       9
       6
       5
       3
      10
       4
       9
      10
       7
       4
       3
       3
       3
       3
      10
       2
       4
       9
       6
       8
       3
       4
       3
       5
       8
       2
       5
       7
       9
       7
      10
       5
       7
       3
       4
       7
       5
       1
       3
       5
       4
       4
       2
       5
       2
       5
       2
       7
       8
       5
       3
       6
       2
       8
       7
       2
       3
       6
       6
       5
       6
       8
       4
       9
       6
       9
       7
       7
       7
       3
       7
       7
       3
       4
       4
       7
       5
       8
       4
       6
       5
       4
       5
       4
       7
       6
       5
       6
       6
       6
       6
       3
       6
       6
       6
       7
       6
       7
       6
       6
       4
       8
       5
       9
       8
       1
       3
       6
       2
       8
       4
       4
       5
       7
       2
       3
       3
       6
       6
       3
       5
       4
       6
       5
       5
       6
       7
       3
       4
       9
       6
       5
       5
       8
       4
       7
       2
       8
       6
       7
       6
       0
       6
       4
       7
       6
       5
       0
       4
       1
       4
       4
       5
       5
       6
       3
      11
       2
       6
       6
       6
       4
       2
       3
       3
       7
       4
       3
       3
       7
       3
       6
       7
       8
       3
       8
       3
       2
       3
       5
       4
       6
       6
       3
       2
       9
       8
       5
       6
       2
       7
       2
       8
       6
       5
       9
       3
       8
       0
       5
       4
       2
       5
       3
       6
       7
       5
       5
       6
       6
       3
       2
       4
       4
       3
       7
       3
       8
       3
       3
       7
       3
       7
       3
       3
       1
       8
       2
       4
       3
       4
       3
       2
       4
       9
       3
       8
       3
       7
       8
       4
       3
       8
       5
      11
       2
       3
       5
       6
       6
       4
       5
       5
       2
       9
       3
       5
       5
       9
       1
       2
       7
       6
       7
       3
       9
       4
       6
       3
       5
       3
      11
       6
       2
       3
       4
       6
       1
       4
       2
       2
       6
       3
       6
       1
       4
       6
       7
       2
       3
       6
       4
       7
       4
       4
       3
       2
       4
       6
       2
       2
       4
       8
       9
       3
       5
       3
       6
       4
       5
       5
       6
       9
       2
       5
       3
       4
       3
       5
       4
       6
       5
       6
       5
       5
       5
       4
       9
       3
       7
       1
       4
      11
       6
       5
       6
       6
       3
       5
       9
       7
       7
       5
       4
       7
       2
       6
       2
       4
       2
       4
       5
      11
       8
       3
       3
       5
       5
       4
       2
       5
       8
       6
       5
       5
       2
       5
       3
       7
       3
       3
       3
       6
       2
       4
       6
       6
       6
       7
       6
       6
       7
      11
       2
       5
       5
       5
       3
       4
       2
       9
       4
       4
       1
       4
       3
       6
       4
       3
       4
       7
       3
       9
       7
       3
       6
       7
       2
       4
      11
       6
       6
       5
       3
       5
       6
       6
       7
       3
      10
       1
       6
       9
       5
       5
      10
       9
       5
       6
      10
       7
       5
       5
       3
       5
       6
       4
       8
       9
       6
       7
       3
       7
       6
       7
       4
       5
       3
       7
       7
       7
       3
       4
      10
       6
       3
       8
       4
       6
       8
       3
       6
       9
       4
       7
       3
       4
       6
       5
       4
       5
       6
       6
       3
       7
       3
       6
       1
       5
       4
       4
       6
       7
       5
       5
       4
       5
       3
      10
       4
       3
       4
       4
       5
       6
       5
       4
       4
       2
       5
       5
       4
       6
       4
       5
       8
       4
       4
       1
       5
       7
       3
       8
       3
       6
       5
       3
       4
       6
       4
       6
       2
       4
       7
       7
       8
       0
       0
       0
       0
       0
       0
       0
       0
       0
       0
       0
       0
       0
       0
       0
       0
       0
       0
       0
       0
       0
       0
       0
       0
       0
       0
       0
       0
       0
       0
       0
       0
       0
       0
       0
       0
       0
       0
       0
       0
       0
       0
       0
       0
       0
       0
       0
       0
       0
       0
       0
       0
       0
       0
       0
       0
       0
       0
       0
       0
       0
       0
       0
       0
       0
       0
       0
       0
       0
       0
       0
       0
       0
       0
       0
       0
       0
       0
       0
       0
       0
       0
       0
       0
       0
       0
       0
       0
       0
       0
       0
       0
       0
       0
       0
       0
       0
       0
       0
       0
       0
       0
       0
       0
       0
       0
       0
       0
       0
       0
       0
       0
       0
       0
       0
       0
       0
       0
       0
       0
       0
       0
       0
       0
       0
       0
       0
       0
$ROI:
1
3000 3148
$PRESETS:
None
0
0
$ENER_FIT:
0.000000 0.019248
$MCA_CAL:
3
0.000000E+000 1.924814E-002 0.000000E+000 keV
$SHAPE_CAL:
3
5.089967E+001 0.000000E+000 0.000000E+000
