$SPEC_ID:
No sample description was entered.
$SPEC_REM:
DET# 1
DETDESC# DESKTOP-PNQJTCJ Easy-MCA-8k SN 09161357
AP# Maestro Version 7.01
$DATE_MEA:
03/10/2017 09:46:24
$MEAS_TIM:
611 633
$DATA:
0 8191
       0
       0
       0
       0
       0
       0
       0
       0
       0
       0
       0
       0
       0
       0
       0
       0
       0
       0
       0
       0
       0
       0
       0
       0
       0
       0
       0
       0
       0
       0
       1
      44
    1096
    5826
   13410
   18769
   18614
   16876
   15708
   15469
   14132
   13322
   53891
  111240
   10958
    5465
    5408
    4769
    4633
    4444
    4026
    3119
    2375
    1670
    1261
     919
     725
     648
     497
     410
     336
     250
     171
     128
     112
      90
      82
      51
      47
      47
      41
      33
      24
      27
      24
      13
      20
      12
      16
      16
      11
      11
      13
       9
      12
       8
      13
      10
      11
       7
       4
      14
      11
       6
       6
       5
      14
       5
       7
       6
      14
      10
       5
       9
       9
       9
       6
      11
       9
       2
       6
       6
      11
       7
       6
       6
       9
       7
      10
       5
       5
       7
      11
       6
       5
      10
      15
       7
       4
       7
       4
       6
       9
       5
       4
       3
       6
       4
       4
       5
       6
       9
       6
      13
       4
       5
      11
       2
       5
       7
       5
       9
       5
       5
       4
       5
       2
       8
       2
       6
       5
       6
       5
       4
       9
      10
       8
       4
       8
      11
      10
      10
       6
       2
       7
       6
       6
       4
       8
       8
       4
       7
      14
       4
       7
       7
       7
       7
       8
       9
       6
       8
       7
       7
       2
       4
       3
       9
       6
       4
      11
       9
      16
       9
      10
       3
       8
       6
       9
       1
       9
       9
       7
      13
       4
       8
       5
       6
       9
       7
       5
       6
      10
      13
       7
       8
       9
       6
       7
       4
       7
       5
       7
       7
      10
       7
       8
      11
       6
       4
       4
       8
      12
       7
      10
       8
       3
       8
       3
      13
       7
      12
       6
       4
       8
       6
       9
       7
       9
       8
       7
       8
       3
      12
       5
      13
       8
      12
       8
      12
       4
       9
       6
       7
       5
       5
      10
       4
       7
      10
       7
       7
       9
       3
       4
       7
       9
       5
      14
       7
      13
       8
       8
       9
       9
      10
       5
       7
      11
       8
       7
      11
       4
       5
       9
      10
      10
      16
       6
       9
      10
       4
      10
       5
      10
      12
      14
       3
      12
       7
      10
      14
       7
      12
      11
       9
       9
      16
       8
      12
       7
       7
       8
       4
       8
       3
       8
       4
       9
      10
       9
       9
       4
      10
       7
      10
       9
       7
       8
       7
       6
      10
      13
       6
       8
       4
       3
       8
       3
       8
       7
      11
      12
       9
      10
       8
       6
       6
       3
       7
      10
       5
       8
       9
      13
      12
       7
       8
       8
      15
       8
       9
       9
      10
      10
       9
      11
      11
      11
      10
       9
       8
      13
      12
       6
       7
       9
       5
       3
      16
       8
      13
       8
      16
       9
      13
       7
      12
      10
       6
       8
      10
      13
       8
      19
       6
      13
       8
      11
      14
      14
      12
      14
      13
       5
      13
      11
       9
       9
      10
      14
      15
      11
       7
       1
      12
       7
      13
       9
       9
      10
       9
       4
      13
      17
      10
      12
       9
       8
      16
       6
      11
       8
       8
      11
      11
      10
       5
      11
       6
       6
      16
      14
      12
       9
      14
      10
       7
      11
       8
       9
       9
      10
      10
       6
      10
      11
       9
       6
      14
       8
       7
      10
      10
      12
      12
       7
       7
       7
       6
       6
       8
       8
       9
      12
       7
       9
      13
      10
      11
       6
       6
      14
      12
       8
       6
       5
       8
      10
      11
      15
      11
       6
       9
       7
       3
       6
      11
      13
      12
      11
      11
       6
       5
       9
       9
       8
       7
      12
      10
       6
      10
      11
       7
      14
      10
      10
      17
       7
      10
      11
       7
       8
       4
      12
      10
       9
       4
       8
      10
      12
      12
       8
      11
       6
       4
       9
      10
       8
      11
       7
       3
       2
       7
       6
       5
      10
       8
       7
       7
       8
      13
      10
       7
      16
       9
       4
      10
       4
       7
      14
      10
       9
      11
       6
       8
       2
       8
       7
       4
       9
       4
      11
       3
       4
       8
       7
       6
       6
       7
      10
       1
       5
      12
       7
       7
       8
       8
       9
       5
       2
       8
       3
       2
       5
      12
       9
       3
       3
       9
       6
       4
      11
       7
       7
      14
       5
       6
       4
       8
       4
       5
       4
       3
       7
       7
       4
       5
       7
      10
       5
       3
       5
       5
       6
       9
       6
      11
       6
       5
       8
       8
       4
       6
       4
       2
       6
       9
       5
       7
       8
       7
       9
       7
       4
      14
       7
       3
      10
      11
      12
       6
       6
      10
       4
       9
       3
      14
       5
       8
      13
      10
       5
      12
      12
       5
      11
      12
      10
      11
       5
       6
       5
       7
       8
       6
       8
       5
      11
      10
       4
       9
       6
       9
       8
      10
       4
      11
       7
      12
      11
      11
       5
      11
      11
       8
       8
      13
       7
      16
       9
      17
      12
      14
      12
      12
      16
      15
      18
      14
      10
      13
      11
      16
      11
      20
      15
      15
      18
      13
      21
      14
      13
      17
      18
      13
      12
      14
      16
      14
      16
      13
      18
      14
      12
      11
      13
      10
      15
       7
      12
      10
      14
      11
      10
      12
      10
       7
      10
       8
      12
       9
       6
       4
       6
       4
       4
       7
       7
      13
       3
       6
      10
       3
       3
       7
       7
       2
       8
       5
       4
       4
       7
       8
       3
       4
       9
       5
       9
       3
       3
       3
       2
       2
       6
       4
       5
       7
       5
       7
       3
       4
       6
       5
       4
       5
       4
       1
       5
       3
       7
       4
       7
       4
       9
       4
       6
      14
       3
       7
       7
       5
       5
       5
       6
       6
      11
       6
       3
       7
       8
       7
       9
       6
       4
       3
       7
       9
      12
       7
       6
       5
       4
       8
       5
       3
       6
      12
       5
       6
      10
       7
       6
       8
       5
       6
       3
       6
       8
       6
      12
       2
       7
       5
       3
       7
       7
      10
       3
       8
       9
       4
       8
      10
      11
       7
      11
      12
       9
       9
      11
       7
       6
      11
      10
       4
       8
       6
      12
       8
       6
       6
       7
      13
      13
       9
       5
       7
       8
       8
      11
       7
       5
      11
       7
       5
       6
       4
      11
       5
      11
      10
       7
       7
      10
       6
       5
      13
       4
       6
       4
      10
       4
      12
       6
       9
       2
       9
       9
       9
       4
       7
       5
       5
       7
       3
       4
       2
       8
       5
       5
       5
       5
       7
       6
       6
       4
      10
       5
       2
       2
       7
       4
       4
       7
       6
       4
       5
       4
       4
       8
       7
       5
       6
       7
       8
       4
       7
       3
       3
      10
       7
       5
       4
       6
       3
       4
       6
       6
       5
       8
       9
      11
       7
       5
      10
       7
       5
      11
       8
       5
       5
       3
       7
       8
       3
       6
       6
       7
       3
       4
       4
       5
       5
       9
       3
       7
       3
       5
       4
       6
       4
       5
       4
       8
      10
       9
       8
       5
       7
       4
       9
       8
      10
       3
       4
       8
       4
       1
       4
       7
       4
       4
       4
       4
       7
       6
       5
       3
       8
       7
       5
       8
       7
       3
       4
       5
       2
       4
       6
       6
       5
       3
       8
       5
      10
       8
       1
       5
       7
      10
       3
       6
       3
       6
       4
       8
       5
       4
       3
       4
       8
       4
       6
       6
       6
       6
       9
      10
       5
       3
       6
       5
       8
       7
       7
       9
       7
       2
       7
       6
       2
       9
       4
       3
       5
       3
       7
       4
       5
       6
      10
       3
       8
       7
       6
       5
       4
       7
       3
       6
       5
       5
       7
       2
       8
       7
       8
       7
       9
       1
       8
       4
       8
      12
      10
      10
       3
       6
       4
      10
       7
      13
       1
      10
       7
       8
       9
       7
       5
       9
       6
      11
       9
       8
       9
       8
       5
       9
      10
       9
       7
       6
       9
       8
       6
       9
       6
       5
       5
      10
       7
       4
       7
       6
       5
       7
       5
       1
       6
      11
       3
      14
       6
       7
       8
       6
       4
       5
       8
       4
       9
      11
      12
      16
       8
      13
       9
      10
       8
       5
       8
      10
       7
      12
       7
      17
      10
      10
      14
      15
      22
      16
      16
      15
      24
      16
      29
      17
      23
      27
      31
      38
      38
      35
      44
      47
      43
      62
      69
      70
      64
      68
      68
      90
      88
      93
     125
     104
     121
     130
     129
     118
     124
     151
     146
     149
     147
     127
     163
     150
     158
     147
     157
     164
     183
     169
     165
     156
     161
     143
     151
     147
     138
     128
     129
     147
     124
     129
     119
     122
     104
      93
     106
      88
      93
      79
      58
      81
      65
      57
      54
      54
      41
      56
      47
      38
      39
      29
      32
      32
      26
      27
      23
      19
      16
      22
      17
      15
      21
      15
      21
      12
       7
       7
      15
      12
      13
       3
       8
      17
      11
       5
       6
       6
       9
      11
      14
      11
       8
      10
       6
       5
       8
       2
       6
       5
      10
       5
       7
       4
      10
       5
       5
       7
       6
       6
      12
       9
      11
      10
       8
       6
       5
       4
       6
       8
       9
       4
       7
       7
      13
       6
       7
       8
      11
       2
       7
      11
       6
      10
       8
       7
      10
      12
       2
       5
       6
      11
       3
       7
       9
       7
       4
       6
      10
      12
      10
      11
       7
      16
      14
      15
      12
      15
      14
      12
      21
      17
      19
      12
      22
      19
      15
      30
      18
      27
      28
      34
      44
      40
      41
      45
      45
      49
      42
      40
      52
      58
      47
      43
      63
      59
      49
      59
      59
      62
      60
      52
      62
      65
      51
      52
      58
      60
      61
      53
      51
      58
      51
      44
      36
      34
      44
      42
      45
      48
      25
      47
      40
      37
      32
      31
      30
      30
      25
      24
      18
      22
      24
      26
      23
      20
      26
      15
      15
      14
      16
      13
      24
      13
      16
      10
      17
      10
      14
       7
      12
       8
      12
       7
       9
      12
       7
      11
      11
       4
       2
       5
       9
       6
       6
       6
      10
       5
       4
       7
       7
       6
       5
       7
       4
       5
       4
       2
       6
       6
       8
       5
       5
       2
       8
       9
       6
       5
       9
       6
       5
       7
       9
       3
       9
       2
       8
       7
       3
       6
       4
       5
       7
       7
       5
       5
       9
       7
       2
       4
       3
       5
       4
       7
       3
       1
       2
       3
       6
       3
       8
       2
       6
       5
       4
       5
       5
       4
       5
       2
       4
       5
       8
       5
       8
       3
       8
       5
      10
       8
       3
       3
       5
       7
       8
       7
       6
       2
       7
       1
       4
       3
       4
       7
       3
       4
       6
      12
       1
       5
       6
       8
       7
       6
       4
       4
       4
       3
       5
       7
       5
       4
       2
       5
       4
       7
       6
       1
       8
       5
       5
       5
       3
       6
      12
       7
       3
       5
      10
       4
       2
       5
       8
       1
       6
       4
       4
       7
       9
       5
       6
       8
       3
       5
       2
       9
       7
       4
      12
       6
       4
      11
       2
       5
       6
       5
       6
       9
       6
       4
       5
       8
       5
       8
      10
       9
       4
       4
       7
       3
       7
       5
      12
       6
       4
       5
       5
       8
       4
       8
      10
      11
       7
      11
       7
      12
      12
       9
       6
       8
       6
       5
       5
       9
       9
       5
       9
       6
       6
      10
      12
       9
       6
       6
       7
       9
       6
       7
      10
       5
       2
       1
       6
       5
       7
       3
       3
       6
       7
       2
       7
       4
       7
       8
       4
       8
       4
       1
       6
      12
       2
       6
       5
       6
       8
      10
       7
       8
       6
       6
       4
       5
       9
       2
       5
       4
       5
      11
       6
       5
       6
       4
       4
       3
       2
       4
       6
       6
       4
       6
       5
       3
       6
       7
       8
       6
       3
       6
       7
       5
       8
       6
      10
       4
       9
       7
       5
       6
       5
       9
       7
       2
       3
       5
       6
       7
       7
      10
       6
       7
       6
       5
       5
       3
       3
       4
       4
       7
       6
       6
       6
       6
       8
       8
       6
       5
       5
      10
       5
       8
       5
       5
       8
      11
       5
       7
      10
       6
       7
       7
       8
       8
       7
       5
       4
       9
       5
       6
       4
       8
       8
       5
       8
       7
      10
       5
       4
       3
       7
       8
      14
       6
       5
       7
       7
       6
       9
      11
       6
       5
       9
       7
       2
       5
       7
       9
       7
       5
      13
       0
       7
       8
       8
       9
       9
      10
       9
       4
       7
      11
      13
       8
       9
       7
       8
       4
       4
       8
       6
       8
       5
      11
       8
       9
       4
       9
       5
       7
       3
       9
       7
       9
       8
       3
      10
      14
       6
       7
       7
       7
       5
       9
       8
       7
      10
      11
       4
       7
       7
      12
       7
       4
       8
      10
       7
      12
       6
       7
       8
      11
      12
       8
       6
       7
       4
      10
      13
       7
       4
       7
       7
       8
       7
       9
       7
      10
      13
      11
       8
       8
      11
       6
       7
       9
      18
      11
      11
       6
       3
       5
      10
       7
       7
      11
       3
      13
       7
       7
       6
       8
       9
       5
       9
      10
       6
       7
      10
       9
      10
      10
      12
       8
      11
       7
       3
       5
      12
      16
      12
      13
       6
      11
       4
       7
       4
       7
       8
      12
      14
      10
       9
      10
       8
      14
       8
      13
      10
       6
      10
      11
      11
      12
      18
       7
      11
       6
       9
      18
       9
      16
      11
      11
      15
      10
      10
       9
       9
      11
       9
      14
       9
      12
      11
      10
      10
       5
      10
       9
      16
      13
      12
      16
      14
       8
      14
      11
      10
       7
       7
      17
      14
      13
      11
       8
      11
      14
      11
      10
      13
      13
      10
      12
      14
      12
      10
       8
      11
      11
      18
      14
      15
      11
      12
      15
      20
      18
      13
      17
      15
      12
      12
      16
      12
      12
      12
      17
      13
       7
      15
      13
      18
       8
      13
      14
       8
      11
       8
      13
      15
      20
      11
      21
      19
       9
       8
      16
      11
      13
      14
      13
      19
      11
      17
      19
      20
      16
      13
       9
      24
      18
      15
      11
       8
      20
      12
      28
      14
      14
      15
      16
       7
      23
      10
      12
      20
      16
      10
      20
      21
      16
      20
      14
      17
      19
      20
      15
       9
      10
      16
      17
      15
      18
      16
      16
      20
      23
      15
      24
      17
      17
      11
      10
       9
      17
      16
      20
      21
      20
      21
      15
      31
      14
      21
      17
      22
      14
      14
      18
      25
      17
      20
      21
      21
      13
      21
      16
      25
      17
      16
      22
      20
      19
      20
      27
      27
      18
      21
      13
      22
      16
      30
      28
      23
      26
      20
      26
      20
      16
      25
      35
      25
      18
      26
      24
      25
      19
      19
      28
      25
      23
      31
      27
      30
      18
      17
      24
      23
      29
      29
      22
      22
      24
      26
      25
      28
      20
      24
      25
      30
      29
      27
      25
      28
      30
      31
      25
      41
      30
      24
      20
      34
      28
      31
      26
      29
      35
      28
      40
      28
      17
      24
      24
      22
      29
      31
      19
      33
      33
      29
      33
      33
      32
      20
      39
      34
      31
      28
      28
      28
      24
      40
      33
      31
      27
      36
      27
      26
      33
      33
      30
      20
      45
      31
      19
      28
      45
      31
      30
      33
      41
      23
      23
      35
      47
      30
      34
      27
      31
      33
      31
      33
      39
      35
      33
      34
      25
      32
      46
      33
      31
      38
      23
      40
      33
      34
      27
      28
      47
      29
      31
      33
      37
      42
      34
      26
      36
      28
      27
      43
      34
      33
      38
      34
      29
      38
      40
      33
      40
      25
      41
      36
      32
      52
      32
      45
      45
      30
      38
      43
      43
      39
      40
      38
      48
      48
      46
      44
      41
      38
      35
      36
      42
      34
      45
      48
      39
      47
      28
      33
      38
      43
      50
      36
      41
      43
      40
      31
      48
      48
      41
      42
      43
      53
      49
      50
      41
      43
      46
      36
      45
      36
      46
      45
      39
      46
      52
      49
      41
      53
      58
      52
      43
      37
      50
      40
      48
      47
      47
      46
      54
      52
      56
      63
      46
      56
      39
      48
      45
      40
      45
      53
      48
      62
      55
      57
      54
      39
      39
      49
      54
      52
      57
      47
      45
      57
      47
      54
      52
      58
      40
      63
      43
      55
      59
      58
      63
      60
      56
      46
      52
      40
      63
      48
      58
      69
      71
      55
      65
      71
      62
      52
      64
      48
      51
      49
      49
      51
      68
      60
      52
      72
      61
      78
      61
      65
      68
      46
      69
      66
      62
      82
      78
      72
      62
      67
      70
      70
      67
      78
      62
      74
      67
      68
      81
      77
      51
      81
      90
      77
      63
      88
      67
      86
      82
      99
      94
      79
      83
      79
      82
      72
      88
      91
     101
      83
      83
      96
      94
     117
     113
      95
      98
     102
     102
     115
      90
     117
     112
     104
      91
     103
     104
     102
     113
      97
     135
     131
      98
     120
     111
     113
      94
     111
     130
     126
     108
     135
     140
     141
     142
     138
     126
     140
     134
     111
     126
     139
     139
     152
     137
     140
     153
     137
     131
     117
     127
     133
     143
     123
     156
     140
     166
     110
     144
     158
     135
     134
     148
     157
     147
     150
     140
     143
     127
     157
     121
     162
     172
     153
     165
     153
     167
     152
     163
     153
     174
     153
     169
     138
     175
     171
     173
     172
     170
     183
     147
     173
     154
     139
     160
     167
     176
     159
     173
     147
     147
     151
     160
     152
     180
     157
     149
     158
     145
     164
     175
     135
     158
     153
     119
     161
     138
     155
     151
     156
     146
     123
     143
     137
     151
     170
     143
     163
     138
     152
     151
     161
     129
     162
     144
     146
     126
     142
     139
     158
     160
     133
     177
     137
     148
     129
     143
     143
     166
     153
     178
     146
     135
     146
     144
     145
     153
     155
     143
     156
     120
     156
     132
     146
     123
     152
     142
     143
     155
     151
     136
     149
     134
     154
     149
     143
     164
     144
     148
     165
     131
     131
     139
     158
     140
     134
     160
     140
     171
     155
     135
     165
     147
     152
     160
     136
     170
     146
     146
     136
     153
     169
     160
     144
     156
     139
     154
     167
     159
     134
     139
     147
     174
     151
     160
     158
     152
     151
     145
     132
     136
     150
     139
     152
     143
     180
     143
     176
     160
     131
     133
     131
     136
     165
     144
     135
     168
     149
     154
     135
     144
     152
     162
     142
     175
     140
     152
     155
     154
     143
     154
     164
     163
     148
     155
     161
     173
     145
     155
     143
     159
     149
     143
     156
     159
     154
     147
     126
     177
     151
     162
     163
     146
     149
     179
     182
     159
     157
     157
     145
     152
     156
     155
     135
     168
     155
     138
     156
     151
     163
     165
     160
     186
     148
     165
     150
     161
     143
     148
     145
     162
     158
     132
     164
     165
     132
     157
     178
     150
     161
     151
     159
     154
     168
     159
     137
     138
     166
     147
     158
     158
     173
     171
     156
     164
     153
     149
     145
     165
     165
     145
     166
     139
     136
     143
     172
     142
     164
     146
     147
     143
     142
     150
     149
     142
     169
     149
     156
     167
     133
     131
     163
     137
     156
     185
     152
     155
     142
     147
     141
     148
     151
     128
     148
     155
     147
     138
     143
     154
     134
     138
     161
     144
     136
     140
     153
     129
     143
     150
     141
     176
     147
     148
     163
     140
     156
     148
     154
     135
     168
     150
     162
     125
     161
     158
     140
     145
     154
     139
     132
     154
     146
     139
     139
     132
     167
     161
     154
     146
     152
     157
     131
     142
     144
     161
     138
     146
     167
     142
     144
     148
     131
     138
     148
     171
     165
     135
     142
     135
     134
     156
     133
     165
     145
     151
     141
     160
     134
     143
     158
     143
     166
     134
     178
     139
     141
     128
     155
     145
     166
     137
     151
     145
     149
     153
     148
     143
     137
     161
     140
     166
     148
     151
     160
     145
     154
     149
     134
     163
     155
     158
     151
     152
     163
     161
     145
     158
     150
     161
     151
     145
     157
     160
     144
     156
     173
     160
     166
     129
     150
     136
     131
     159
     138
     165
     155
     150
     141
     142
     150
     152
     189
     151
     157
     157
     152
     158
     161
     171
     145
     149
     116
     152
     158
     127
     144
     149
     161
     161
     142
     136
     160
     155
     158
     141
     150
     154
     126
     132
     135
     148
     146
     142
     142
     152
     158
     140
     150
     149
     166
     136
     173
     142
     148
     167
     152
     140
     167
     142
     149
     161
     165
     186
     172
     201
     204
     185
     213
     228
     266
     240
     257
     315
     330
     357
     362
     365
     398
     465
     485
     528
     556
     617
     694
     719
     809
     847
     918
     949
    1083
    1083
    1153
    1288
    1369
    1379
    1515
    1571
    1640
    1681
    1733
    1771
    1980
    2011
    2119
    2162
    2218
    2148
    2277
    2283
    2303
    2371
    2366
    2373
    2455
    2377
    2471
    2281
    2327
    2311
    2276
    2118
    2160
    2050
    2071
    1943
    1867
    1769
    1714
    1661
    1499
    1427
    1395
    1312
    1273
    1128
    1032
    1007
     915
     790
     783
     734
     664
     593
     540
     494
     448
     382
     351
     298
     295
     253
     207
     191
     164
     160
     147
     110
     103
      87
      78
      72
      59
      52
      49
      35
      35
      29
      30
      22
      16
      28
      18
      19
      12
       9
      10
      12
      10
       8
       3
       7
      12
       7
       9
       3
      12
       9
       9
      10
       6
      10
       6
       8
       5
       6
       5
       5
      12
      12
       9
      10
       7
       3
      11
       4
       9
      11
      12
      10
       9
       8
       6
       7
      10
      10
       8
       5
       4
       5
       9
       9
       4
       4
      10
       2
       8
       9
       5
       7
      15
      10
       5
       7
       7
       8
       3
       9
       7
      14
       7
       4
      12
       7
      14
       8
       7
       8
       8
       9
       9
      16
      11
      12
       9
       9
      13
      14
       5
      13
       7
       8
      11
       4
       5
      11
       6
       8
       4
       6
       7
      14
       7
       7
      15
       4
       6
       8
       7
       6
       5
       5
      11
       4
       9
       8
       7
      11
       7
       8
       6
       6
       4
       9
       4
       9
       9
       6
       8
       9
      11
       4
      10
       7
      13
       7
      10
       7
       9
      10
       9
       9
       6
      10
      14
      13
       8
      11
       7
       9
      11
      11
      12
      10
      14
       9
      11
       6
      13
      11
       7
       5
      11
      11
       7
       9
      11
      12
       4
       9
       7
      11
       4
       6
       6
       7
      11
       6
       8
       7
       9
       7
       6
       9
       7
       7
       5
       4
       9
      13
       4
      15
       9
      14
      10
       7
       6
       7
       6
       8
       8
       9
      13
      10
       7
       5
       6
       8
       4
      10
       7
       8
       8
       4
       4
      10
       7
       6
       9
       9
      11
      12
       7
       5
      12
       6
       8
       8
      10
      10
       7
       6
       5
       6
       4
       7
       7
       8
       5
       7
       6
       8
       6
      10
      11
       4
      13
       4
      10
      12
       6
       7
      11
       8
      14
      15
       6
      12
       8
      10
       9
       5
      10
      11
       7
       3
       3
       7
       9
      13
      12
      13
      11
       4
       8
       7
       9
       9
      11
      13
       7
       9
      12
      10
       6
       9
       6
      11
       6
       7
      12
       7
      11
      10
      10
       7
       9
      10
      10
      10
       8
      14
       4
       6
       8
       8
       9
       6
       4
      14
       8
       9
       9
       6
      12
      12
       8
      13
       6
      12
      14
       4
      10
       7
       7
       6
       5
      10
       9
      10
       8
      11
       8
      14
       5
       6
       7
      11
       8
       9
      11
      10
       7
       6
      17
       5
      11
      17
       8
      14
       6
       6
       5
      13
       8
       8
       6
       8
       3
      11
      10
       6
       4
       5
      12
      14
       6
       6
      11
       9
       8
       8
       9
       6
      20
       9
       8
       3
       3
       9
       9
      13
       5
       5
       5
       8
      10
      10
       6
      12
      10
      12
      19
      10
       9
       9
      13
      10
       6
      11
      12
      10
      10
      11
      10
      12
       8
       9
       9
      15
      11
       8
      14
      14
      10
      11
       9
       6
      12
      12
      12
       9
       7
      10
       6
      11
      13
       9
       5
      11
      15
      10
       8
       8
      13
      12
       8
       5
       9
      15
      10
       9
      16
       5
      10
      12
       7
      12
      11
      17
       9
       8
       8
      11
      15
      10
       6
      21
      16
      10
      10
       9
      12
      12
      15
      12
       9
       9
      13
      13
       6
      14
       8
       8
       9
       9
      12
       5
      11
      12
       9
      12
      11
       9
       6
       5
      12
       9
      14
       8
       9
      10
       8
      11
      13
       8
      11
      10
       5
      12
       3
      13
      16
       5
      10
      11
      12
      11
       6
       6
       9
       9
      11
      14
      12
       9
      16
      13
       5
       9
      10
       9
      13
       8
      10
      13
       4
       7
       5
      11
       8
      13
       7
      11
      11
       7
      13
      15
       6
       7
      13
      16
      12
      13
       8
      11
      11
      11
      11
       5
      11
      12
       6
       9
      21
       6
       7
      13
       9
       2
       7
       9
      14
      12
       7
       5
      13
       7
      13
       9
       7
      12
       9
      13
       6
      18
       6
      10
       9
      10
       5
       6
       6
      14
      15
      11
       8
      12
      13
      12
       9
      11
       5
      10
      11
      14
      13
       9
      13
       9
       9
      18
      10
      12
       5
      17
       6
      11
      10
       9
       9
       6
       3
      12
      15
      17
      13
      15
      12
      11
       4
      11
      13
       9
       8
      17
       7
      14
      11
      10
      17
       8
       9
      10
      13
       8
       6
       9
       6
      11
      14
       6
       9
       8
       8
      15
      10
      10
      10
      11
      13
       6
      13
      11
      16
      10
       5
       9
       8
       8
       9
       9
      20
      11
       6
       5
      14
      12
      14
       9
      12
      10
      16
      11
      10
      10
      11
       9
      11
       9
      10
      10
       7
       9
       7
      10
       8
      15
      12
      16
      11
       8
      19
      11
      11
      15
      16
       6
      12
       8
       9
      11
      10
      13
      11
       7
      11
      10
       7
       5
      11
      16
      17
      13
      10
      17
      12
      15
      14
      16
      14
      13
       8
      13
       8
      10
       5
      12
      11
      21
      15
      19
       8
      12
      15
      13
      16
      16
      20
      29
      13
      11
      18
      18
      20
       8
      17
      17
      11
      16
      18
      11
      13
       9
      13
      11
      12
      17
       9
      13
      16
      11
      15
      10
      13
      12
      11
      17
      13
      15
      10
       8
       6
      11
      19
      13
      14
      13
       8
      12
      16
      11
      14
       8
      11
      12
      15
      13
       5
      10
       9
      13
      15
       8
      16
      14
       4
      11
      11
      14
      11
       5
       7
      13
      10
       8
      14
      15
      11
       7
      12
       9
      16
      13
       7
      11
      14
       8
      10
       7
      15
       6
      10
      12
      12
      10
      11
      11
      12
      13
       6
      14
      18
      14
       5
      13
       6
      21
      10
      11
      15
      15
       9
       8
       8
      15
      16
       7
      10
      12
       9
      18
      19
      15
      11
      12
      10
      18
      11
       9
      17
      11
      13
      17
      12
       8
      14
      16
      13
       9
      18
      14
      11
      13
      17
      12
       7
       8
      16
      16
      10
      20
      18
       9
       9
      13
      16
      12
       9
       7
      14
      11
      12
      17
      13
      15
       8
      15
      17
      13
       9
       9
       6
      11
      10
       4
       9
       9
       4
      11
       6
       9
      13
      13
      14
      10
       8
      13
      11
      14
      11
       7
      12
      11
       6
      19
       9
       9
      10
      10
       8
      15
       9
      10
       6
       5
      14
      14
      13
       6
       3
      12
      10
      11
      10
      14
      16
       4
       7
      12
      11
      10
      10
      12
      11
       5
       6
      13
       9
      10
      14
       8
      10
      18
      11
       9
       7
      21
      13
       8
      11
      14
      17
       7
      12
      11
      12
       8
      12
      10
       9
      11
      14
       7
      14
      11
      13
       8
      11
       8
      12
      14
      14
      13
       8
      11
       9
      17
      12
       5
      16
       4
       7
       9
       8
       9
      13
       9
      13
      13
      10
       7
      11
       9
       4
      16
      12
       9
      16
      11
       4
      14
      11
      12
      11
       8
      10
      13
      11
       9
      12
      13
       7
      10
      15
      16
      13
      13
       9
      11
      15
      11
       9
      10
      10
      11
       6
      13
      10
      11
      10
      13
       9
      15
      12
      15
       8
      14
      12
      18
      14
      18
      17
       7
      14
      13
       9
      13
      15
      11
       6
      11
      10
      16
      14
      12
      10
       9
      13
      14
      12
      16
      11
      12
       9
      10
      10
      12
      12
       9
      10
      12
      11
      10
      18
      10
      11
      11
       8
      18
      10
       8
      13
      11
       7
      12
      11
       9
      13
      13
       8
      16
       9
       9
      14
      12
       5
       8
       8
      14
      14
      15
       9
       7
      11
      16
      15
       9
       4
      12
      11
      12
      11
      19
      12
      17
      13
       7
      10
      12
      17
      13
      14
       9
       9
       8
      18
       9
       9
      11
       8
      10
      14
       8
      11
      13
      12
      12
      13
      14
      14
      12
      15
      15
      15
      13
      15
      15
      16
       9
      14
      14
       5
      13
      11
      14
      15
       7
      12
      10
      19
      16
      10
      15
       9
      10
      12
      16
      11
      10
      17
      13
      12
      11
      12
      14
      10
      13
      17
      16
      10
      12
      14
      10
      16
       5
      14
       9
       9
      12
       8
      14
      17
      16
      13
      12
      15
      12
       9
      15
      13
      10
      10
      10
       7
      17
       6
       9
       9
      13
      13
       8
      11
      12
      10
       7
      11
      12
      18
      18
       9
       8
      16
      17
       9
      18
      13
       8
      18
      11
      14
       9
      24
      11
      16
      19
      11
      12
       8
      13
      14
      16
      11
      18
      14
      15
      14
      14
      15
       8
       8
      10
      12
       7
      14
      17
      11
      18
      13
       4
      11
      10
      19
      15
      14
      13
      13
       9
      14
      10
      14
      12
       8
      10
      19
      13
       8
       9
       5
       9
       9
      13
      16
      16
      14
      14
      11
      12
      10
      10
      12
      11
      18
       7
      17
      14
      11
      15
       9
      14
      12
      10
      15
      12
       8
      16
      18
       9
       9
      13
      13
      15
      13
      10
      12
      11
      11
      14
      11
      14
       8
      10
       8
      12
      12
       9
      11
      14
      11
       4
      16
      12
       9
      10
      12
      12
       8
      14
      13
       6
      11
      15
      10
      22
       9
      11
      10
      14
      14
      11
      13
      12
      14
      20
      12
       9
      17
      13
      13
      14
      11
      17
      16
      15
      12
      17
       7
      12
       9
      11
      23
      12
      10
       9
      14
      10
      17
      11
      14
      14
      12
      13
       9
      12
      19
      14
      10
      15
      13
       6
      15
      14
      19
      13
      10
      15
      16
      11
      11
      16
      14
       9
      11
      11
      15
      11
      13
      14
      10
      18
      17
       7
       5
      12
      10
       7
      13
      15
      12
      10
       9
      12
      12
      13
      12
      13
      14
      17
       6
      15
      10
      11
      13
      15
      13
      12
      20
      14
      12
      16
       9
       8
      13
      14
      14
       7
      18
      15
      10
      16
      10
      15
      15
      10
      10
      14
      18
      15
      11
       8
      13
      12
       9
      14
      16
      17
       3
      10
      11
       9
      12
       8
       9
      15
      16
      12
      10
      20
      14
      14
      11
      12
      11
      16
       8
      12
      11
      14
      15
       9
      18
      12
      20
      13
      13
      17
       9
       9
      14
       9
      16
      10
       5
      13
      13
       9
      13
      15
      14
       8
      17
      12
       9
      15
       8
      15
      12
       7
      16
      15
       9
      18
      13
      12
      11
      15
      14
      18
      14
       8
      13
       8
      12
      14
      14
      13
      16
      11
      10
      14
      13
      11
       8
      16
      19
       8
      10
       8
      13
      13
      10
      13
      14
      12
      14
       9
      12
       8
      10
      12
      13
      10
      12
      10
      11
      13
      15
       7
      12
      12
      11
      18
      12
      15
      12
      14
       7
      10
      11
       8
       9
       5
      11
      15
      13
      16
      11
       8
       6
      12
      11
      11
      12
      13
      14
      12
      11
       9
      16
      10
      17
      12
      13
      13
      11
      14
      11
      17
      12
       5
       9
      11
      14
       7
      13
      16
       9
      10
      13
      10
      11
      12
      13
       8
      13
      10
      13
      12
      11
      20
       7
       8
      14
      12
      13
       8
       9
      15
      14
      15
       9
      18
      13
       8
      15
      12
      11
      13
      16
      13
      13
      12
      11
      12
      10
       9
       4
      15
      11
      11
      12
      15
      17
      15
      13
      12
      11
      10
       7
      10
      18
      10
       8
      12
      15
      21
      12
      13
      13
      21
       9
      15
      15
       9
      11
       9
      20
      15
      14
      13
      12
      11
      11
       8
      14
      17
       8
      14
      11
      13
      13
      12
      13
       8
      13
      15
      10
      23
      11
      14
       3
      13
      12
      15
       7
      16
      13
      12
       8
      12
      11
      12
       9
      11
      13
      10
      16
      12
      14
      16
      14
      10
      10
      11
      12
      13
       6
      14
      18
      10
       9
      11
       7
      13
       8
      10
      11
      11
      10
      16
       6
      12
      12
      15
      16
      12
      12
      12
       8
      14
      10
      13
      17
      14
      11
      10
      21
       4
      11
      13
      12
      19
      13
       7
      13
      16
       8
      10
      11
       6
      10
      10
      11
      13
      12
      10
      17
       9
       8
      10
      14
      14
      13
       7
      10
       8
      14
      16
       8
      13
      15
      18
      10
       9
       6
      12
      12
      12
      11
      15
      12
       9
      12
      11
      10
       6
       6
      14
      17
      14
      10
      10
      13
       9
      13
      14
       6
      18
      12
      14
       9
       9
      14
      17
       8
      15
      11
      14
      13
      11
      16
      10
      11
       9
      11
      15
      19
      15
      16
      15
      18
      13
      11
      13
      14
      13
      14
       8
       8
      13
       9
       6
      17
      16
       9
      14
      11
      10
      17
      10
      11
      17
      11
      12
      14
      11
       5
      10
       9
      14
      18
      20
      13
      11
       7
      15
       9
      14
       8
      13
      17
      13
       9
       8
      14
      12
      13
      11
       8
       8
      13
      16
       8
      11
       6
      11
      11
      14
      10
      21
      13
      15
      12
      11
       9
       8
      14
       9
       9
      16
       9
      10
      11
      11
       9
       6
      15
      13
      12
       6
      11
      11
      14
      13
      13
      10
      16
      11
      14
       9
      15
      19
      13
      11
      13
      20
       9
      15
      12
      20
      13
      14
      17
      11
      29
      17
      27
      22
      18
      19
      17
      26
      27
      22
      16
      20
      29
      21
      18
      21
      18
      15
      25
      29
      13
      21
      20
      15
      23
      27
      23
      25
      18
      23
      27
      23
      29
      15
      24
      25
      21
      22
      19
      25
      17
      12
      15
      27
      19
      11
      13
      16
      22
      15
       7
      16
      11
      13
      17
      14
      12
      15
      20
      18
       8
      19
       7
       9
      17
      13
      12
      13
      11
      11
      15
       6
      15
      10
      14
      13
      13
      13
      14
      10
       7
       9
       9
      14
      15
      10
      20
      10
       8
       6
      13
       5
      10
      14
      16
      12
      11
       8
      11
      12
      10
      10
      10
      21
       9
      11
      10
       7
      16
      18
       9
      12
      16
      11
      16
      14
      17
      10
      11
      16
      11
      16
       8
      13
      13
      20
      12
      14
      15
      15
      17
       7
      14
      14
      11
       5
      16
       7
       9
      12
       7
      12
      12
      14
      14
      14
      15
      18
       9
      12
      14
      20
      16
      14
      10
       8
      12
      12
       7
      11
       9
      16
      12
      12
       9
      13
      11
       7
      17
      13
       5
      10
       6
       6
      13
      17
       5
      20
       8
      10
      12
      12
       8
      16
      10
       9
      14
       9
       9
      13
      12
      15
      18
       8
      10
      13
      13
       5
      14
      10
      12
      12
      10
      16
      11
      15
      12
      19
      13
      14
      10
      22
      13
      23
      22
      19
      16
      17
      13
      21
      17
      17
      28
      23
      23
      23
      23
      24
      24
      22
      28
      19
      25
      20
      30
      23
      19
      21
      18
      20
      20
      16
      22
      16
      23
      19
      17
      23
      12
      15
      16
      22
      21
      22
      16
      14
      13
      12
      12
      16
      14
      10
      10
      12
      15
      16
      15
       8
       7
      19
       7
      14
      11
      16
      14
      16
       9
       9
      15
      17
       9
      14
       9
       8
      12
      13
       7
      10
      10
       8
      10
      13
       8
      12
      11
      10
      13
       8
      14
       9
      14
      11
      17
       8
      11
       9
      15
      13
      12
      11
       6
      12
      12
      10
      11
      14
       7
       7
       7
      14
      10
       9
      13
      12
      12
      14
      10
      14
      13
       7
       6
      17
       8
       9
      13
       6
       9
       9
      11
      11
      16
      13
      12
      15
      16
       7
      10
       9
      11
       8
      14
      11
       8
      11
       9
      14
      18
       7
       7
       8
      14
       7
       6
      10
      16
      11
      15
      16
       9
      15
      10
       7
       8
       6
       7
       8
      10
      11
      14
       6
       8
       8
       9
      15
      15
       8
      10
      10
       6
      17
      12
      14
       8
      17
      10
      11
       9
      12
      10
       6
      13
      14
       9
       9
       7
      12
      12
      12
      14
       8
       9
       9
      10
      11
      11
      12
      15
       9
      10
      17
      10
      14
      10
      11
      12
       8
       8
      13
       8
      11
      14
      11
      10
       8
       8
      10
      10
      12
      10
      16
      16
      15
       8
      11
      10
      12
      14
      15
      12
      12
       7
      10
       8
      17
      12
      11
      13
      14
       8
       5
       3
      10
       9
       5
      12
      19
      12
      14
      18
       8
      13
      14
      17
      11
      16
      20
       9
       8
      15
      17
      15
       8
      10
      13
       9
      12
       4
      12
       9
      18
      13
      13
      14
      13
      11
      12
       9
       6
       7
      16
      12
       6
      10
       4
      13
       8
      13
      12
       9
      16
       6
      12
      13
       7
       9
       9
      13
      13
      14
      13
      13
      11
      10
      12
       8
      10
       7
      14
       8
       5
      10
      12
      16
      11
      12
      13
      13
      10
      14
      10
      11
       6
      16
      16
      19
       9
       5
      10
      14
      19
      13
      15
      15
      11
       9
      16
      11
       7
       9
       9
      12
      18
       9
      14
       8
      15
       7
      10
      13
      12
      10
       5
      10
      18
       8
      10
      12
       5
       9
      17
      17
       9
      11
      14
      11
       9
      13
      11
      11
       8
       8
      11
       7
      18
      17
       9
       9
       9
      14
      10
       8
      12
      11
       8
       7
      11
       9
       8
      16
       8
      13
      11
      17
       6
       3
       9
      17
      12
       7
      12
      16
      16
      11
      15
      16
      14
      12
       9
      13
      13
       9
      15
      10
       8
      16
      11
       4
       9
      16
      12
      10
      13
      14
       6
      19
       8
      10
       8
       8
      13
      10
      10
       7
      13
      10
       7
      11
      13
       9
      12
       8
      15
      12
      15
      14
      10
       6
       6
      17
      10
       9
      14
       5
       5
      12
      22
      10
       6
       9
      10
      11
      11
       9
       7
       9
       8
      12
      17
      11
      11
      14
      11
      14
      10
      10
      10
      11
      11
      12
      10
       7
       9
      12
      15
      10
       6
       6
      14
       8
       8
       9
      16
       9
       3
      16
      13
      14
      14
      15
      13
      16
       6
       7
      13
      12
       8
      13
       6
      11
      14
       5
      11
      12
      11
       8
      12
      12
      11
      18
       8
       7
      12
       8
      14
       9
       8
       9
      14
       9
      13
      13
       9
       9
      20
       7
       9
       9
       7
      11
       5
      11
       8
       9
       8
      11
      10
       8
      13
      10
       9
       6
       9
       7
      10
      12
      11
      11
      12
      13
      11
      18
       4
       7
       7
       8
      14
      11
      17
       9
      13
      17
      11
      12
      11
       7
       6
      11
       7
      13
       8
       7
      11
      11
      10
      14
       8
      10
       8
      11
       7
       8
      13
      10
      19
       7
      12
      10
      12
      16
       8
       9
       9
      13
      11
      10
       7
      11
      12
      11
      12
       8
      13
       6
      10
      13
       6
      10
       8
      11
       6
       8
      12
      15
      10
       9
       8
      15
      12
       7
      17
      10
      10
      15
       8
      11
      12
      15
      11
      12
       9
      10
       9
      12
       9
      12
      11
       9
       8
      12
      11
      15
      10
       7
      16
      18
       6
      10
       7
      11
      17
      13
       9
      13
      10
      10
      13
       9
       5
      12
      12
      16
      12
       7
       9
      11
      13
       4
       6
      15
       9
      10
      13
       9
       7
       4
      16
       7
      12
       7
      14
      13
       9
      14
       9
      14
      11
      11
      13
      12
      10
       9
       7
       7
      13
      13
       9
      11
      16
      10
       8
      11
      12
      16
      13
      15
       9
       6
       8
      14
      10
      10
      10
      10
      11
       9
      11
      12
       9
       7
      14
       7
      10
       8
      12
       7
       8
       8
       9
      12
       8
      12
       8
      13
      10
       6
       9
       7
       8
      13
      10
      16
      13
      13
      15
       8
      15
      13
      15
       7
      14
       6
       5
      14
       8
      10
       5
       8
      17
       9
       8
      12
      12
       7
      11
       7
      16
      14
       9
       7
       9
       6
       8
       7
      13
      11
      14
       7
      11
      13
      11
      20
       4
       8
       7
      14
       5
      16
       7
      10
       7
       5
       8
       5
      12
      10
      16
      16
       6
      11
       6
      11
       8
      11
      15
       5
      10
      17
      11
       8
       9
      11
      13
      12
      10
      13
      12
      12
      19
      16
      11
      13
       6
      10
      19
      14
      13
       7
      13
      10
       5
       4
      10
       7
       8
      10
      10
      13
       7
       7
      13
      10
      15
       9
      15
      10
       9
       8
      12
      11
       8
       7
      12
       7
      15
       7
      12
      10
      14
       8
      10
       9
      14
      11
      10
       8
      13
       8
       9
      10
      13
      10
      12
       8
      10
      11
       8
      14
       9
       9
       6
      12
      11
      14
      14
       9
       6
      11
       8
       9
       7
      10
      13
      13
       7
       7
      10
      12
      14
       5
       8
       6
       9
      13
      10
      10
      10
      10
      14
      11
      14
      11
       9
      15
       4
       6
      12
      11
      10
       8
      10
       8
      10
       8
       9
       9
       7
      13
      11
       3
      11
       9
      12
      16
       4
      10
       9
       6
      15
      11
       6
      10
      11
      13
      10
       7
      11
      15
      10
       1
       8
       4
       9
       4
      10
      13
       9
       6
      14
       6
      12
       7
       8
       4
      15
       9
       7
      13
      11
       8
      10
      19
      10
      12
       8
       3
       9
       6
       9
      10
      12
      11
      10
      16
       9
      10
      11
       5
       7
      12
      11
       6
      10
      15
       5
       9
      12
      12
      15
       6
       8
      10
      11
       8
      10
       6
       3
      10
      12
       8
      14
       9
      15
       7
      13
       8
       9
       5
      13
       6
       9
      17
       6
       9
      13
      15
       9
      16
      13
      10
       9
      17
      10
       8
      16
      12
      11
      11
       3
      11
       7
      14
       7
      11
      13
      16
      10
      14
      12
      11
      13
      15
       7
       8
      10
      10
      10
      10
      21
      10
      13
      11
       8
       9
       6
      14
       5
      15
       7
      13
      10
      12
      13
       7
       9
      16
       8
      12
      11
      13
       9
       6
       5
      13
       6
       8
       8
       7
      14
      10
      13
       8
      12
       9
       9
      13
       8
       9
       8
       9
      12
       6
      11
       8
       7
       6
       9
      12
       1
      10
       9
      12
      21
      10
      14
      12
      12
       7
       9
       8
       6
      12
      17
      12
       5
      14
      14
       8
       5
       8
       9
      13
       5
       7
      12
      11
       9
      14
       9
      12
      13
      12
      11
      14
      15
      10
      12
      14
      12
      11
      17
       9
       7
      14
      14
       5
      11
      17
      16
       7
      11
       9
      19
       7
      12
      13
      12
      14
      11
      11
      18
       9
      12
      12
      15
      14
      11
      11
      12
       9
      16
       8
      15
      13
      14
       8
       8
       8
      10
      10
      15
       8
      14
      11
       9
       6
      13
       6
      19
      13
       9
      13
       7
      10
       7
      11
       9
      10
       6
      14
       7
       6
       3
      11
       8
       8
      12
      15
      12
       8
       5
      11
       5
      17
      10
      10
       4
       7
      11
      12
       7
      12
      13
      13
      11
      13
       7
       9
       8
       8
       9
      12
       8
      10
       9
       6
      15
       7
       7
      14
       7
       8
      11
      12
       9
      14
       8
       5
       6
       7
      10
       9
       9
      10
       9
      10
       9
       8
      10
       9
       8
       8
      14
       8
      10
       9
      11
       9
       4
      11
       9
       6
      18
       7
      11
       7
       6
       1
       5
      11
       6
      12
       9
       8
       6
       8
       5
       8
      11
      12
       8
      10
      10
      11
       5
       3
      11
      10
      11
       8
       6
       9
      11
       6
       8
      10
       8
       8
      14
       9
       7
      14
       9
      10
      14
      10
      13
      14
      15
       7
       5
       8
      11
       9
      10
       8
      10
       9
       8
       9
      15
      11
       9
      11
       8
      12
      11
      11
      15
       9
      16
      19
      11
      11
      15
      12
       9
      12
       9
      11
      11
      13
      12
       9
      11
       7
       7
      11
      10
      15
      11
      11
       7
       7
       7
      11
      14
      10
       4
      11
      15
       9
      13
       7
      14
       8
       8
       7
      10
      10
       7
       7
       6
      10
      10
       9
      10
      12
       9
      11
       6
      10
       8
       8
      10
       5
       7
       8
      11
       7
       1
      12
      14
       6
      13
       9
       8
      11
       3
      10
       6
       4
      10
      13
       9
       5
      11
       9
      12
      14
      11
       9
      11
      10
       3
       7
       5
       8
      10
      10
       9
       9
      13
      11
      12
      10
       7
      12
      10
       3
      11
      12
       6
      10
       6
       1
      10
       4
       7
       6
       8
      12
       7
      10
      11
       4
       7
      13
      11
       7
       9
       6
       9
       8
       5
      11
      12
      18
      10
       8
      10
       6
       5
       6
      10
       7
      11
      11
       6
      13
       9
       9
      14
       5
      10
      10
       7
      15
      18
      15
      10
      14
       5
       8
      12
       9
       7
       4
      12
       5
       7
       5
      11
       8
      11
       9
       7
       9
      10
      11
       8
       5
       8
       4
      15
       8
       4
       7
      12
       8
       9
      10
       9
       5
      12
       4
       8
      13
      12
       8
       9
      12
       6
       6
       8
       8
       9
      10
      10
       4
       9
       8
       6
       6
      10
       6
       6
       6
      11
       9
      10
      10
      10
       6
      15
       9
       6
       7
      14
       9
       5
       7
      11
      10
       4
       6
      12
      10
       9
       8
       9
      11
      11
       7
      10
       8
      11
      11
       7
       6
      10
       4
       7
      13
      11
       7
      10
       6
      13
       9
      10
       7
      12
       7
       8
       8
       8
       6
      11
       7
       8
       8
       5
      11
       5
       8
      15
       7
      13
       6
      10
      12
       6
      10
       8
       8
       7
       5
       7
      12
       7
       5
       9
      11
      13
       9
      10
       7
       7
      11
       7
       6
      12
       7
      10
       6
       6
       7
       7
      13
      11
      11
       9
      14
      13
      11
       9
      10
       7
      14
       5
       7
      11
      14
      11
      14
      10
      10
       4
      11
       8
      14
       9
       8
       9
       9
       5
       7
      10
      12
       4
       8
       9
       7
       7
       4
      10
       9
      11
       5
      13
       9
       4
       9
      12
       3
       8
      10
       8
       7
       8
       6
       9
      12
       6
      10
      12
       5
       9
       7
       8
       3
      12
       4
      10
       6
       5
      10
      13
       6
      10
      12
      12
       6
      12
      10
       9
       9
      11
      11
       5
       4
      10
      13
       5
      11
       5
      11
      11
      15
       8
       7
       7
      10
       5
      11
       7
       6
       5
       9
       7
       6
       2
       9
      10
      12
      11
      20
       6
      11
       9
      13
       6
      16
      13
       9
      10
       8
       9
       8
       4
       3
       7
       8
      10
       7
       5
       5
       9
      17
      10
       6
      13
       8
       4
      11
       9
       7
       8
       6
      11
      11
      11
      10
       7
       3
       8
       9
      10
       9
       8
       5
       3
       8
      12
       4
       8
       4
       9
      10
       5
       4
       7
       7
       6
       9
      14
      10
       8
       8
      13
       6
       7
      12
      11
       9
       6
       9
       6
       8
       6
       6
       7
      15
       4
       8
       7
      10
       6
      12
      10
       9
       6
      11
       3
       5
       7
      10
       7
      10
      13
      10
       9
       8
      14
       9
       8
       8
       9
       8
       7
      11
      12
       5
       6
       5
      15
       9
      12
      11
       4
      12
       8
       7
       8
      10
       9
      10
       8
       7
       8
       6
       8
       7
       4
       9
       2
      10
      12
      10
       8
      11
       5
       7
       8
      10
       4
      11
       5
       7
       8
       6
      10
       8
       7
       8
      15
       5
      15
       6
       3
      12
       5
       9
       5
       9
       9
      11
       8
       9
      13
       8
       7
       6
       9
       7
      10
       8
      10
       9
       7
      10
       7
       7
       9
       8
       9
      11
       8
       4
       9
       9
       8
      13
       6
       8
       9
      11
       6
       7
       5
      14
       9
       8
      10
      11
      10
      14
      13
       3
       5
      12
       4
       9
      13
       8
       8
      10
       4
       7
      11
       6
       5
       8
       8
      13
       9
       4
       9
       8
       4
       6
       8
       4
       4
       9
      11
       8
       7
       5
       9
       7
       9
       4
       6
       4
       9
       4
      10
      11
       4
       6
       6
       5
       9
      19
       8
       7
       6
       7
      11
       7
       8
       6
      13
      11
      14
       5
       8
       6
       8
       6
       8
       6
      11
       9
       7
      11
       6
       9
       5
       7
      11
       5
      16
      14
       9
       4
      10
       4
       9
       5
       9
       3
       6
       7
       9
      10
       9
      12
       6
       2
       6
      10
       9
       7
       5
      11
       4
      11
      11
       6
       7
       8
      10
       6
      11
      11
       5
       8
       6
       7
       8
       8
       3
       6
       7
       6
      10
       6
       9
       8
       9
      10
       6
       3
       4
       9
      12
      11
       9
       7
       9
       4
       2
      10
       7
       9
       4
      10
      14
      14
       6
      12
      13
       6
      11
       8
       5
      10
      12
       5
      11
      10
       7
      10
       7
       3
      11
       5
       8
       8
       6
       6
       5
      11
      13
       9
       8
       5
      10
       7
       8
      11
       7
       7
      10
      11
      12
       7
       9
      10
      11
      10
       9
      10
       8
       5
       9
       9
       8
       6
       7
       8
      12
       8
       8
      11
       8
       4
       7
       7
      10
       6
       5
       8
       9
       4
      10
       5
       7
       9
       9
       6
      10
       9
      12
      11
       8
      12
       7
       6
       3
       6
       4
       3
       7
       3
       3
       7
      10
      10
      12
       8
       9
       9
      10
      16
       6
       6
      15
       6
       8
      11
       9
      17
      10
       5
      12
       5
       5
       9
       7
       8
       8
       9
      12
       5
       8
       7
      11
      10
      10
       4
       9
       5
       9
       4
      13
      11
       7
       8
       8
      10
      12
       6
       8
       4
       8
       9
       7
      10
       8
      13
      10
       9
       7
       4
      11
       8
       8
      10
      14
      10
       4
       9
       6
       6
       5
       6
       6
       7
      10
      12
       7
      12
      11
       6
      11
       9
      14
       7
      10
      10
       3
       9
       5
       8
       8
       4
       5
       5
       6
       7
       8
      11
       6
       8
      13
       6
       5
       8
       7
       9
       4
       6
       6
       6
      10
       8
      11
       8
       9
       7
       6
       8
       8
       7
       8
       7
       8
       4
      11
      11
       9
      10
      11
       4
      10
       9
       9
       3
      10
       3
      10
      12
       6
       6
       7
      10
       3
      10
       8
       7
       5
       9
       7
       4
      13
       5
       9
       4
       8
       8
       4
       5
       5
       8
       7
       8
       6
       5
       4
      12
       3
       4
      12
       8
      14
       9
       8
       6
       6
      10
       7
       4
      10
       7
      12
       7
      12
      13
       4
       7
      15
      15
      10
       9
       9
       8
       6
       7
       8
       5
       8
       9
       7
      11
      11
       9
       6
       7
       7
       8
       3
       7
       4
       9
      11
       3
      11
       5
      11
       9
       6
       7
      11
       6
       8
       9
       5
       6
       7
       5
      10
       9
       6
       4
      10
       6
       4
       7
       5
       6
       9
       6
       7
       6
       8
       7
       6
       5
       3
       6
       5
       7
       8
      10
       9
      11
       9
       6
      11
       3
       9
       6
       6
       4
       9
       5
       8
       3
       4
       8
       7
       8
       5
       4
       5
      15
       4
       9
       8
       8
       9
       7
       8
       7
       6
       8
       8
       5
       8
       4
       6
      11
       7
      14
       8
       8
       7
       5
      11
       8
       4
       7
       6
       8
       8
       7
       8
       4
      11
       9
       7
       7
       9
      10
       2
      13
       9
       6
       7
       6
      13
       4
       7
       6
       9
       4
      10
       8
       8
       5
       4
       7
       3
      10
       2
       6
       6
      10
       7
      14
      10
       9
       5
       9
      13
      11
       6
       8
      11
       4
       8
       6
       8
       9
       7
      12
       4
       6
       9
      10
      11
       9
       5
       7
      12
       5
       6
       8
       2
       6
      11
       9
       7
       6
       8
       9
      11
       7
       6
       5
       6
       3
       9
       7
       8
       8
       4
       7
      13
      10
       9
      10
       5
       8
      12
       4
       7
       7
       8
       6
       4
       7
      12
      13
       8
      11
       8
       7
       7
       6
       6
       5
       8
      10
       5
       7
      10
       5
       8
      10
       9
       8
       9
      10
       6
       4
       9
       4
       5
      11
       5
       6
       7
       9
       6
       6
       3
       4
       7
       9
      10
       8
      10
       5
       7
       5
      13
       6
      11
       3
      10
       6
       7
       8
       9
       6
       5
      11
       3
       4
      11
       7
       6
      11
      10
       5
       8
       9
      15
       7
       6
       7
       4
       6
       7
       7
       6
       6
       8
       8
      10
       5
      14
       5
       4
       6
       3
       9
       7
       6
       6
      11
      10
       3
       7
      10
      11
       5
      10
      10
       7
       7
       8
       3
       6
       6
      10
       7
      10
       8
       7
      11
      10
      10
      13
       7
      10
       7
       7
       6
       9
       7
       7
       8
       6
      14
       0
       0
       0
       0
       0
       0
       0
       0
       0
       0
       0
       0
       0
       0
       0
       0
       0
       0
       0
       0
       0
       0
       0
       0
       0
       0
       0
       0
       0
       0
       0
       0
       0
       0
       0
       0
       0
       0
       0
       0
       0
       0
       0
       0
       0
       0
       0
       0
       0
       0
       0
       0
       0
       0
       0
       0
       0
       0
       0
       0
       0
       0
       0
       0
       0
       0
       0
       0
       0
       0
       0
       0
       0
       0
       0
       0
       0
       0
       0
       0
       0
       0
       0
       0
       0
       0
       0
       0
       0
       0
       0
       0
       0
       0
       0
       0
       0
       0
       0
       0
       0
       0
       0
       0
       0
       0
       0
       0
       0
       0
       0
       0
       0
       0
       0
       0
       0
       0
       0
       0
       0
       0
       0
       0
       0
       0
       0
       0
$ROI:
1
2986 3192
$PRESETS:
None
0
0
$ENER_FIT:
0.000000 0.019215
$MCA_CAL:
3
0.000000E+000 1.921453E-002 0.000000E+000 keV
$SHAPE_CAL:
3
4.059771E+001 0.000000E+000 0.000000E+000
