$SPEC_ID:
No sample description was entered.
$SPEC_REM:
DET# 1
DETDESC# DESKTOP-PNQJTCJ Easy-MCA-8k SN 09161357
AP# Maestro Version 7.01
$DATE_MEA:
03/10/2017 10:12:02
$MEAS_TIM:
578 598
$DATA:
0 8191
       0
       0
       0
       0
       0
       0
       0
       0
       0
       0
       0
       0
       0
       0
       0
       0
       0
       0
       0
       0
       0
       0
       0
       0
       0
       0
       0
       0
       0
       0
       1
      20
     779
    4917
   11672
   17195
   17590
   16077
   14641
   14439
   13301
   12588
   50018
  105870
   10559
    5261
    5025
    4513
    4238
    4297
    3757
    3058
    2191
    1546
    1222
     847
     727
     540
     486
     310
     267
     221
     191
     124
     111
      95
      80
      49
      65
      42
      37
      29
      23
      24
      16
      13
       8
      20
       9
       7
      24
       9
       9
       9
       8
       8
       7
      10
       8
       8
      10
       8
       7
       8
       8
       7
      10
       2
       5
       7
       8
       3
       7
       6
       5
      12
      10
       6
       7
       9
       6
       7
       4
       7
       7
       5
       7
       7
       6
       7
       7
       9
       8
       6
       8
       6
       8
      15
       3
       8
       7
      10
       8
       4
       4
       8
       5
       4
       9
       4
       9
       3
       8
       3
       8
       7
       2
       4
       8
       5
       5
       5
       8
       6
       4
       5
       8
       7
       3
       6
       7
      10
       4
      10
       7
       8
       6
       7
       7
       5
       5
       8
      10
       7
       7
       2
      10
       7
       8
       4
      10
       4
       6
       8
       9
      10
       8
      10
      10
       9
       7
       8
       9
      10
       3
       5
      11
       6
       7
       4
      10
       8
       4
       9
       7
       5
      13
       8
      11
       9
       9
       5
       6
       4
       3
       9
       3
       8
      10
       5
       4
       4
       7
      10
       6
       4
       9
       7
       9
       9
       4
       5
       9
       6
      10
       7
       7
       5
       7
       6
       6
       7
       5
      10
       5
       6
       8
       9
       5
       9
       5
      10
       4
       7
       8
       9
       5
      10
       4
       6
       7
       2
       4
       4
       4
       8
       5
       4
       6
       8
       8
       4
       6
       7
       2
       7
       8
       9
       5
       7
      17
       8
       4
      11
       2
       9
       9
       9
      13
       4
       7
       5
       7
       9
       9
       6
       6
      11
       6
       6
       7
       8
       5
       6
       6
       9
       9
      10
       6
       6
       9
       6
      12
      12
       7
       9
       6
       5
       5
       7
      11
      10
       1
       4
       6
      11
       9
       8
       7
      11
      10
       6
       8
       8
      11
       4
       4
       8
       4
       8
       8
       3
       9
       9
       2
      11
       7
       4
       3
      13
       5
       9
      10
      10
       7
       8
       5
       7
       4
      11
      19
       3
      13
       5
       9
       7
       6
       7
       6
       6
       8
       6
       8
       7
       5
      10
       9
      10
       7
      10
       9
       5
       9
       9
      11
       6
      10
      10
      11
       9
       9
       9
      11
       6
       8
      11
      10
       7
      12
      12
       6
       4
      10
       9
      14
      13
       8
      13
       8
       7
      12
      10
      12
      12
      14
       7
      11
       8
      12
       8
      11
       8
       7
       7
      10
       8
       7
       9
      11
       7
      13
      10
      15
       6
      13
       9
       9
       7
       6
       8
      10
       9
       8
      10
       8
       8
      10
      13
       7
       5
      10
       9
       7
       5
      10
       9
      11
      12
       6
       7
      10
       9
       9
      12
      12
       9
       9
       9
       4
      11
       9
      11
      13
       7
       3
      14
       4
       9
       6
      13
      12
       5
       9
       4
      10
      10
       8
       8
       9
      11
       6
      10
       8
       7
       6
      12
      12
      14
       4
       9
       4
       8
       7
       3
      11
       6
       6
      15
       7
      13
      10
       6
      11
       4
      15
      12
       5
       7
       9
      12
      11
       8
       7
      14
       4
       5
       9
       8
       9
      10
       8
       6
       5
       5
      10
      10
      11
       2
      12
      11
       7
      10
      18
       9
       5
      12
      11
       6
      11
       9
       6
       7
       9
      12
       9
       8
       6
       8
       8
      11
      11
       9
       9
       8
      12
       8
      10
       6
       8
       1
       4
       7
       7
       6
       7
      11
       7
      13
       4
      11
       8
      11
       6
      10
       6
       5
       7
       6
       6
       8
       7
       8
       7
       7
       7
      13
       5
       6
       9
       6
       3
       9
       8
       5
       5
       4
       6
      11
       6
      11
       1
      10
       8
       5
       8
       8
       9
       5
       5
       2
       3
       5
       6
      12
       6
       4
       3
      10
      10
       6
       5
      10
       8
       8
       5
       8
      10
      11
       8
       8
       6
       4
      13
      11
       6
       7
       3
       2
       7
       6
       8
       6
       8
       7
       9
       4
       8
       3
      10
       9
       3
       6
       8
       8
       5
       5
      13
       9
       5
       4
       6
       4
       6
       5
      10
      10
       9
       8
       8
      14
       8
       6
       4
       7
       6
       2
       6
      10
      12
       8
       6
      12
      12
       6
      11
       7
       6
      13
       2
       4
       6
       8
       5
       8
       4
       5
       9
       7
       9
      12
       7
      11
       4
      12
       7
      15
      11
      11
      14
      10
      19
      13
       9
      13
       9
      12
      15
      12
       6
      13
      17
      17
      17
      16
      17
      22
      10
      22
      19
      16
      17
      18
      15
      13
      15
      22
      12
      24
      16
      17
      12
      13
      17
      24
       5
      15
      18
      10
       8
       9
       8
       8
       7
      10
       7
       8
      13
      10
       6
       7
       7
      10
       7
       7
       5
       3
       6
       3
       9
       8
       8
       7
       3
       4
       7
       9
       7
       5
       7
       3
       5
       6
       4
      11
       5
       5
       4
       8
       9
       4
       5
       9
       9
       9
       4
      10
       4
       9
       3
       5
       5
       7
       8
       3
       7
       7
       6
       5
       6
       3
       6
       4
       4
       4
       7
       6
       6
       9
       5
       6
       6
       6
       9
       3
       7
       6
       8
       6
       0
       5
       5
       9
       8
       4
       4
       7
      11
       9
       6
      10
       7
       3
       9
       6
       5
       3
       6
       6
      11
       8
       8
       8
       8
       5
       6
       5
       8
       7
       5
       8
       5
       7
       7
       4
       4
       8
       5
       8
       6
       4
       5
       3
      11
       3
       5
       6
       7
       5
      10
       8
      13
       5
       4
       5
      13
      10
       6
      10
       9
       7
       6
      13
       5
      10
      10
      11
       5
       9
       3
       1
      13
       9
       8
       5
       5
       4
       8
      12
       5
       9
       9
       7
       9
       3
       5
       7
       9
       4
       9
       8
       3
       5
       5
       3
       4
      10
       8
       7
       6
       4
       7
      10
       4
       7
       7
       4
       8
       5
       2
       0
       8
       2
       4
       9
       4
       6
      11
       5
       5
       6
       3
       3
       9
       8
       4
       7
       4
       7
       2
       9
       8
       9
       4
       4
       6
       7
       6
       3
       4
       4
       4
       4
       5
       4
       2
       5
       6
       9
       5
       6
       0
       8
       6
       9
       9
       7
       1
       3
       8
       5
       3
       6
       5
       3
       9
       7
       5
       8
       2
       3
       6
       5
       5
       7
       8
       4
       6
       3
       5
       6
       6
       7
       8
       4
       6
       1
       4
       4
       8
       6
       4
       6
       0
       6
       5
       1
       5
       7
       4
       3
       3
       6
       4
       5
      12
       5
       4
       3
       7
       5
       3
       1
       4
       5
       4
       5
       2
       5
       7
       8
       7
       6
       5
       4
       6
       3
       6
      10
       6
       8
       2
       6
       4
       5
       3
       6
       6
       5
       4
       7
       7
       8
       2
       6
       4
       7
       6
       7
       6
       4
       7
       5
       5
       6
       8
       7
       3
       9
       6
       7
       7
       9
       5
       4
       3
       3
       4
      11
       3
       9
       3
       6
       8
       4
       7
      10
       6
       7
       3
       9
       2
       9
      12
       2
      10
       4
      11
       5
       7
       6
       6
       7
       5
       2
       7
       5
       5
       9
      11
      13
       8
       6
       9
       7
      11
      12
       5
       8
      11
       7
      10
       5
       5
       5
       7
       5
      10
      11
       7
      10
      13
       6
       8
       9
       5
       8
      10
       6
       6
       6
       3
       6
       2
       8
      12
       5
       6
       8
       8
       9
       3
       5
      10
       6
       6
      10
       5
       6
       9
       6
       9
      10
       5
       8
      10
       6
       8
      10
       8
       7
       4
      10
       8
       6
      11
       9
       7
       9
       8
      13
       8
      17
      10
      18
      18
      21
      21
      26
      41
      22
      31
      31
      36
      46
      22
      41
      49
      57
      56
      64
      57
      75
      69
      76
      80
      81
      97
      97
     114
     119
     109
     109
     124
     112
     136
     132
     146
     129
     152
     155
     154
     159
     185
     153
     170
     186
     147
     150
     146
     167
     154
     138
     173
     144
     137
     138
     126
     123
     142
     119
     117
     116
      94
     119
      79
      90
      75
      72
      56
      59
      39
      47
      42
      45
      57
      35
      34
      30
      32
      18
      29
      17
      29
      21
      19
      16
      15
      18
      17
      16
      13
      13
      14
      11
       7
      12
       8
      11
      11
       6
       8
       4
       7
       9
       6
      10
       7
       7
       4
       7
      11
       6
       5
       3
       6
       4
      10
       9
       9
      13
      10
       9
       9
       5
       5
      12
       5
       5
       7
       8
       6
       3
       7
       2
       4
       6
       7
      10
       8
       3
       4
       2
       6
       6
       6
       4
       3
       9
       7
       9
       4
      10
       9
       8
      14
       6
       9
       4
       3
       5
       9
       6
       7
      10
       9
      10
      13
      11
      12
       7
       9
      12
      13
      13
      16
      17
      16
       7
       6
      24
      19
      19
      16
      22
      30
      23
      29
      26
      25
      32
      35
      37
      33
      45
      49
      51
      46
      49
      55
      50
      53
      44
      57
      59
      55
      54
      58
      58
      73
      57
      66
      62
      60
      62
      46
      50
      47
      52
      54
      49
      41
      41
      41
      41
      42
      32
      42
      34
      44
      38
      44
      23
      30
      32
      23
      25
      25
      22
      21
      29
      23
      18
      21
      18
      23
      15
      17
      22
      18
      14
       9
       6
      16
      13
      15
      13
       9
       9
       9
       8
       9
      12
      10
      12
       9
       6
       2
       7
       3
       9
       3
       9
       3
       6
       6
       3
       7
       2
       6
       7
       3
       6
       2
       4
       2
       5
       6
       3
       4
       4
       4
      11
       5
       2
       7
       5
       7
       7
       6
       4
       6
       5
       5
       6
       3
       7
       3
       8
       4
       5
       3
       3
       7
       4
       7
       5
       6
       6
      10
       7
       5
       5
       6
       3
       9
      11
       6
       6
       5
       7
       5
       7
       2
       4
       7
       3
       6
       3
       6
       5
       6
       2
       6
       3
       0
       6
      10
       6
       7
       4
       7
       4
       3
       3
       3
       3
       4
       6
       6
       3
       3
       8
       6
       2
       6
       0
       6
       2
       4
       2
       3
       5
       3
       2
       3
       4
       4
       5
       5
       4
       7
       9
       3
       6
       4
       4
       5
       7
       4
       5
       8
       1
       5
       2
      10
      10
       4
       4
       7
       8
       5
       7
       6
       7
       8
       8
       5
       5
       4
       6
       8
       4
       6
       7
       3
       7
       7
       7
       8
       3
       5
       6
       5
       6
       9
       3
       8
      10
       9
       4
       5
       9
       5
       3
       8
       5
      12
       5
       6
       6
       7
       6
      10
       5
      10
      11
      11
       9
      13
       8
       4
       8
       9
       5
       9
       6
      10
       3
       8
       9
       7
       9
       6
       5
       9
       6
       8
       9
      11
       5
       7
       9
       9
       7
       8
       6
      10
       6
       8
       6
       6
       5
       4
       5
       8
       5
      12
       8
       5
       2
       6
       7
       2
       3
       9
       2
       4
      11
       2
       6
       5
       7
       7
       1
       8
       2
       3
       6
       6
       5
       1
       3
      12
       4
       2
       7
       3
       2
       2
       9
       5
       7
       6
       5
       2
       4
       5
       5
       7
       6
       6
       7
       6
       5
       8
       0
       3
       6
       5
       5
       6
       3
       6
       7
       4
       5
       2
       3
       1
       4
       4
       4
       9
       6
      10
       8
       6
       5
       9
       9
       7
       4
       4
       5
      10
       8
       8
       7
       7
       7
       7
       4
       6
       7
       9
       4
       4
       6
       4
       5
       4
       5
      12
       5
       1
       4
       4
       5
       8
       8
       5
       9
       4
       9
       7
       5
       5
       9
       5
       7
       2
       9
       4
       9
       4
       2
       6
       6
      11
       4
       5
       7
       7
       3
      10
       8
       5
       4
       7
      11
       9
       8
       6
       6
       2
       7
       8
       5
       6
       5
       9
       4
      13
       7
       4
       3
       2
       3
       4
       5
       4
       5
       5
       8
       6
       5
       7
      10
      11
       7
      12
       8
      10
       9
      11
       9
       5
       8
       9
       8
      11
       4
       9
       5
      11
      10
      10
       4
       9
       4
       4
       6
       6
      10
       9
       9
      11
       8
       9
       9
      14
       4
       9
      10
      11
      12
      11
       8
       8
      12
       7
       7
      11
      10
       9
      15
       5
      14
       8
       4
       5
       7
       8
       6
       7
       7
       9
      10
       6
       9
       8
       9
      11
       8
      10
      10
       8
      10
       7
       6
       7
      13
      10
      10
       7
      10
       4
      11
       4
       6
       9
       5
      13
       7
       9
       7
       8
      14
       8
       4
       7
       5
       5
       6
       8
       4
       9
       6
       9
       8
      13
      11
       9
      10
      10
      10
       8
       6
       8
       9
       8
       8
      10
       9
       7
       3
       6
      11
       7
      15
      17
       6
       9
       7
      11
       7
       2
       6
       9
      14
      10
      12
       9
       6
       9
       9
      10
       5
       8
       9
      12
       7
      11
       8
       9
      16
      17
       6
       9
      15
      11
      12
      14
      11
      16
      17
       9
       8
       9
      14
      12
      10
       7
       9
      14
       9
      12
      10
       7
      10
      10
      11
      16
      13
       4
       6
       8
       8
      12
      14
       7
      16
      15
      10
       6
      12
      14
      15
      15
       5
      13
      12
      13
       6
      16
      12
      12
      12
      13
      10
       9
      12
      11
      12
      10
      14
       7
      15
      17
      16
      15
      10
      11
      16
      12
      12
      12
       9
      11
       5
      14
      16
      14
      24
      14
      15
      10
      19
       9
      12
       8
      16
      17
      18
      11
       9
      12
      15
      15
      17
      15
      12
      14
      19
      17
      13
      10
      15
      17
      18
      16
      10
      16
      10
      13
      21
      18
      15
      21
      13
      15
      22
      21
      20
      20
      17
      16
      12
      17
      17
      20
      17
      20
       9
      14
      13
      22
      22
      19
      15
      15
      23
      19
      13
      15
      21
      19
      18
      20
      17
      21
      22
      26
      22
      19
       9
      21
      18
      21
      20
      20
      26
      19
      19
      18
      26
      15
      14
      13
      21
      16
      16
      25
      17
      22
      23
      16
      17
      23
      19
      24
      18
      20
      18
      20
      27
      18
      18
      18
      21
      20
      20
      23
      21
      22
      11
      16
      22
      26
      19
      18
      23
      18
      13
      14
      26
      25
      25
      24
      35
      29
      19
      21
      31
      24
      33
      19
      20
      24
      15
      28
      24
      21
      23
      30
      24
      22
      17
      37
      28
      25
      27
      33
      24
      32
      23
      26
      35
      29
      38
      36
      17
      39
      29
      27
      27
      33
      18
      28
      25
      29
      29
      29
      29
      20
      27
      29
      42
      29
      29
      30
      26
      36
      34
      39
      32
      29
      20
      26
      28
      27
      36
      33
      30
      25
      40
      27
      36
      31
      22
      37
      30
      36
      26
      23
      23
      35
      32
      34
      40
      43
      26
      34
      29
      32
      43
      27
      26
      48
      31
      32
      42
      40
      35
      27
      30
      37
      33
      38
      27
      37
      32
      39
      37
      26
      38
      24
      25
      29
      36
      36
      34
      24
      28
      32
      30
      32
      36
      38
      39
      36
      39
      32
      42
      30
      33
      31
      31
      34
      38
      44
      37
      42
      35
      34
      26
      29
      38
      39
      40
      44
      27
      26
      26
      39
      42
      32
      37
      36
      38
      46
      42
      34
      41
      31
      44
      38
      31
      40
      47
      30
      42
      36
      40
      38
      43
      35
      35
      41
      39
      48
      42
      44
      38
      44
      48
      48
      48
      36
      40
      48
      31
      30
      39
      42
      42
      48
      48
      45
      48
      48
      36
      52
      42
      49
      51
      43
      44
      45
      54
      40
      49
      50
      39
      42
      40
      58
      32
      48
      46
      41
      62
      56
      40
      56
      58
      57
      50
      56
      47
      66
      58
      54
      51
      53
      56
      35
      63
      58
      53
      68
      64
      73
      49
      60
      42
      49
      48
      65
      64
      66
      51
      69
      64
      44
      56
      64
      73
      68
      71
      70
      72
      60
      42
      55
      67
      60
      71
      63
      56
      77
      75
      73
      67
      71
      67
      65
      65
      83
      73
      69
      69
      66
      83
      88
      84
      90
      79
      81
      78
      74
      81
      72
      86
      69
      85
      97
      92
      91
      89
      81
      89
     102
      92
      98
     103
      97
      88
     112
     112
     107
      97
     105
      96
      96
     121
     126
     100
     116
     100
     102
      89
     111
     113
     120
     124
     109
     127
     114
     119
     112
      97
     114
      89
     116
     139
     133
     114
     120
     134
     102
     115
     133
     129
     126
     128
     119
     126
     163
     124
     113
     131
     135
     134
     134
     118
     140
     134
     160
     149
     129
     130
     153
     151
     139
     137
     123
     141
     125
     131
     150
     151
     134
     141
     138
     155
     157
     131
     156
     140
     151
     148
     134
     160
     155
     156
     156
     149
     168
     156
     144
     137
     151
     150
     140
     148
     152
     141
     139
     139
     139
     156
     122
     174
     145
     133
     148
     143
     165
     123
     157
     148
     143
     161
     142
     164
     130
     122
     128
     137
     135
     149
     150
     125
     131
     136
     121
     149
     145
     133
     138
     131
     141
     156
     131
     137
     141
     145
     154
     148
     146
     142
     120
     144
     149
     158
     131
     150
     125
     121
     151
     137
     127
     140
     155
     149
     128
     144
     118
     128
     128
     156
     144
     141
     133
     120
     142
     148
     136
     135
     149
     120
     129
     132
     136
     154
     119
     132
     111
     140
     122
     147
     145
     157
     148
     140
     130
     120
     143
     126
     142
     136
     135
     152
     158
     137
     147
     173
     134
     152
     136
     126
     143
     127
     130
     127
     138
     171
     151
     153
     174
     148
     135
     148
     156
     123
     147
     127
     145
     148
     163
     134
     141
     150
     154
     148
     138
     152
     137
     141
     150
     144
     127
     149
     127
     153
     135
     169
     149
     145
     163
     155
     132
     143
     118
     156
     126
     136
     136
     175
     151
     152
     142
     140
     173
     135
     157
     150
     165
     165
     142
     141
     140
     166
     166
     152
     144
     168
     160
     143
     147
     154
     131
     164
     163
     169
     143
     157
     136
     147
     151
     158
     142
     175
     148
     148
     133
     161
     177
     125
     134
     155
     135
     159
     140
     164
     132
     150
     158
     167
     140
     130
     160
     129
     164
     144
     154
     148
     159
     137
     158
     140
     139
     150
     127
     163
     144
     132
     143
     118
     169
     166
     161
     149
     150
     162
     172
     141
     177
     159
     151
     161
     128
     160
     114
     141
     158
     157
     144
     161
     146
     140
     136
     143
     143
     152
     142
     175
     166
     147
     159
     133
     150
     150
     142
     136
     144
     136
     152
     137
     135
     147
     138
     154
     155
     118
     148
     143
     135
     155
     156
     150
     151
     139
     165
     141
     141
     138
     158
     138
     167
     158
     135
     144
     161
     161
     173
     156
     124
     175
     126
     160
     164
     137
     154
     154
     151
     139
     155
     129
     166
     149
     133
     149
     152
     128
     119
     136
     157
     129
     146
     120
     149
     127
     145
     138
     146
     139
     140
     153
     140
     147
     142
     135
     135
     134
     167
     145
     143
     130
     129
     150
     129
     132
     135
     167
     150
     135
     138
     129
     140
     171
     157
     135
     154
     151
     145
     146
     168
     156
     144
     149
     125
     145
     139
     149
     141
     160
     148
     132
     172
     154
     162
     143
     161
     158
     150
     137
     147
     162
     141
     144
     117
     157
     156
     143
     157
     125
     124
     163
     135
     150
     168
     157
     157
     154
     145
     172
     167
     156
     166
     130
     148
     141
     156
     129
     160
     145
     162
     171
     153
     156
     153
     154
     152
     147
     139
     164
     152
     160
     143
     140
     142
     148
     143
     156
     136
     132
     150
     129
     172
     136
     131
     148
     161
     153
     136
     136
     131
     143
     153
     142
     147
     146
     154
     143
     163
     160
     134
     149
     137
     159
     143
     160
     181
     171
     181
     210
     210
     216
     226
     216
     237
     267
     304
     324
     325
     367
     361
     407
     436
     490
     585
     571
     650
     644
     702
     759
     852
     877
     958
    1001
    1102
    1219
    1258
    1366
    1357
    1362
    1597
    1659
    1691
    1856
    1843
    1973
    2102
    2158
    2098
    2189
    2281
    2298
    2298
    2351
    2359
    2366
    2423
    2315
    2356
    2305
    2310
    2321
    2265
    2213
    2209
    2124
    2081
    1978
    1861
    1872
    1755
    1745
    1536
    1530
    1374
    1314
    1321
    1256
    1149
    1102
     996
     869
     832
     748
     725
     599
     583
     532
     488
     403
     373
     375
     318
     279
     264
     205
     219
     161
     160
     129
     118
      90
      88
      63
      66
      67
      50
      52
      41
      43
      26
      23
      22
      15
      15
      19
      16
       9
      14
      13
      14
      14
       8
      12
       9
       5
       9
      13
       7
       5
      13
       6
       9
       7
       6
       7
      10
       9
      10
      10
       4
       6
       8
      13
       8
       6
       8
       5
       8
       6
       4
       9
       4
       5
       7
       6
      11
       8
       7
       6
      11
       7
       4
       7
      14
       8
       5
       8
       6
       5
      13
       7
      12
       6
       6
      10
       4
       4
       7
       5
      11
       7
       5
       8
       4
       4
       3
      10
       5
       4
       9
       8
      11
       9
       6
       8
      12
       9
      11
       6
      10
      11
       6
       7
       6
      12
       4
       3
       5
      11
      10
       6
       7
      12
       5
       5
       3
      12
       9
       3
      10
       4
       6
       9
       3
       7
       7
       9
       3
       5
      13
       6
       2
       8
       6
      11
       9
      10
       6
       4
      10
      12
       6
      11
       9
      11
       9
      11
       4
      10
       7
      10
       8
       8
       4
       4
       9
       2
      13
       9
      12
       6
       7
       3
      11
       5
       7
      14
       8
       4
       6
       8
       5
       5
       8
       7
       8
       9
       6
       3
      12
       8
       9
       6
       6
      11
       2
       9
       6
       2
       4
       7
       7
      11
       7
       7
       9
      11
      11
       8
       7
       4
       9
      13
       2
       6
       7
       4
       7
       4
      12
      13
       6
      11
       8
       9
       4
       9
       5
       7
       6
      11
       9
      14
       9
      12
       3
       5
       6
       7
       9
       5
       8
       9
      11
      10
      15
       8
       6
      14
      12
       5
      10
       6
      12
      10
      10
      11
       7
      11
       6
       5
      11
       9
       5
       5
       8
      11
      12
       6
      17
       9
       7
      13
      11
      11
       5
       9
       9
      11
       7
       7
       9
       3
       5
      15
       8
      12
       8
       6
      10
       7
       6
       7
       7
      12
       7
       7
       7
       5
      10
       8
       6
       9
      18
      11
      10
      10
       9
      12
       9
       8
      10
       9
      11
       8
      12
      12
       6
       4
       7
      11
       8
      11
      11
       5
       7
       3
      13
       9
      12
       7
       8
       8
      11
      12
       7
       5
       5
      13
       6
      12
       7
       9
       9
      13
       9
       9
       9
       7
      12
      10
      13
       7
       6
      10
      10
      11
       1
       6
       7
       7
       9
       9
       5
      12
       7
       4
       8
      10
       8
       9
       6
      10
      10
       5
       5
       9
      11
      11
      12
       7
       5
       6
      13
       7
       7
       2
      13
       9
       5
      10
       8
      11
       4
      12
      14
       7
       7
       8
       4
       6
      11
       6
      10
       9
      14
       9
       9
       9
      12
       3
      14
       2
       4
       6
       6
      11
       6
       4
       8
       6
      10
      11
       5
      12
       7
       7
       6
      11
      12
       6
      10
       7
      10
       5
       9
      20
      11
       6
       9
      10
       8
      12
       8
       9
      17
       6
       4
       9
      10
       8
      11
       8
      10
       8
       8
      10
      13
      12
       8
       9
       9
      12
      13
       8
       7
       8
      10
       6
      11
       6
       7
       9
       6
      12
       9
      13
      10
      12
      12
      10
       8
      11
       9
      13
       7
      13
       8
       8
      10
      14
       7
       8
       8
      11
       7
      12
      10
      10
       6
      14
       8
       6
       9
       7
       8
      15
      10
       6
      14
       6
       6
       4
      15
       9
      12
       8
      11
       9
      10
       8
      10
      11
      11
       6
       4
      11
      12
      12
       9
       6
      12
       7
       7
       7
      13
       7
       8
      11
       8
      16
      12
       8
      13
      11
      11
      12
      11
      11
       9
      11
       5
       8
      14
       7
      14
      11
      16
       4
       6
      13
      11
       6
       8
       6
      10
      10
      10
       8
       6
       8
       6
       6
      13
       7
       7
       5
       9
       9
       9
       7
       8
      12
       5
      11
       8
       8
       6
      11
       7
      11
      13
       6
       9
       9
       8
       9
      15
       6
       7
      11
       7
       9
       9
       5
      15
      15
      12
       3
      13
      10
       7
      11
       8
      13
       6
       9
       7
      12
      16
       7
      14
      13
       5
       8
       7
       7
       9
       8
      11
      11
      13
       6
      10
       7
      12
       7
      12
      13
      10
      10
      11
       8
      11
      13
       9
       9
      16
      12
      23
      20
      15
       9
      11
      10
       9
      10
      11
      10
      10
       7
      14
      10
      13
      14
      12
      15
      16
      10
      10
      15
       5
       7
      13
      11
      11
       8
      12
      12
       7
      15
       6
       9
      15
       9
       5
       7
       8
      10
      16
       8
       8
      10
      10
       8
      13
      11
      12
      11
       9
       7
      11
      12
      12
      11
       5
       6
       9
      11
      13
       4
       9
      14
       8
      17
       6
      10
       5
      10
       7
       8
      10
       6
      10
      11
      13
       8
       9
      10
      11
      15
      10
      15
      16
       4
      15
       6
      18
      13
       9
      10
      14
       8
      13
       8
      10
      12
      19
       7
      16
      18
      13
      12
      15
      16
      17
      16
       9
      14
      15
       9
      17
      14
      18
      16
       8
      17
      17
      10
      13
      12
      13
      12
      15
      14
      10
       8
      17
      15
      12
      15
       6
      11
      11
       7
      12
      15
      19
      11
      10
      13
      15
      17
      10
       5
       8
      13
       8
      12
      17
      13
      10
      12
       8
      12
      22
       5
      10
      12
      11
      15
      11
       8
       5
      12
      13
      12
      13
       9
      10
      15
       9
      11
       8
       5
       8
      11
      11
      12
      10
      13
      10
      11
      14
      11
      12
      16
       8
      10
      14
       8
      15
      11
       9
      14
      10
      13
       3
      15
      16
       8
       7
      11
      12
      10
      11
      13
      11
      14
      17
       7
       7
      11
       7
      19
       7
       8
       9
       9
      13
      16
      18
      17
       6
       9
      15
      14
      15
      16
      11
      17
      13
      14
       9
      12
      15
      18
      13
      14
      15
      15
      14
      10
       8
      12
       9
      13
      15
      22
      19
      10
      10
      13
       6
       7
       8
      15
      13
      12
       8
       7
      14
      11
      14
       9
      12
      10
       8
      16
      15
      12
       6
       6
       9
      14
      14
       8
      10
       9
      10
      11
      12
       7
       9
      11
       8
      16
      15
       5
      16
      11
      11
       9
      16
      10
       9
      10
       9
       7
       8
      15
      13
      10
       3
      13
      15
      10
       4
       8
      12
       9
      11
       7
      10
      10
       9
      15
      11
      12
      10
      13
       9
      13
      10
      13
      14
       6
      11
       6
      11
       8
       6
      11
      14
      13
      13
      11
      13
       8
      12
      16
       9
      12
      14
       9
      18
       9
      15
      19
      13
      16
      10
       9
      14
       9
       9
       9
      10
      14
       5
      14
      11
      16
      18
       7
       6
       9
      10
      12
      16
       7
      14
      15
      18
       6
      14
      13
       9
      11
      16
      11
      12
      16
       9
      14
       7
       9
      14
      18
      13
       9
       7
      13
       8
       7
       7
       9
      14
      10
       9
      11
       9
      12
      13
       9
      13
      11
      12
      10
      10
      10
      15
      12
      16
      11
      13
      10
      14
      13
       7
       7
       6
      12
      13
      13
      11
       9
      16
      12
       6
       9
       9
      10
       6
      20
      10
      12
      15
       6
       9
      15
      10
      13
      12
      10
      11
      13
      13
       6
       7
      12
       9
      14
      10
       8
      13
       9
       9
      13
      12
       8
      11
       8
      10
      10
       9
      10
      13
       9
      11
       5
       5
      11
       8
      16
       8
       7
      10
       5
      12
      10
      12
       7
      11
       8
      18
       4
       8
       7
       9
      11
      14
       6
       9
       9
       8
      16
       2
      10
      11
      11
      12
       9
      11
       7
      12
      16
       8
      11
       8
       5
      10
      13
      15
       3
       9
       8
       7
       9
      16
       9
      10
      17
       8
       9
       9
       5
       9
       8
       8
       4
       9
       8
       7
      12
      15
       7
      15
      12
       9
      10
       6
      20
      13
       9
      11
      11
       4
       8
      11
       7
      15
      10
       9
       7
      14
      17
       9
       8
       6
      21
      12
       9
      10
      10
       9
       3
       8
      14
      10
      14
      15
       7
       9
      14
      13
      19
       5
      11
       6
      14
      12
      15
      10
       9
       7
       8
      11
       6
       8
       4
      12
      13
      11
      12
      12
      19
       7
       9
      11
      12
      14
      12
       6
       7
       8
       8
      13
      10
       9
       6
       9
      13
      13
       6
      14
      13
      12
       9
      10
       7
       9
      10
       9
       6
       7
       9
      12
       8
       8
      21
       5
      15
       9
      10
      11
       9
       9
      18
      15
      10
      13
      19
      18
       8
      16
      15
       8
      14
       4
      12
      12
      10
      16
       9
      10
      12
      14
       4
      12
       8
      12
       8
       8
       8
      10
      11
      13
      10
      14
       5
      15
      12
      10
      13
       8
      11
      15
       9
      10
      10
      20
       7
       7
       4
      12
      12
       9
      11
      18
      11
       4
      10
      11
      10
      13
      10
      11
      12
      14
       7
       6
      15
       6
      13
      17
       5
      10
      16
      13
      13
      10
      10
       9
      10
       8
       8
      13
      16
      12
      12
       8
       9
      11
       8
      10
       8
      16
       8
      10
      13
       8
      11
      10
      19
      13
       8
      13
      16
      15
      10
       6
      14
      10
      10
       8
      10
      11
      15
       9
      12
      13
       8
       9
      14
       9
      10
      12
      12
      12
       8
      15
      14
      16
      11
      11
       9
      10
      13
      11
      15
      14
      10
      12
      17
      13
      10
      11
      10
      10
      12
       5
       9
      11
       9
      13
       9
      17
       9
       6
      13
       9
      16
      11
      17
      18
      10
      11
      10
      16
      16
       5
       6
      10
      11
      16
       6
       5
      13
      13
      13
      23
      12
      12
      10
      10
      13
       5
      13
      10
       8
      11
      15
      12
      11
      10
      14
       8
       9
      16
       5
      13
      20
      14
      10
      15
      15
       8
      14
      10
       8
       6
       9
      10
      12
       8
      16
      10
       6
       9
      13
      11
       8
      11
       9
       9
      10
      17
       9
       9
      10
      11
       9
      15
      11
       9
      20
       9
      12
       8
       6
      16
      11
       9
      16
       6
      11
      10
      19
      16
      11
      15
      10
      13
      10
      19
      11
      19
       5
       7
      11
       8
      12
      12
      15
      11
      11
      12
      13
       5
       8
      13
       6
      10
      15
      11
      15
       5
      10
       8
      12
      10
      12
      11
      12
      12
      10
      12
      11
      11
      12
       8
      11
       8
      15
      16
      12
      14
       9
      13
      15
      14
      13
      15
       6
       6
      14
       9
      13
      16
       6
       8
      10
       8
      10
       8
       5
      10
      15
      11
      10
      10
      12
      15
      10
       8
      12
      13
      10
      13
       7
       3
      10
      16
       6
       8
      12
      12
       9
       8
      11
      15
      21
      10
       7
      12
       9
      11
      13
      10
       9
      14
      14
       7
       9
      11
      11
      11
       8
      10
      14
       8
       7
      15
       5
      10
       8
       5
      11
       6
       9
      10
      15
       8
      15
      11
      12
      16
      15
      11
      10
      17
      15
      12
      12
       5
       8
      12
       9
       9
      13
      14
      11
      15
      16
      10
       9
      10
      16
      13
      12
      21
      15
      20
       9
      14
      12
       8
      14
      13
      11
      15
      12
       7
      12
       9
      13
       8
      10
      13
      16
       8
      12
      10
      15
      10
      12
       8
       5
      12
      11
       9
      13
      19
       7
      16
      12
      11
      11
      13
      16
       6
      11
      13
      10
      11
       8
      14
      10
      19
       8
      10
      11
      15
      10
       7
      17
       6
      11
      13
       9
       6
       9
      13
      12
      12
      13
      17
       7
      11
      13
      10
      12
      12
      11
      13
      13
      12
      12
       8
       9
      19
       6
      11
       9
      15
       3
      14
       9
      14
       9
      11
      11
      11
       8
       7
      12
      13
      10
       5
      12
      10
      14
       9
      10
      13
       9
       8
      10
      15
       9
      11
      10
       8
       8
       8
      14
      13
      13
       8
      16
      15
      12
      10
      20
      13
      14
       8
      14
      15
      12
      17
      12
      13
       9
      13
       8
      12
      11
       3
      13
       9
      16
      11
       8
       8
      13
      11
      13
      14
      10
      17
      12
      17
      10
      14
      16
      15
      13
      16
      15
      16
      12
      11
      11
      12
       7
      11
      15
      15
       9
       8
       7
      14
      15
       8
       7
       8
      17
      13
       7
      10
      10
      15
      16
      13
      11
      11
       9
      12
      17
       8
       7
       7
      12
      19
      12
       9
      10
       7
       9
       9
      15
      13
      10
      13
      12
      16
      19
      10
      13
       9
      13
       8
       9
      12
      16
      13
       5
       9
       9
      16
      13
       9
       9
      14
      11
      11
       9
       9
      14
      15
       7
       7
      11
      13
      14
      15
      11
      20
      12
      15
      18
      10
      14
      13
      13
      13
       7
      11
      14
      13
      10
      17
       7
      14
       9
      15
      15
       9
      14
      14
       8
       9
      17
      12
      12
       8
      15
       9
       9
      11
      12
      10
      13
      14
      16
       9
       8
      10
       9
      18
      16
      15
      12
      15
      15
      10
       9
      10
       9
      12
      15
       6
      15
       6
      11
      12
       6
      17
      12
      16
       8
      16
      15
       8
      10
       9
       9
      13
      18
      11
       9
      15
      10
      17
      10
      15
      17
      16
      19
      13
      29
      11
      18
      18
      13
      21
      22
      20
      15
      21
      18
      26
      25
      24
      15
      21
      21
      16
      24
      23
      14
      21
      16
      19
      13
      28
      18
      21
      20
      13
      24
      15
      16
      16
      14
      15
      16
       9
      19
      16
      19
      22
      13
      13
      14
      14
      12
      14
      12
      13
      11
      10
       9
       7
      12
      10
       6
      12
      13
       9
       8
      11
      14
      13
      14
       7
      15
       7
       7
      16
      10
      13
       9
      13
       8
      14
      11
       8
      10
      16
      17
       6
       9
      14
      12
      10
      10
       9
       8
      10
       7
      12
      12
       7
       9
      10
       6
      12
      12
      14
       7
      12
      13
      10
      18
      13
       9
      16
      11
       7
      15
      14
      12
      14
       7
      10
      15
      13
      12
      13
       7
      15
      11
      15
      11
      11
      20
      10
      14
      18
       7
       9
      13
      10
      12
      14
      11
       9
       7
       7
      12
       7
      13
      13
      12
      10
       8
      11
       7
      12
      14
      14
       7
       7
       8
       7
      12
      11
      10
       9
      12
      20
       9
      10
      12
      14
      12
      10
      13
      15
       9
       6
      15
       4
      12
      16
      16
      16
       6
       7
       8
      16
      16
       9
       9
      15
       9
      10
      15
      17
      14
      18
      11
       8
      18
      13
      12
      21
      23
      16
      10
      17
      11
      15
      16
      16
      26
      15
      18
      17
      16
      15
      20
      29
      24
      23
      21
      22
      16
      21
      10
      12
      23
      26
      20
      25
      27
      21
      14
      24
      31
      21
      20
      21
      18
      15
      17
      20
      14
      20
      10
      22
      19
      14
      16
      10
      18
      15
      11
      18
      12
      11
      17
      12
       9
      10
       7
      14
      10
      11
       6
      15
      12
      15
      10
      18
      14
       8
      15
      10
      11
       7
      15
      10
      10
      13
      11
      15
      10
      10
       9
       8
       4
      13
       9
       7
      11
       9
       9
       8
       8
      14
      16
      14
      11
      10
      10
      10
      16
       9
      11
      13
       8
      10
       9
      16
      13
      19
      16
       8
      11
      17
      12
       6
      12
       7
      10
      12
      11
      11
      12
      13
      13
       7
      11
       8
      10
      12
      16
      11
      10
      11
      15
       9
       9
       8
       8
      13
       5
      11
      14
      10
       8
      17
       7
       7
       7
      17
       9
       7
      10
       5
      10
      10
      13
      12
       5
      13
      13
      10
       6
       8
       9
      12
       8
       8
      17
       8
       5
      10
      14
       7
       6
       9
       9
      18
      13
      11
      14
       7
      17
      14
      10
      13
      13
      15
      14
      14
       7
       9
      11
      16
      12
       4
       9
       9
       8
      11
      13
      11
      10
      10
       8
      11
      15
      10
       9
       9
      11
      16
       7
      11
      12
      10
       9
      13
       9
      10
      10
      13
      11
      14
      16
      14
      10
      12
      13
      14
      11
       8
       8
      16
      17
      15
      10
       7
      14
       6
       7
      11
       9
      13
       7
      10
       8
       7
      10
      14
      11
       5
      11
       6
       9
      10
      11
      16
      15
      13
      14
      11
       8
      16
       9
       8
      12
       6
      13
       8
       6
       7
      15
       7
      21
       5
      12
      13
      12
      11
      13
       7
      12
       7
       8
       4
       8
      11
      10
       9
      12
      11
       8
       6
       6
      10
      11
       9
      10
      15
      18
       8
      16
      16
      11
      11
       8
      13
      16
      12
      11
       6
      10
      12
      11
       4
       6
      15
       8
       8
       6
      17
      11
       8
      12
       7
      11
      14
      17
       6
      13
      11
      12
      14
       6
      13
      14
      15
      12
      13
       7
      11
       2
      13
      14
       8
       9
      15
      10
      13
       7
       9
       8
      13
      11
       8
      10
       8
      11
      14
      16
      10
      12
       6
       5
       8
       9
      10
       8
       6
       4
       7
      10
      10
      10
       7
      10
      11
      10
      12
      15
      13
      10
       7
      15
      11
      10
       5
      10
      14
       9
      11
       8
       4
      12
      11
      10
      10
      16
      12
       6
      12
      15
      11
       9
      12
      13
      10
      14
      15
      16
       6
       6
      10
      10
      11
      12
      10
      10
       9
       8
       8
      13
      13
       8
      13
      10
      15
      13
       8
      12
      10
       9
      12
       6
      14
      11
       6
      12
       7
      11
       5
      17
      10
      10
       4
      10
      12
       9
      10
      12
      14
       8
      10
      15
       6
       7
      11
       9
      12
      12
      12
      18
       7
      15
      13
       9
      13
       7
      17
       8
      11
       8
       7
      11
      16
      12
       8
       7
      12
       6
       5
      18
       7
      10
      10
      10
       5
      13
      11
      13
       6
       9
       7
       9
      10
      11
       6
      10
       5
       8
       8
      11
      12
       7
      14
       5
       9
      10
      14
      13
      10
      17
       9
      11
       8
      14
      14
       6
      11
      12
      12
      10
      13
       8
      13
      14
       8
       5
       8
       6
      10
      10
      12
      10
      15
      13
      10
      17
      13
       9
      12
      10
      10
      11
       8
      16
      13
      11
       3
      10
       9
      11
      13
       8
      14
      10
       7
       9
      15
      10
      10
      12
       7
       7
      11
       8
      11
      18
      18
       6
      20
      11
      10
       8
       9
       9
      15
       9
       7
       8
      12
      12
      14
      14
       8
      11
      10
      10
      12
       9
       8
       9
      11
       6
      10
      10
       8
       8
      10
       9
       9
       9
       5
      12
       8
      10
      11
       7
      11
      10
       9
      11
       8
      15
       7
      10
       9
       8
      12
       8
       7
      10
      13
      11
       8
       8
       7
       9
       6
       9
      12
      12
      10
       9
       8
      15
       8
      19
      12
       9
      11
       9
       7
      15
       9
       6
      13
      14
       9
       9
      13
       7
      16
      13
      12
       8
      14
      13
       7
       9
       5
      11
      10
       5
       6
       5
      13
      13
      13
      11
      17
       9
       8
       7
      12
      13
      12
       7
       8
       6
      12
      13
      12
      15
      10
      13
       6
       5
      10
      13
       7
       4
      11
      11
      11
      12
       6
       5
       7
       7
      13
      11
      17
       8
      14
       8
       9
      14
      10
       6
      13
       7
      13
      15
       9
      11
       8
       5
      13
      10
       9
       7
      14
       9
      11
       4
       6
       8
       7
      14
       8
      13
       6
       7
       4
       9
       5
      10
      10
       9
       9
      13
       7
       9
      14
      11
      13
      14
      11
       6
       9
      19
      10
       9
      15
      11
      10
      14
      10
      10
      12
      17
       8
       9
      16
      11
      11
      13
       6
      11
       6
       5
       3
      15
       9
      13
      10
      13
      12
      10
       9
       7
       8
       7
      12
       8
      12
       7
       9
      10
       8
       7
      10
       7
       8
      19
      11
       8
       5
       8
      19
       9
       7
       8
      11
       9
       6
      15
       7
      10
      10
      11
       5
      15
      11
       7
      14
      13
      10
      12
      10
       7
      13
      13
      11
      15
      15
       7
       7
       7
      11
      11
       4
       6
       8
       8
       8
       7
      14
       9
      15
       6
       9
       7
      15
      14
       5
       7
       8
      10
       3
       9
      13
      11
      14
       6
      15
      12
       9
      15
      13
      12
       4
      14
       9
       9
      15
      13
       9
       9
       7
      12
      13
       8
       9
      12
       9
       8
       9
      13
       8
      12
      15
      11
      13
       7
       9
      10
       7
       9
      13
       6
       9
      10
      11
       9
      12
       8
       9
       9
       9
       6
      16
       8
      14
       9
      10
      13
      10
      12
      12
       9
       3
      12
       9
       7
      12
       9
       8
      11
      15
      11
       8
      11
      11
      13
      10
       5
       7
      10
       5
       5
      10
      18
       7
       7
       8
      19
       8
      11
       8
       9
      14
      10
       8
       8
       9
      16
       8
       9
       7
      11
       8
      13
       8
       8
       7
       8
      11
       5
      14
       8
      11
       7
       8
       5
       9
       6
       5
       5
      11
       8
       7
      11
      11
       7
       8
       6
       9
       8
       6
       8
       8
      15
       9
       8
       1
      11
      12
       3
      11
      10
       8
       8
       7
       8
       8
      10
      10
       6
       5
       7
       9
      10
      10
      13
      13
       9
       6
      10
       6
      10
      10
       8
       8
      10
      10
       8
       8
      12
       7
       9
       9
      11
      10
      12
       7
      14
       7
       5
      12
       9
      10
      11
       9
       9
      14
       7
       7
       4
       5
      12
      11
      17
      18
      10
       8
       7
       6
      14
       6
       8
       8
      12
      11
       7
       7
       6
       2
      12
      13
       8
      12
       9
      14
      11
      12
      12
       8
      15
       9
      12
       3
       9
       8
       8
      15
      12
       8
       5
      13
      15
       6
       8
       9
       2
      16
      15
       7
      11
       9
       8
       6
       8
       6
       8
      10
       8
       7
       7
      11
      12
       8
       6
      12
      15
      14
       9
       7
       3
       9
       7
      10
       9
      13
      11
       4
       8
       6
       8
      13
       6
       8
       8
      11
      12
      14
      11
      15
      11
       7
      10
       3
       9
       7
       6
       8
      14
       6
       9
      11
       9
      13
      10
       8
      12
      12
       5
       6
       5
       7
       7
      14
       8
       8
       8
       7
      14
      10
       5
      10
       8
       7
      12
      18
      11
       9
      11
      12
       8
      11
      12
      11
       9
      13
      10
      13
      11
      13
       9
      10
      14
      10
      16
      11
      12
      13
      13
      11
       8
      10
      13
      13
       9
      11
       7
       9
      13
      11
      14
       8
       6
       9
      16
      10
       9
       8
      13
      14
      11
      12
       8
      12
       5
       9
       8
       8
       9
       7
      10
      13
       4
      13
      11
      15
      15
       9
      12
       8
       7
       9
       8
       9
       9
      11
       9
      12
       7
       7
      14
      12
      11
      14
       5
      11
       9
       7
       7
      10
      10
       7
      15
       5
       8
       5
      14
      11
       7
      12
       6
       9
       6
       8
      10
       4
       5
       7
       8
      11
      11
      11
      10
      10
       9
      12
      11
      11
      10
      11
       9
       8
      10
      13
      11
      16
       8
       7
      11
       8
      10
       4
       8
       4
      12
       9
      10
       7
      13
      11
      10
       9
       7
       5
      10
       7
       9
      10
       7
       9
       5
       8
       7
       7
       5
      11
       4
       2
       9
       4
       6
       5
       9
       8
      11
       9
      14
      12
       7
      12
       6
       6
       6
      12
      14
       4
       7
       8
       6
      15
       7
       5
       4
      10
       8
       7
       6
       8
       7
       9
       8
       7
       8
       8
       9
      11
      10
       9
       6
       7
      12
       7
      12
      10
       7
       8
      16
       7
      15
      10
      11
       8
       8
      11
       9
       9
      11
       9
      12
      15
       7
      10
       7
       7
       7
       5
      10
      12
       5
      11
      14
       4
      12
      13
       8
      10
       7
       7
       5
       9
       7
       7
      10
      10
       4
      10
       7
       6
       6
      12
       6
      13
       8
      10
       8
       6
      12
       8
       8
       8
       4
       6
       3
      14
       9
       9
       7
      12
      10
      11
       9
       5
      10
       8
      11
       6
      10
      12
      10
       5
      10
      11
       8
      13
       8
       9
       8
      10
       9
      10
       9
       4
      12
       6
       6
      12
       7
      10
      13
      14
       7
       8
       7
      10
      11
       9
       6
      10
       6
       8
       8
      10
      16
       6
       9
       7
       9
       6
       8
      10
       8
       7
       4
      10
      15
      12
      16
       9
       8
       8
       7
      10
       5
       7
       7
       5
       3
       5
       9
      11
      12
       8
      11
       9
       9
       5
      12
       7
       8
      10
       8
       5
       6
       4
       8
      11
      16
       5
      15
      11
       8
       5
       7
       8
       9
       8
      11
      10
       9
      11
      10
       2
      11
       5
      10
       9
      11
      12
       5
      11
       7
      14
       8
       6
      15
       6
       9
       9
      14
       5
      14
       9
      10
       8
       2
      10
       7
       5
       9
       4
       9
       4
       8
      13
       9
      12
      10
      12
       4
       4
      12
       8
       7
       7
      10
       5
       5
       8
       7
       6
       6
       9
       7
       7
       8
       7
       5
       9
       8
      13
       9
       8
       5
       8
       8
      10
       9
      15
       7
       8
      10
      12
      12
      12
      14
      15
      10
       6
      18
       9
       6
       6
      10
       9
       5
       5
      10
       8
      13
      16
       4
      11
       5
      10
       7
       4
      12
      13
       9
      12
      10
       8
       5
      13
       8
       6
       4
       6
       5
      13
       8
       7
      10
       9
       6
       9
       7
       9
       4
       7
       5
       6
       4
       9
       8
       9
       8
       6
       9
      15
       6
       6
      11
       7
       6
       8
      10
      12
      10
       9
       9
      10
       6
       8
      11
       7
      10
      11
       8
       3
      12
       6
       3
       8
       9
       7
       8
       4
       4
      12
       6
       8
       6
       7
       5
       7
      10
       6
       6
       4
       9
       9
       7
       7
       9
       2
       5
       8
      13
      11
       8
       5
       6
      15
      11
       2
       9
       8
       8
      11
       6
       6
       8
      10
      10
      12
       9
      13
       9
      11
       8
       9
       9
      14
       4
      12
       7
       9
      11
      10
      10
      12
       7
       9
       9
      11
       6
      13
       5
       6
       5
       3
       5
      12
      11
       6
       7
       8
       8
       7
       7
      12
      11
       7
       1
       3
      10
       5
      12
      12
      12
       4
      12
       7
      11
       5
       9
       5
      17
       9
      16
       8
       4
       3
       9
       5
       2
      12
       6
       5
       7
       8
       9
       3
       9
       9
      10
       8
       6
       8
       7
       7
       5
       6
      10
       9
       6
      10
      11
      11
       8
       5
      10
      10
       8
       7
       8
      11
       3
      11
       6
       7
       6
      14
      10
       8
      12
      10
       4
       3
       6
      11
      11
      12
       9
      10
       6
       2
       7
      11
      15
      12
       8
       7
       6
       7
      13
       8
       6
       4
       9
       5
       6
       9
       8
       7
       5
       7
       6
       7
      10
       7
       7
       8
       5
       6
       8
      12
      10
      10
       5
       7
       8
       7
       5
      11
       6
       7
      13
       9
       9
       8
      10
       7
       6
      11
       9
       8
       6
       6
       8
      10
      10
      11
       5
       4
       5
       8
       8
      10
       4
       8
      11
       7
       8
       5
       9
       6
      10
      12
       7
      12
       6
      13
       4
       8
      11
      13
       8
       6
       7
       7
       9
       9
      10
      11
       8
      11
      11
       6
       7
       9
       7
       5
       8
      16
       7
       7
       7
       5
       9
       4
       4
       9
       6
       5
       6
      12
       1
       5
      11
      10
       9
       8
       9
       5
       2
       8
      13
      10
       6
      12
       9
      14
       8
       9
       5
       8
      12
      12
       4
       6
      10
      10
      10
       6
       7
       5
      14
       8
       6
      14
       9
      15
      11
       7
      10
       6
       7
       3
       7
       8
      10
      12
       7
       4
       9
       8
       7
       8
       9
       9
      13
       5
       4
       8
       8
       6
       4
       8
       9
       3
      12
      12
       3
       6
       4
       8
      10
       8
       8
       5
       7
      14
      12
       5
       4
      10
       9
      10
      16
       7
      10
       7
       9
       8
       5
       4
       7
       7
       9
      14
       5
      10
       5
       8
       8
      10
       6
       7
      10
      12
      11
       6
       6
       6
      10
       7
       6
      14
       6
       5
       9
       6
      10
       7
       7
      13
       1
       8
       9
       9
       7
       4
       4
       8
       9
      11
       7
       4
       4
       9
      11
       3
       0
      11
       6
       6
       6
       4
      11
      13
       8
       7
       8
      10
       9
       8
      11
       6
       8
      11
       9
       9
       5
       8
      10
       9
       6
      10
       7
      11
       5
       7
       9
       7
       3
       7
       4
       8
       8
       4
       5
      11
       6
       9
       4
       9
       9
       8
      10
       7
       3
       7
       9
       9
      12
       8
       5
       7
       7
       5
       8
       7
       8
       8
      11
       6
       9
       5
       7
       8
       8
       2
       6
       6
      13
       8
       6
       6
       8
      11
       7
       9
       8
       8
      11
       3
       5
       3
       6
       8
       6
       5
       2
       7
       4
       4
       9
       9
       6
       9
       8
       5
       9
       2
       5
      10
       5
       7
       7
       7
       7
       9
       4
       5
       9
       3
       8
       8
       8
      10
       8
       7
       9
       2
      10
       7
       4
       4
       9
       8
       7
       5
       7
       4
       5
       8
       9
       6
       4
       8
       3
       7
       5
      12
       5
      13
      16
       3
       4
      13
       6
       9
       5
       5
       8
      10
       7
       5
      14
       7
      10
      12
       7
       5
       9
      11
      10
       6
      11
       4
       4
       6
       7
       7
       8
       8
      10
       8
       4
       6
      10
       8
       9
       2
       6
       4
       6
       5
       5
       6
       7
       7
       8
       9
       8
      13
       5
       5
       9
      10
       8
       4
      11
       6
       7
       7
       7
       7
      10
       7
      12
       7
       9
      11
       7
       9
       4
       7
       7
       4
      15
       7
       5
      10
      10
       3
       5
       7
      12
       3
      10
      11
       7
       4
       7
       4
       7
       6
       8
      10
       7
       6
       7
      11
       4
       4
       6
      10
       9
      11
      10
       9
       7
       8
       6
       7
      10
       5
       4
       5
       3
       5
       7
       5
       8
      11
       8
       6
       9
      11
       6
       9
       7
      10
       7
       8
       5
       9
       5
       9
      11
       6
      11
      14
      13
       8
       7
       7
       6
       6
      12
       8
       7
       6
       9
       7
       6
      10
       3
       4
      10
       4
       4
       7
       7
       7
       8
       4
       6
       6
       4
       8
       4
       8
      10
      10
       4
       9
      12
       5
       9
       9
       5
       4
      14
       6
       7
       6
       7
       6
       5
       4
       5
       8
       3
       7
      10
      12
      11
      12
      10
      10
       5
       8
       7
       8
       9
       8
       3
       3
       7
       8
       9
       8
       7
      10
      11
       3
       9
       7
       4
       8
       4
       5
       6
       3
       5
       7
       8
       4
       7
       4
       6
       6
       8
       8
       8
      12
       7
      13
       6
       4
      12
       9
       5
       7
       5
      13
       5
       8
      10
       9
       7
       7
       4
       5
       6
       8
       7
       6
       6
      10
      13
       4
       7
      13
       5
       7
       2
       8
      10
       6
       6
       8
       8
       8
       6
       7
       9
      12
      10
       7
       7
       5
       4
       6
       3
       6
       8
       4
      10
      10
       6
      10
      10
       9
       6
       6
       7
      10
       6
      12
      10
       8
       7
      12
       8
       8
       4
      10
       6
      13
       5
       5
      13
       7
       8
       4
       8
       4
      10
       8
       5
       7
       5
       2
       3
       5
       7
      11
       7
      11
      10
      10
       8
      10
       7
       7
       8
       8
       6
       8
       3
       7
       4
       5
       8
       6
       6
      10
       4
       6
       9
       5
       6
       8
       9
       7
       7
       6
       4
       4
       2
       8
       4
       5
       8
      10
       5
       3
       7
       8
       6
       7
       5
       9
       9
       8
      10
       9
       1
       6
       6
       7
       5
      14
       9
       4
      11
      10
       5
       7
      13
      10
      13
      11
       7
       5
       6
       6
       4
      11
       9
       7
       4
       8
       8
       3
       6
       8
      10
       6
       6
       9
       9
       2
       7
       6
       5
       8
       8
       7
       4
       4
       5
       2
       7
       8
       7
       1
      10
       3
       6
      10
       7
       5
       6
      15
       7
       9
       4
       9
       3
       8
       9
       3
       7
      10
       5
       5
      11
       8
       8
       7
       7
      11
       7
       6
       6
       6
       6
       6
       5
      10
       2
      12
       7
      11
       2
       5
       4
       3
      13
       6
       4
       6
       4
       6
       7
       6
       8
       2
      11
      10
      10
       7
       6
       5
       5
      11
       4
       3
       6
       7
       6
       8
       5
       9
       7
      12
       6
       8
       7
       5
       5
       6
       9
       6
       3
       6
       5
       8
       5
       0
       0
       0
       0
       0
       0
       0
       0
       0
       0
       0
       0
       0
       0
       0
       0
       0
       0
       0
       0
       0
       0
       0
       0
       0
       0
       0
       0
       0
       0
       0
       0
       0
       0
       0
       0
       0
       0
       0
       0
       0
       0
       0
       0
       0
       0
       0
       0
       0
       0
       0
       0
       0
       0
       0
       0
       0
       0
       0
       0
       0
       0
       0
       0
       0
       0
       0
       0
       0
       0
       0
       0
       0
       0
       0
       0
       0
       0
       0
       0
       0
       0
       0
       0
       0
       0
       0
       0
       0
       0
       0
       0
       0
       0
       0
       0
       0
       0
       0
       0
       0
       0
       0
       0
       0
       0
       0
       0
       0
       0
       0
       0
       0
       0
       0
       0
       0
       0
       0
       0
       0
       0
       0
       0
       0
       0
       0
       0
$ROI:
1
3000 3148
$PRESETS:
None
0
0
$ENER_FIT:
0.000000 0.019248
$MCA_CAL:
3
0.000000E+000 1.924814E-002 0.000000E+000 keV
$SHAPE_CAL:
3
5.089967E+001 0.000000E+000 0.000000E+000
